/*--------------------------------*- C++ -*----------------------------------*\
| =========                 |                                                 |
| \\      /  F ield         | OpenFOAM: The Open Source CFD Toolbox           |
|  \\    /   O peration     | Version:  v2012                                 |
|   \\  /    A nd           | Website:  www.openfoam.com                      |
|    \\/     M anipulation  |                                                 |
\*---------------------------------------------------------------------------*/
FoamFile
{
    version     2.0;
    format      ascii;
    class       volScalarField;
    location    "50/asphalt";
    object      T;
}
// * * * * * * * * * * * * * * * * * * * * * * * * * * * * * * * * * * * * * //

dimensions      [0 0 0 1 0 0 0];


internalField   nonuniform List<scalar> 
1980
(
312.211
311.633
310.902
310.354
310.051
309.889
309.785
309.706
309.641
309.588
309.541
309.492
309.434
309.363
309.28
309.196
309.122
309.065
309.025
308.996
308.971
308.943
308.913
308.884
308.857
308.833
308.803
308.768
308.723
308.666
308.608
308.552
308.507
308.475
308.453
308.438
308.423
308.411
308.402
308.395
308.389
308.384
308.382
308.385
308.402
308.432
308.473
308.517
308.55
308.559
308.538
308.493
308.441
308.399
308.378
308.379
308.391
308.406
308.493
308.541
308.548
308.546
308.473
308.436
308.444
308.471
308.52
308.6
308.712
308.836
308.947
309.021
309.049
309.04
309.016
309.001
309.011
309.05
309.109
309.178
309.249
309.32
309.394
309.484
309.615
309.851
310.292
310.986
311.799
312.608
312.307
311.736
311.018
310.482
310.189
310.035
309.939
309.865
309.803
309.749
309.697
309.641
309.576
309.502
309.423
309.348
309.285
309.237
309.203
309.175
309.148
309.117
309.085
309.054
309.027
309.003
308.972
308.934
308.887
308.831
308.776
308.726
308.686
308.657
308.636
308.621
308.605
308.592
308.583
308.575
308.565
308.556
308.552
308.56
308.59
308.636
308.688
308.729
308.745
308.728
308.683
308.626
308.575
308.545
308.539
308.549
308.565
308.583
308.672
308.726
308.74
308.744
308.679
308.648
308.657
308.681
308.719
308.783
308.878
308.995
309.111
309.203
309.254
309.264
309.25
309.234
309.236
309.264
309.317
309.383
309.453
309.524
309.596
309.682
309.808
310.036
310.466
311.15
311.953
312.748
312.441
311.883
311.184
310.666
310.389
310.248
310.16
310.093
310.033
309.977
309.92
309.859
309.791
309.718
309.646
309.58
309.527
309.486
309.454
309.425
309.393
309.358
309.323
309.29
309.262
309.235
309.203
309.164
309.117
309.063
309.012
308.969
308.934
308.908
308.888
308.873
308.855
308.843
308.834
308.825
308.814
308.805
308.804
308.819
308.86
308.916
308.97
309.003
309.001
308.962
308.901
308.838
308.794
308.775
308.78
308.795
308.813
308.832
308.916
308.971
308.991
309
308.948
308.924
308.936
308.96
308.991
309.041
309.118
309.219
309.331
309.43
309.499
309.529
309.529
309.518
309.516
309.535
309.579
309.64
309.709
309.778
309.849
309.931
310.049
310.266
310.682
311.349
312.136
312.913
312.617
312.079
311.408
310.918
310.664
310.541
310.466
310.405
310.348
310.291
310.232
310.168
310.101
310.034
309.97
309.914
309.867
309.83
309.797
309.764
309.728
309.688
309.649
309.614
309.583
309.554
309.521
309.481
309.435
309.385
309.34
309.301
309.27
309.246
309.226
309.209
309.193
309.18
309.172
309.163
309.153
309.146
309.152
309.176
309.225
309.284
309.333
309.352
309.331
309.277
309.208
309.148
309.113
309.105
309.116
309.133
309.151
309.17
309.243
309.295
309.317
309.331
309.295
309.28
309.295
309.32
309.348
309.389
309.449
309.531
309.63
309.728
309.806
309.853
309.87
309.868
309.867
309.881
309.917
309.972
310.037
310.104
310.173
310.249
310.358
310.56
310.955
311.598
312.362
313.113
312.839
312.33
311.701
311.253
311.035
310.937
310.877
310.824
310.771
310.715
310.657
310.596
310.535
310.475
310.42
310.371
310.33
310.294
310.26
310.223
310.182
310.138
310.096
310.059
310.026
309.995
309.962
309.922
309.879
309.834
309.793
309.758
309.73
309.706
309.685
309.669
309.653
309.641
309.632
309.623
309.616
309.615
309.63
309.664
309.717
309.772
309.808
309.809
309.773
309.71
309.642
309.59
309.565
309.565
309.578
309.595
309.611
309.629
309.688
309.734
309.757
309.774
309.754
309.748
309.766
309.792
309.82
309.855
309.903
309.968
310.05
310.139
310.219
310.278
310.31
310.321
310.325
310.338
310.368
310.416
310.476
310.541
310.606
310.676
310.772
310.952
311.317
311.924
312.656
313.375
313.12
312.654
312.088
311.706
311.539
311.473
311.43
311.387
311.34
311.29
311.237
311.183
311.13
311.079
311.033
310.991
310.953
310.917
310.881
310.842
310.798
310.753
310.709
310.671
310.637
310.606
310.574
310.538
310.498
310.459
310.423
310.39
310.363
310.339
310.319
310.303
310.288
310.277
310.268
310.26
310.257
310.263
310.287
310.327
310.379
310.424
310.443
310.427
310.378
310.313
310.253
310.212
310.197
310.201
310.214
310.228
310.243
310.26
310.304
310.341
310.364
310.382
310.377
310.38
310.4
310.427
310.456
310.49
310.53
310.581
310.646
310.721
310.797
310.861
310.905
310.929
310.943
310.958
310.985
311.028
311.082
311.142
311.203
311.265
311.346
311.497
311.816
312.369
313.05
313.729
313.488
313.087
312.624
312.339
312.238
312.208
312.184
312.152
312.115
312.073
312.03
311.985
311.942
311.901
311.862
311.826
311.791
311.757
311.721
311.681
311.637
311.592
311.55
311.512
311.48
311.451
311.421
311.39
311.356
311.322
311.289
311.259
311.233
311.21
311.19
311.175
311.162
311.151
311.142
311.136
311.137
311.151
311.181
311.225
311.271
311.302
311.303
311.271
311.216
311.154
311.104
311.076
311.069
311.074
311.084
311.096
311.108
311.124
311.154
311.183
311.205
311.223
311.23
311.241
311.261
311.288
311.319
311.352
311.388
311.43
311.481
311.542
311.608
311.671
311.722
311.758
311.782
311.803
311.83
311.868
311.918
311.973
312.029
312.084
312.148
312.261
312.516
312.986
313.586
314.208
313.979
313.68
313.37
313.213
313.184
313.187
313.181
313.164
313.139
313.11
313.079
313.046
313.014
312.982
312.951
312.921
312.891
312.86
312.827
312.789
312.748
312.706
312.667
312.633
312.604
312.578
312.552
312.526
312.497
312.468
312.438
312.41
312.384
312.362
312.343
312.328
312.317
312.307
312.299
312.296
312.302
312.322
312.356
312.398
312.434
312.449
312.434
312.392
312.336
312.282
312.245
312.227
312.224
312.229
312.237
312.245
312.256
312.271
312.29
312.311
312.33
312.348
312.363
312.379
312.4
312.426
312.457
312.49
312.525
312.562
312.602
312.649
312.704
312.761
312.813
312.857
312.89
312.919
312.949
312.986
313.031
313.08
313.132
313.182
313.232
313.308
313.483
313.834
314.306
314.836
314.581
314.423
314.3
314.272
314.302
314.33
314.341
314.34
314.332
314.318
314.3
314.28
314.26
314.239
314.217
314.195
314.172
314.148
314.121
314.09
314.056
314.02
313.986
313.957
313.933
313.911
313.89
313.867
313.842
313.816
313.789
313.762
313.737
313.716
313.698
313.684
313.673
313.664
313.658
313.658
313.669
313.693
313.727
313.763
313.787
313.787
313.762
313.716
313.664
313.621
313.595
313.585
313.585
313.589
313.594
313.601
313.61
313.624
313.635
313.65
313.667
313.684
313.704
313.722
313.742
313.766
313.796
313.829
313.863
313.897
313.93
313.967
314.009
314.058
314.107
314.154
314.194
314.229
314.264
314.301
314.343
314.389
314.436
314.483
314.525
314.575
314.676
314.889
315.19
315.587
315.148
315.129
315.16
315.218
315.28
315.323
315.349
315.365
315.372
315.373
315.369
315.362
315.354
315.343
315.332
315.319
315.306
315.291
315.273
315.252
315.226
315.198
315.171
315.147
315.127
315.109
315.091
315.072
315.049
315.025
314.999
314.973
314.949
314.929
314.912
314.898
314.888
314.88
314.877
314.88
314.895
314.921
314.953
314.981
314.992
314.981
314.949
314.905
314.861
314.829
314.811
314.806
314.807
314.809
314.813
314.819
314.828
314.84
314.848
314.859
314.875
314.89
314.911
314.931
314.949
314.97
314.997
315.028
315.06
315.091
315.118
315.146
315.178
315.216
315.259
315.304
315.347
315.387
315.424
315.463
315.503
315.545
315.588
315.632
315.673
315.714
315.77
315.871
316.014
316.274
315.463
315.508
315.597
315.682
315.754
315.807
315.845
315.872
315.89
315.9
315.905
315.907
315.905
315.901
315.896
315.889
315.881
315.872
315.86
315.844
315.823
315.799
315.776
315.755
315.737
315.72
315.703
315.684
315.662
315.637
315.611
315.585
315.561
315.54
315.523
315.509
315.499
315.493
315.492
315.499
315.514
315.536
315.558
315.572
315.571
315.551
315.519
315.484
315.454
315.434
315.424
315.421
315.42
315.422
315.425
315.431
315.44
315.452
315.459
315.47
315.484
315.497
315.517
315.535
315.55
315.568
315.591
315.618
315.646
315.672
315.694
315.714
315.735
315.762
315.795
315.833
315.874
315.915
315.956
315.996
316.036
316.075
316.115
316.155
316.196
316.237
316.279
316.328
316.396
316.569
314.498
314.009
313.302
312.743
312.445
312.31
312.245
312.208
312.184
312.17
312.158
312.141
312.111
312.063
312.003
311.941
311.89
311.859
311.846
311.843
311.841
311.834
311.82
311.802
311.784
311.765
311.741
311.709
311.667
311.612
311.554
311.499
311.454
311.422
311.4
311.385
311.367
311.352
311.342
311.334
311.328
311.322
311.317
311.317
311.333
311.36
311.396
311.432
311.457
311.456
311.427
311.377
311.321
311.278
311.257
311.257
311.268
311.282
311.339
311.37
311.374
311.37
311.323
311.298
311.299
311.313
311.346
311.408
311.5
311.603
311.693
311.746
311.753
311.724
311.681
311.65
311.644
311.667
311.71
311.762
311.814
311.865
311.921
311.997
312.128
312.387
312.883
313.641
314.474
315.292
314.606
314.126
313.435
312.891
312.605
312.48
312.424
312.393
312.372
312.357
312.34
312.315
312.278
312.227
312.17
312.117
312.078
312.056
312.048
312.046
312.042
312.032
312.015
311.997
311.979
311.96
311.935
311.902
311.857
311.802
311.747
311.698
311.659
311.631
311.611
311.595
311.577
311.564
311.554
311.545
311.534
311.523
311.517
311.521
311.548
311.59
311.637
311.672
311.679
311.653
311.6
311.537
311.483
311.451
311.444
311.452
311.467
311.483
311.544
311.581
311.591
311.593
311.551
311.53
311.533
311.545
311.568
311.615
311.69
311.786
311.883
311.955
311.986
311.977
311.945
311.912
311.897
311.91
311.946
311.995
312.046
312.097
312.151
312.223
312.346
312.596
313.079
313.823
314.645
315.445
314.758
314.294
313.625
313.103
312.836
312.727
312.681
312.657
312.639
312.622
312.6
312.569
312.529
312.48
312.429
312.386
312.356
312.34
312.334
312.33
312.322
312.308
312.289
312.269
312.25
312.23
312.204
312.168
312.123
312.071
312.021
311.978
311.945
311.919
311.899
311.883
311.866
311.853
311.844
311.834
311.822
311.81
311.806
311.818
311.855
311.906
311.955
311.982
311.971
311.923
311.854
311.785
311.736
311.716
311.718
311.732
311.747
311.764
311.822
311.863
311.878
311.885
311.852
311.835
311.842
311.854
311.871
311.904
311.961
312.042
312.133
312.214
312.264
312.276
312.259
312.23
312.211
312.215
312.243
312.287
312.337
312.387
312.438
312.504
312.618
312.853
313.319
314.043
314.847
315.624
314.953
314.513
313.877
313.388
313.15
313.063
313.032
313.015
313
312.982
312.957
312.925
312.885
312.841
312.799
312.765
312.741
312.729
312.722
312.714
312.702
312.683
312.661
312.639
312.618
312.597
312.569
312.533
312.489
312.441
312.397
312.359
312.33
312.306
312.285
312.269
312.253
312.241
312.232
312.222
312.21
312.201
312.203
312.224
312.269
312.323
312.366
312.378
312.349
312.285
312.208
312.141
312.101
312.091
312.099
312.114
312.129
312.145
312.197
312.236
312.255
312.266
312.243
312.233
312.242
312.256
312.27
312.293
312.333
312.395
312.473
312.552
312.613
312.643
312.644
312.625
312.608
312.605
312.625
312.663
312.71
312.758
312.806
312.866
312.967
313.183
313.623
314.319
315.095
315.844
315.194
314.787
314.199
313.761
313.566
313.509
313.496
313.489
313.479
313.462
313.438
313.408
313.374
313.338
313.304
313.278
313.259
313.248
313.239
313.229
313.212
313.19
313.166
313.142
313.12
313.096
313.068
313.033
312.992
312.95
312.91
312.877
312.849
312.826
312.806
312.789
312.775
312.764
312.754
312.744
312.735
312.732
312.743
312.774
312.823
312.874
312.904
312.897
312.851
312.778
312.702
312.644
312.614
312.611
312.621
312.635
312.648
312.664
312.706
312.741
312.761
312.774
312.763
312.76
312.771
312.786
312.801
312.819
312.846
312.89
312.951
313.02
313.083
313.126
313.143
313.139
313.127
313.124
313.138
313.169
313.211
313.256
313.301
313.353
313.438
313.627
314.029
314.683
315.422
316.134
315.495
315.134
314.62
314.26
314.126
314.108
314.115
314.119
314.115
314.104
314.085
314.062
314.036
314.01
313.985
313.965
313.951
313.94
313.931
313.918
313.899
313.876
313.851
313.827
313.804
313.78
313.753
313.721
313.685
313.648
313.614
313.584
313.557
313.535
313.515
313.5
313.487
313.476
313.467
313.458
313.452
313.457
313.478
313.518
313.566
313.607
313.62
313.594
313.536
313.461
313.392
313.346
313.327
313.327
313.337
313.348
313.36
313.375
313.407
313.436
313.455
313.47
313.469
313.472
313.485
313.502
313.518
313.534
313.554
313.584
313.627
313.682
313.74
313.788
313.818
313.828
313.827
313.827
313.838
313.864
313.901
313.942
313.983
314.025
314.091
314.243
314.589
315.18
315.862
316.53
315.889
315.598
315.199
314.952
314.898
314.921
314.949
314.965
314.971
314.968
314.959
314.946
314.931
314.914
314.898
314.885
314.874
314.866
314.857
314.844
314.826
314.804
314.78
314.757
314.736
314.714
314.691
314.663
314.632
314.602
314.571
314.543
314.518
314.496
314.478
314.464
314.452
314.442
314.433
314.426
314.426
314.439
314.469
314.512
314.556
314.582
314.576
314.536
314.47
314.4
314.343
314.31
314.299
314.301
314.308
314.317
314.327
314.341
314.363
314.385
314.404
314.419
314.427
314.436
314.449
314.465
314.483
314.5
314.517
314.537
314.565
314.604
314.652
314.699
314.736
314.759
314.769
314.776
314.788
314.81
314.842
314.879
314.915
314.949
314.994
315.101
315.369
315.862
316.455
317.062
316.411
316.225
315.994
315.894
315.922
315.982
316.028
316.059
316.078
316.088
316.092
316.091
316.088
316.082
316.074
316.067
316.062
316.057
316.052
316.042
316.027
316.009
315.989
315.97
315.952
315.933
315.914
315.891
315.866
315.84
315.813
315.786
315.763
315.742
315.725
315.711
315.701
315.692
315.684
315.68
315.686
315.706
315.741
315.783
315.817
315.828
315.806
315.755
315.69
315.628
315.585
315.563
315.558
315.56
315.565
315.571
315.58
315.592
315.606
315.623
315.639
315.654
315.668
315.681
315.694
315.71
315.727
315.745
315.761
315.775
315.793
315.818
315.853
315.894
315.933
315.964
315.985
315.999
316.015
316.036
316.064
316.096
316.129
316.158
316.187
316.248
316.423
316.779
317.232
317.742
317.031
316.986
316.954
316.995
317.086
317.171
317.233
317.279
317.314
317.34
317.359
317.371
317.38
317.385
317.387
317.388
317.39
317.393
317.394
317.391
317.383
317.371
317.356
317.342
317.329
317.315
317.3
317.282
317.261
317.238
317.213
317.188
317.166
317.146
317.13
317.118
317.108
317.1
317.095
317.095
317.106
317.131
317.167
317.203
317.225
317.221
317.188
317.134
317.074
317.025
316.994
316.981
316.978
316.979
316.982
316.987
316.995
317.007
317.015
317.027
317.042
317.056
317.073
317.087
317.1
317.114
317.131
317.149
317.164
317.176
317.187
317.202
317.224
317.256
317.292
317.326
317.354
317.376
317.397
317.419
317.444
317.473
317.502
317.529
317.551
317.583
317.672
317.874
318.146
318.519
317.575
317.662
317.785
317.912
318.033
318.13
318.206
318.268
318.318
318.358
318.39
318.415
318.434
318.449
318.46
318.47
318.481
318.493
318.504
318.51
318.51
318.505
318.497
318.488
318.479
318.47
318.459
318.445
318.427
318.405
318.382
318.358
318.337
318.318
318.303
318.291
318.283
318.276
318.273
318.278
318.294
318.321
318.354
318.383
318.393
318.377
318.338
318.285
318.235
318.197
318.176
318.168
318.166
318.167
318.169
318.173
318.18
318.192
318.197
318.207
318.22
318.233
318.251
318.265
318.276
318.289
318.304
318.32
318.335
318.345
318.351
318.357
318.369
318.39
318.42
318.453
318.485
318.513
318.537
318.561
318.585
318.61
318.635
318.661
318.684
318.708
318.747
318.83
318.943
319.18
317.831
317.974
318.146
318.295
318.423
318.528
318.614
318.686
318.745
318.794
318.833
318.864
318.888
318.908
318.923
318.938
318.954
318.971
318.987
318.998
319.003
319.002
318.997
318.991
318.984
318.976
318.966
318.952
318.934
318.912
318.888
318.864
318.842
318.823
318.808
318.795
318.787
318.782
318.782
318.79
318.807
318.83
318.853
318.866
318.861
318.836
318.799
318.757
318.722
318.698
318.685
318.679
318.676
318.675
318.677
318.682
318.69
318.701
318.707
318.716
318.728
318.739
318.754
318.766
318.775
318.785
318.797
318.81
318.821
318.828
318.829
318.828
318.83
318.84
318.86
318.887
318.919
318.95
318.979
319.006
319.031
319.054
319.076
319.099
319.123
319.148
319.174
319.206
319.25
319.402
)
;

boundaryField
{
    inlet
    {
        type            zeroGradient;
    }
    outlet
    {
        type            zeroGradient;
    }
    side
    {
        type            zeroGradient;
    }
    asphalt_to_soil1
    {
        type            compressible::turbulentTemperatureRadCoupledMixed;
        refValue        nonuniform List<scalar> 
990
(
310.335
309.713
308.987
308.454
308.147
307.962
307.829
307.717
307.621
307.536
307.46
307.387
307.309
307.221
307.124
307.025
306.934
306.856
306.794
306.742
306.696
306.651
306.608
306.569
306.535
306.507
306.474
306.438
306.394
306.34
306.285
306.233
306.194
306.163
306.141
306.126
306.112
306.1
306.089
306.08
306.072
306.066
306.063
306.066
306.081
306.111
306.154
306.201
306.24
306.256
306.243
306.208
306.163
306.127
306.111
306.114
306.127
306.144
306.249
306.308
306.318
306.316
306.227
306.183
306.196
306.231
306.29
306.381
306.502
306.638
306.761
306.851
306.898
306.909
306.905
306.907
306.932
306.983
307.054
307.137
307.222
307.308
307.397
307.499
307.633
307.853
308.25
308.883
309.658
310.439
310.42
309.806
309.089
308.567
308.268
308.091
307.964
307.857
307.763
307.678
307.599
307.519
307.434
307.344
307.251
307.161
307.08
307.012
306.955
306.905
306.856
306.809
306.764
306.724
306.69
306.661
306.627
306.588
306.542
306.488
306.437
306.39
306.352
306.324
306.303
306.288
306.271
306.258
306.247
306.236
306.224
306.215
306.211
306.219
306.248
306.293
306.346
306.39
306.413
306.404
306.369
306.322
306.28
306.255
306.252
306.265
306.283
306.303
306.41
306.474
306.491
306.494
306.416
306.378
306.391
306.423
306.471
306.546
306.651
306.779
306.907
307.013
307.08
307.109
307.113
307.114
307.131
307.172
307.237
307.316
307.4
307.486
307.573
307.672
307.802
308.015
308.403
309.027
309.794
310.564
310.539
309.935
309.234
308.727
308.442
308.275
308.155
308.054
307.963
307.877
307.793
307.709
307.622
307.533
307.446
307.365
307.294
307.233
307.178
307.127
307.075
307.024
306.976
306.934
306.898
306.867
306.832
306.791
306.745
306.693
306.646
306.605
306.572
306.546
306.527
306.51
306.492
306.478
306.467
306.456
306.443
306.433
306.432
306.448
306.488
306.543
306.598
306.635
306.64
306.612
306.562
306.51
306.474
306.461
306.469
306.487
306.507
306.529
306.627
306.691
306.712
306.722
306.659
306.63
306.646
306.677
306.718
306.779
306.867
306.98
307.103
307.216
307.299
307.345
307.362
307.367
307.38
307.413
307.47
307.544
307.626
307.711
307.797
307.891
308.015
308.22
308.596
309.206
309.959
310.714
310.695
310.108
309.431
308.948
308.683
308.531
308.422
308.327
308.238
308.151
308.066
307.98
307.894
307.811
307.732
307.66
307.596
307.539
307.484
307.43
307.374
307.318
307.266
307.221
307.183
307.15
307.113
307.072
307.027
306.979
306.936
306.9
306.87
306.846
306.826
306.809
306.79
306.776
306.765
306.753
306.742
306.735
306.74
306.764
306.813
306.871
306.921
306.946
306.934
306.892
306.836
306.787
306.76
306.757
306.771
306.791
306.812
306.833
306.918
306.977
307.001
307.015
306.971
306.952
306.971
307.003
307.041
307.092
307.165
307.261
307.372
307.483
307.575
307.637
307.668
307.681
307.694
307.723
307.772
307.84
307.919
308.001
308.084
308.175
308.291
308.483
308.842
309.432
310.166
310.899
310.897
310.336
309.695
309.248
309.013
308.882
308.785
308.697
308.612
308.528
308.443
308.361
308.281
308.205
308.135
308.071
308.012
307.955
307.899
307.841
307.781
307.722
307.667
307.619
307.579
307.544
307.507
307.467
307.424
307.381
307.342
307.308
307.28
307.257
307.236
307.218
307.201
307.186
307.175
307.164
307.155
307.154
307.167
307.199
307.251
307.306
307.345
307.354
307.328
307.278
307.223
307.182
307.164
307.169
307.186
307.205
307.225
307.245
307.313
307.364
307.39
307.407
307.381
307.373
307.395
307.428
307.466
307.512
307.573
307.653
307.749
307.852
307.946
308.017
308.062
308.086
308.104
308.13
308.174
308.236
308.309
308.388
308.469
308.554
308.66
308.835
309.168
309.728
310.432
311.138
311.157
310.634
310.05
309.66
309.467
309.363
309.282
309.203
309.124
309.044
308.966
308.889
308.817
308.751
308.689
308.63
308.575
308.519
308.461
308.4
308.337
308.276
308.219
308.171
308.13
308.094
308.059
308.021
307.982
307.944
307.909
307.878
307.851
307.827
307.806
307.789
307.772
307.758
307.746
307.736
307.731
307.735
307.756
307.795
307.845
307.891
307.914
307.906
307.869
307.817
307.768
307.738
307.729
307.738
307.754
307.772
307.789
307.809
307.86
307.901
307.926
307.945
307.936
307.938
307.962
307.996
308.034
308.079
308.133
308.2
308.281
308.372
308.461
308.537
308.593
308.629
308.654
308.682
308.722
308.778
308.846
308.92
308.997
309.075
309.168
309.319
309.615
310.129
310.788
311.457
311.499
311.037
310.544
310.237
310.101
310.028
309.964
309.896
309.826
309.756
309.686
309.619
309.556
309.498
309.443
309.39
309.337
309.283
309.224
309.163
309.099
309.037
308.981
308.934
308.894
308.86
308.827
308.794
308.76
308.727
308.695
308.666
308.64
308.616
308.596
308.579
308.563
308.549
308.537
308.529
308.527
308.538
308.565
308.605
308.649
308.681
308.688
308.666
308.622
308.573
308.533
308.513
308.512
308.521
308.536
308.55
308.566
308.583
308.619
308.651
308.673
308.693
308.697
308.709
308.734
308.767
308.806
308.851
308.901
308.959
309.028
309.105
309.186
309.262
309.323
309.369
309.404
309.436
309.476
309.527
309.589
309.659
309.73
309.802
309.881
310.001
310.243
310.685
311.273
311.888
311.959
311.593
311.237
311.042
310.969
310.927
310.88
310.826
310.769
310.71
310.652
310.596
310.543
310.494
310.446
310.398
310.349
310.298
310.242
310.182
310.121
310.062
310.009
309.964
309.928
309.896
309.868
309.839
309.81
309.78
309.751
309.724
309.699
309.676
309.656
309.639
309.624
309.611
309.6
309.594
309.596
309.612
309.641
309.679
309.714
309.731
309.722
309.69
309.646
309.603
309.574
309.563
309.566
309.575
309.586
309.598
309.612
309.628
309.651
309.674
309.694
309.712
309.727
309.744
309.769
309.801
309.841
309.885
309.934
309.987
310.045
310.111
310.181
310.251
310.315
310.367
310.41
310.449
310.491
310.54
310.598
310.661
310.728
310.794
310.86
310.949
311.124
311.462
311.934
312.466
312.534
312.303
312.12
312.042
312.024
312.007
311.978
311.94
311.898
311.854
311.808
311.765
311.723
311.684
311.645
311.605
311.563
311.518
311.468
311.415
311.36
311.308
311.26
311.221
311.188
311.16
311.136
311.111
311.085
311.058
311.031
311.005
310.98
310.958
310.939
310.923
310.909
310.896
310.887
310.883
310.889
310.908
310.937
310.969
310.992
310.995
310.976
310.941
310.9
310.866
310.847
310.843
310.848
310.856
310.864
310.874
310.886
310.9
310.914
310.931
310.948
310.965
310.985
311.006
311.03
311.06
311.098
311.142
311.189
311.239
311.291
311.346
311.406
311.468
311.528
311.583
311.632
311.677
311.722
311.771
311.825
311.885
311.947
312.009
312.068
312.132
312.243
312.459
312.773
313.179
313.101
313.009
312.975
312.98
312.994
312.995
312.982
312.961
312.935
312.906
312.875
312.844
312.815
312.787
312.759
312.729
312.697
312.66
312.62
312.576
312.53
312.485
312.445
312.411
312.382
312.358
312.336
312.313
312.289
312.264
312.238
312.213
312.189
312.168
312.149
312.133
312.119
312.108
312.101
312.1
312.109
312.129
312.156
312.18
312.192
312.184
312.159
312.124
312.089
312.065
312.055
312.055
312.06
312.066
312.074
312.082
312.093
312.106
312.115
312.128
312.143
312.159
312.181
312.202
312.224
312.252
312.286
312.327
312.372
312.418
312.463
312.51
312.559
312.611
312.665
312.718
312.769
312.817
312.864
312.913
312.966
313.022
313.079
313.137
313.194
313.249
313.318
313.431
313.595
313.867
313.452
313.429
313.458
313.492
313.52
313.532
313.531
313.523
313.509
313.49
313.469
313.448
313.428
313.408
313.387
313.363
313.337
313.307
313.272
313.234
313.193
313.153
313.116
313.085
313.058
313.036
313.014
312.992
312.969
312.943
312.917
312.892
312.868
312.846
312.827
312.811
312.798
312.788
312.783
312.784
312.794
312.811
312.829
312.841
312.841
312.826
312.8
312.772
312.749
312.736
312.732
312.734
312.738
312.743
312.75
312.758
312.769
312.782
312.79
312.801
312.815
312.83
312.85
312.87
312.89
312.913
312.943
312.979
313.018
313.059
313.099
313.138
313.176
313.217
313.261
313.308
313.355
313.403
313.452
313.501
313.552
313.605
313.658
313.712
313.767
313.821
313.875
313.939
314.025
314.214
)
;
        refGradient     uniform 0;
        valueFraction   nonuniform List<scalar> 
990
(
0.495766
0.495766
0.495766
0.495766
0.495766
0.495766
0.495766
0.495766
0.495766
0.495766
0.495766
0.495766
0.495766
0.495766
0.495766
0.495766
0.495766
0.495766
0.495766
0.495766
0.495766
0.495766
0.495766
0.495766
0.495766
0.495766
0.495766
0.495766
0.495766
0.495766
0.495766
0.495766
0.495766
0.495766
0.495766
0.495766
0.495766
0.495766
0.495766
0.495766
0.495766
0.495766
0.495766
0.495766
0.495766
0.495766
0.495766
0.495766
0.495766
0.495766
0.495766
0.495766
0.495766
0.495766
0.495766
0.495766
0.495766
0.495766
0.495766
0.495766
0.495766
0.495766
0.495766
0.495766
0.495766
0.495766
0.495766
0.495766
0.495766
0.495766
0.495766
0.495766
0.495766
0.495766
0.495766
0.495766
0.495766
0.495766
0.495766
0.495766
0.495766
0.495766
0.495766
0.495766
0.495766
0.495766
0.495766
0.495766
0.495766
0.495766
0.495766
0.495766
0.495766
0.495766
0.495766
0.495766
0.495766
0.495766
0.495766
0.495766
0.495766
0.495766
0.495766
0.495766
0.495766
0.495766
0.495766
0.495766
0.495766
0.495766
0.495766
0.495766
0.495766
0.495766
0.495766
0.495766
0.495766
0.495766
0.495766
0.495766
0.495766
0.495766
0.495766
0.495766
0.495766
0.495766
0.495766
0.495766
0.495766
0.495766
0.495766
0.495766
0.495766
0.495766
0.495766
0.495766
0.495766
0.495766
0.495766
0.495766
0.495766
0.495766
0.495766
0.495766
0.495766
0.495766
0.495766
0.495766
0.495766
0.495766
0.495766
0.495766
0.495766
0.495766
0.495766
0.495766
0.495766
0.495766
0.495766
0.495766
0.495766
0.495766
0.495766
0.495766
0.495766
0.495766
0.495766
0.495766
0.495766
0.495766
0.495766
0.495766
0.495766
0.495766
0.495766
0.495766
0.495766
0.495766
0.495766
0.495766
0.495766
0.495766
0.495766
0.495766
0.495766
0.495766
0.495766
0.495766
0.495766
0.495766
0.495766
0.495766
0.495766
0.495766
0.495766
0.495766
0.495766
0.495766
0.495766
0.495766
0.495766
0.495766
0.495766
0.495766
0.495766
0.495766
0.495766
0.495766
0.495766
0.495766
0.495766
0.495766
0.495766
0.495766
0.495766
0.495766
0.495766
0.495766
0.495766
0.495766
0.495766
0.495766
0.495766
0.495766
0.495766
0.495766
0.495766
0.495766
0.495766
0.495766
0.495766
0.495766
0.495766
0.495766
0.495766
0.495766
0.495766
0.495766
0.495766
0.495766
0.495766
0.495766
0.495766
0.495766
0.495766
0.495766
0.495766
0.495766
0.495766
0.495766
0.495766
0.495766
0.495766
0.495766
0.495766
0.495766
0.495766
0.495766
0.495766
0.495766
0.495766
0.495766
0.495766
0.495766
0.495766
0.495766
0.495766
0.495766
0.495766
0.495766
0.495766
0.495766
0.495766
0.495766
0.495766
0.495766
0.495766
0.495766
0.495766
0.495766
0.495766
0.495766
0.495766
0.495766
0.495766
0.495766
0.495766
0.495766
0.495766
0.495766
0.495766
0.495766
0.495766
0.495766
0.495766
0.495766
0.495766
0.495766
0.495766
0.495766
0.495766
0.495766
0.495766
0.495766
0.495766
0.495766
0.495766
0.495766
0.495766
0.495766
0.495766
0.495766
0.495766
0.495766
0.495766
0.495766
0.495766
0.495766
0.495766
0.495766
0.495766
0.495766
0.495766
0.495766
0.495766
0.495766
0.495766
0.495766
0.495766
0.495766
0.495766
0.495766
0.495766
0.495766
0.495766
0.495766
0.495766
0.495766
0.495766
0.495766
0.495766
0.495766
0.495766
0.495766
0.495766
0.495766
0.495766
0.495766
0.495766
0.495766
0.495766
0.495766
0.495766
0.495766
0.495766
0.495766
0.495766
0.495766
0.495766
0.495766
0.495766
0.495766
0.495766
0.495766
0.495766
0.495766
0.495766
0.495766
0.495766
0.495766
0.495766
0.495766
0.495766
0.495766
0.495766
0.495766
0.495766
0.495766
0.495766
0.495766
0.495766
0.495766
0.495766
0.495766
0.495766
0.495766
0.495766
0.495766
0.495766
0.495766
0.495766
0.495766
0.495766
0.495766
0.495766
0.495766
0.495766
0.495766
0.495766
0.495766
0.495766
0.495766
0.495766
0.495766
0.495766
0.495766
0.495766
0.495766
0.495766
0.495766
0.495766
0.495766
0.495766
0.495766
0.495766
0.495766
0.495766
0.495766
0.495766
0.495766
0.495766
0.495766
0.495766
0.495766
0.495766
0.495766
0.495766
0.495766
0.495766
0.495766
0.495766
0.495766
0.495766
0.495766
0.495766
0.495766
0.495766
0.495766
0.495766
0.495766
0.495766
0.495766
0.495766
0.495766
0.495766
0.495766
0.495766
0.495766
0.495766
0.495766
0.495766
0.495766
0.495766
0.495766
0.495766
0.495766
0.495766
0.495766
0.495766
0.495766
0.495766
0.495766
0.495766
0.495766
0.495766
0.495766
0.495766
0.495766
0.495766
0.495766
0.495766
0.495766
0.495766
0.495766
0.495766
0.495766
0.495766
0.495766
0.495766
0.495766
0.495766
0.495766
0.495766
0.495766
0.495766
0.495766
0.495766
0.495766
0.495766
0.495766
0.495766
0.495766
0.495766
0.495766
0.495766
0.495766
0.495766
0.495766
0.495766
0.495766
0.495766
0.495766
0.495766
0.495766
0.495766
0.495766
0.495766
0.495766
0.495766
0.495766
0.495766
0.495766
0.495766
0.495766
0.495766
0.495766
0.495766
0.495766
0.495766
0.495766
0.495766
0.495766
0.495766
0.495766
0.495766
0.495766
0.495766
0.495766
0.495766
0.495766
0.495766
0.495766
0.495766
0.495766
0.495766
0.495766
0.495766
0.495766
0.495766
0.495766
0.495766
0.495766
0.495766
0.495766
0.495766
0.495766
0.495766
0.495766
0.495766
0.495766
0.495766
0.495766
0.495766
0.495766
0.495766
0.495766
0.495766
0.495766
0.495766
0.495766
0.495766
0.495766
0.495766
0.495766
0.495766
0.495766
0.495766
0.495766
0.495766
0.495766
0.495766
0.495766
0.495766
0.495766
0.495766
0.495766
0.495766
0.495766
0.495766
0.495766
0.495766
0.495766
0.495766
0.495766
0.495766
0.495766
0.495766
0.495766
0.495766
0.495766
0.495766
0.495766
0.495766
0.495766
0.495766
0.495766
0.495766
0.495766
0.495766
0.495766
0.495766
0.495766
0.495766
0.495766
0.495766
0.495766
0.495766
0.495766
0.495766
0.495766
0.495766
0.495766
0.495766
0.495766
0.495766
0.495766
0.495766
0.495766
0.495766
0.495766
0.495766
0.495766
0.495766
0.495766
0.495766
0.495766
0.495766
0.495766
0.495766
0.495766
0.495766
0.495766
0.495766
0.495766
0.495766
0.495766
0.495766
0.495766
0.495766
0.495766
0.495766
0.495766
0.495766
0.495766
0.495766
0.495766
0.495766
0.495766
0.495766
0.495766
0.495766
0.495766
0.495766
0.495766
0.495766
0.495766
0.495766
0.495766
0.495766
0.495766
0.495766
0.495766
0.495766
0.495766
0.495766
0.495766
0.495766
0.495766
0.495766
0.495766
0.495766
0.495766
0.495766
0.495766
0.495766
0.495766
0.495766
0.495766
0.495766
0.495766
0.495766
0.495766
0.495766
0.495766
0.495766
0.495766
0.495766
0.495766
0.495766
0.495766
0.495766
0.495766
0.495766
0.495766
0.495766
0.495766
0.495766
0.495766
0.495766
0.495766
0.495766
0.495766
0.495766
0.495766
0.495766
0.495766
0.495766
0.495766
0.495766
0.495766
0.495766
0.495766
0.495766
0.495766
0.495766
0.495766
0.495766
0.495766
0.495766
0.495766
0.495766
0.495766
0.495766
0.495766
0.495766
0.495766
0.495766
0.495766
0.495766
0.495766
0.495766
0.495766
0.495766
0.495766
0.495766
0.495766
0.495766
0.495766
0.495766
0.495766
0.495766
0.495766
0.495766
0.495766
0.495766
0.495766
0.495766
0.495766
0.495766
0.495766
0.495766
0.495766
0.495766
0.495766
0.495766
0.495766
0.495766
0.495766
0.495766
0.495766
0.495766
0.495766
0.495766
0.495766
0.495766
0.495766
0.495766
0.495766
0.495766
0.495766
0.495766
0.495766
0.495766
0.495766
0.495766
0.495766
0.495766
0.495766
0.495766
0.495766
0.495766
0.495766
0.495766
0.495766
0.495766
0.495766
0.495766
0.495766
0.495766
0.495766
0.495766
0.495766
0.495766
0.495766
0.495766
0.495766
0.495766
0.495766
0.495766
0.495766
0.495766
0.495766
0.495766
0.495766
0.495766
0.495766
0.495766
0.495766
0.495766
0.495766
0.495766
0.495766
0.495766
0.495766
0.495766
0.495766
0.495766
0.495766
0.495766
0.495766
0.495766
0.495766
0.495766
0.495766
0.495766
0.495766
0.495766
0.495766
0.495766
0.495766
0.495766
0.495766
0.495766
0.495766
0.495766
0.495766
0.495766
0.495766
0.495766
0.495766
0.495766
0.495766
0.495766
0.495766
0.495766
0.495766
0.495766
0.495766
0.495766
0.495766
0.495766
0.495766
0.495766
0.495766
0.495766
0.495766
0.495766
0.495766
0.495766
0.495766
0.495766
0.495766
0.495766
0.495766
0.495766
0.495766
0.495766
0.495766
0.495766
0.495766
0.495766
0.495766
0.495766
0.495766
0.495766
0.495766
0.495766
0.495766
0.495766
0.495766
0.495766
0.495766
0.495766
0.495766
0.495766
0.495766
0.495766
0.495766
0.495766
0.495766
0.495766
0.495766
0.495766
0.495766
0.495766
0.495766
0.495766
0.495766
0.495766
0.495766
0.495766
0.495766
0.495766
0.495766
0.495766
0.495766
0.495766
0.495766
0.495766
0.495766
0.495766
0.495766
0.495766
0.495766
0.495766
0.495766
0.495766
0.495766
0.495766
0.495766
0.495766
0.495766
0.495766
0.495766
0.495766
0.495766
0.495766
0.495766
0.495766
0.495766
0.495766
0.495766
0.495766
0.495766
0.495766
0.495766
0.495766
0.495766
0.495766
0.495766
0.495766
0.495766
0.495766
0.495766
0.495766
0.495766
0.495766
0.495766
0.495766
0.495766
0.495766
0.495766
0.495766
0.495766
0.495766
0.495766
0.495766
0.495766
0.495766
0.495766
0.495766
0.495766
0.495766
0.495766
0.495766
0.495766
0.495766
0.495766
0.495766
0.495766
0.495766
0.495766
0.495766
0.495766
0.495766
0.495766
0.495766
0.495766
0.495766
0.495766
0.495766
0.495766
0.495766
0.495766
0.495766
0.495766
0.495766
0.495766
0.495766
0.495766
)
;
        value           nonuniform List<scalar> 
990
(
311.175
310.564
309.828
309.286
308.981
308.806
308.686
308.588
308.506
308.435
308.371
308.309
308.239
308.157
308.066
307.973
307.888
307.82
307.768
307.727
307.69
307.653
307.616
307.581
307.551
307.524
307.492
307.456
307.411
307.354
307.296
307.241
307.199
307.167
307.145
307.13
307.116
307.105
307.095
307.088
307.081
307.077
307.075
307.078
307.095
307.126
307.169
307.216
307.252
307.265
307.248
307.207
307.158
307.117
307.098
307.099
307.112
307.127
307.226
307.281
307.29
307.288
307.204
307.163
307.173
307.206
307.261
307.349
307.468
307.6
307.72
307.803
307.84
307.841
307.827
307.821
307.838
307.884
307.95
308.027
308.107
308.186
308.268
308.364
308.497
308.722
309.138
309.801
310.6
311.402
311.266
310.661
309.936
309.405
309.109
308.943
308.829
308.736
308.656
308.585
308.517
308.447
308.371
308.287
308.199
308.114
308.041
307.982
307.936
307.896
307.857
307.817
307.778
307.742
307.711
307.684
307.651
307.612
307.565
307.509
307.454
307.405
307.365
307.336
307.316
307.301
307.284
307.272
307.262
307.253
307.244
307.235
307.232
307.241
307.271
307.318
307.371
307.415
307.435
307.422
307.381
307.328
307.28
307.252
307.247
307.258
307.275
307.294
307.395
307.456
307.471
307.475
307.401
307.366
307.378
307.406
307.451
307.522
307.624
307.749
307.873
307.973
308.033
308.053
308.048
308.04
308.05
308.086
308.145
308.218
308.297
308.376
308.457
308.55
308.677
308.896
309.302
309.956
310.745
311.535
311.392
310.799
310.091
309.576
309.295
309.14
309.034
308.947
308.869
308.796
308.724
308.649
308.57
308.487
308.406
308.331
308.267
308.215
308.171
308.13
308.087
308.043
308.001
307.962
307.93
307.901
307.867
307.826
307.778
307.725
307.675
307.631
307.597
307.571
307.551
307.535
307.518
307.505
307.496
307.487
307.476
307.467
307.466
307.483
307.524
307.581
307.637
307.672
307.674
307.64
307.584
307.525
307.484
307.468
307.473
307.49
307.509
307.529
307.623
307.684
307.705
307.715
307.656
307.628
307.643
307.671
307.709
307.766
307.85
307.96
308.079
308.187
308.263
308.302
308.311
308.308
308.313
308.34
308.392
308.46
308.537
308.615
308.694
308.783
308.904
309.113
309.506
310.145
310.92
311.692
311.558
310.984
310.301
309.812
309.552
309.413
309.319
309.238
309.163
309.089
309.014
308.938
308.86
308.782
308.709
308.643
308.587
308.539
308.494
308.449
308.402
308.353
308.307
308.266
308.231
308.199
308.163
308.122
308.075
308.026
307.981
307.942
307.912
307.887
307.867
307.85
307.833
307.82
307.811
307.802
307.792
307.786
307.792
307.817
307.867
307.927
307.978
308
307.984
307.935
307.871
307.816
307.784
307.778
307.79
307.809
307.828
307.848
307.929
307.986
308.01
308.025
307.983
307.965
307.983
308.012
308.047
308.094
308.162
308.253
308.36
308.466
308.553
308.608
308.632
308.638
308.644
308.666
308.709
308.771
308.844
308.92
308.997
309.082
309.194
309.389
309.764
310.381
311.135
311.884
311.77
311.223
310.58
310.129
309.901
309.785
309.704
309.631
309.56
309.487
309.414
309.34
309.267
309.198
309.133
309.075
309.024
308.977
308.931
308.882
308.83
308.777
308.728
308.684
308.647
308.613
308.577
308.537
308.493
308.448
308.407
308.372
308.344
308.319
308.299
308.282
308.265
308.253
308.243
308.234
308.227
308.227
308.242
308.276
308.33
308.386
308.424
308.429
308.398
308.341
308.278
308.231
308.209
308.21
308.225
308.243
308.261
308.281
308.346
308.396
308.421
308.438
308.414
308.407
308.428
308.458
308.492
308.534
308.59
308.664
308.755
308.852
308.941
309.007
309.045
309.063
309.075
309.095
309.132
309.188
309.256
309.329
309.403
309.482
309.583
309.759
310.106
310.691
311.414
312.133
312.04
311.534
310.951
310.561
310.379
310.292
310.227
310.163
310.098
310.03
309.962
309.895
309.831
309.77
309.714
309.663
309.615
309.568
309.52
309.468
309.414
309.359
309.307
309.263
309.225
309.191
309.156
309.119
309.079
309.039
309.002
308.97
308.942
308.918
308.898
308.881
308.866
308.854
308.844
308.836
308.832
308.839
308.862
308.903
308.955
309.001
309.023
309.011
308.968
308.908
308.853
308.816
308.804
308.81
308.824
308.84
308.856
308.874
308.923
308.963
308.988
309.007
308.999
309.003
309.025
309.056
309.091
309.132
309.18
309.241
309.315
309.4
309.483
309.554
309.605
309.635
309.655
309.677
309.712
309.761
309.824
309.892
309.962
310.033
310.121
310.271
310.577
311.112
311.787
312.468
312.395
311.952
311.465
311.165
311.044
310.99
310.943
310.891
310.834
310.776
310.717
310.659
310.604
310.553
310.504
310.458
310.413
310.367
310.319
310.267
310.212
310.157
310.106
310.063
310.026
309.993
309.962
309.929
309.894
309.859
309.826
309.796
309.769
309.746
309.726
309.71
309.696
309.684
309.674
309.668
309.669
309.682
309.712
309.755
309.801
309.833
309.837
309.81
309.76
309.703
309.658
309.633
309.628
309.635
309.647
309.66
309.674
309.691
309.725
309.755
309.778
309.798
309.804
309.815
309.839
309.87
309.906
309.946
309.99
310.042
310.103
310.173
310.248
310.318
310.375
310.416
310.446
310.474
310.508
310.553
310.61
310.673
310.738
310.802
310.875
310.991
311.239
311.697
312.296
312.921
312.871
312.527
312.185
312.005
311.951
311.929
311.9
311.862
311.818
311.772
311.725
311.678
311.634
311.591
311.55
311.51
311.469
311.427
311.381
311.331
311.278
311.226
311.179
311.138
311.104
311.075
311.047
311.019
310.989
310.959
310.929
310.901
310.875
310.852
310.833
310.817
310.804
310.793
310.785
310.781
310.786
310.805
310.838
310.879
310.915
310.931
310.92
310.882
310.831
310.782
310.748
310.733
310.733
310.739
310.749
310.759
310.771
310.786
310.808
310.83
310.85
310.869
310.884
310.902
310.925
310.955
310.991
311.032
311.075
311.121
311.171
311.229
311.292
311.356
311.415
311.464
311.503
311.537
311.574
311.618
311.67
311.728
311.788
311.847
311.906
311.988
312.164
312.51
312.987
313.524
313.462
313.258
313.097
313.04
313.043
313.046
313.034
313.012
312.985
312.953
312.919
312.886
312.853
312.821
312.789
312.756
312.723
312.687
312.647
312.604
312.557
312.512
312.47
312.434
312.405
312.38
312.356
312.332
312.306
312.279
312.251
312.223
312.198
312.176
312.158
312.143
312.131
312.121
312.114
312.113
312.122
312.145
312.177
312.212
312.236
312.239
312.216
312.175
312.128
312.089
312.066
312.058
312.06
312.065
312.072
312.08
312.091
312.105
312.117
312.134
312.151
312.169
312.189
312.209
312.232
312.26
312.295
312.335
312.377
312.42
312.463
312.51
312.562
312.618
312.674
312.725
312.771
312.811
312.852
312.896
312.945
312.999
313.055
313.109
313.161
313.219
313.326
313.541
313.853
314.258
314.035
313.971
313.964
313.992
314.027
314.046
314.051
314.046
314.034
314.017
313.998
313.977
313.957
313.936
313.915
313.892
313.868
313.841
313.811
313.776
313.739
313.701
313.666
313.636
313.611
313.589
313.569
313.547
313.524
313.498
313.472
313.445
313.421
313.4
313.382
313.367
313.356
313.347
313.342
313.345
313.357
313.381
313.411
313.439
313.451
313.442
313.413
313.373
313.333
313.304
313.29
313.286
313.289
313.293
313.298
313.305
313.315
313.328
313.336
313.348
313.364
313.38
313.402
313.423
313.444
313.469
313.501
313.538
313.578
313.617
313.655
313.693
313.734
313.78
313.829
313.879
313.926
313.971
314.014
314.059
314.106
314.156
314.207
314.259
314.309
314.358
314.421
314.529
314.684
314.953
314.373
314.377
314.431
314.487
314.535
314.565
314.581
314.588
314.587
314.581
314.571
314.56
314.547
314.533
314.519
314.502
314.484
314.463
314.439
314.41
314.378
314.345
314.313
314.286
314.263
314.243
314.223
314.202
314.179
314.153
314.126
314.099
314.075
314.053
314.035
314.021
314.009
314.002
314
314.005
314.019
314.039
314.06
314.074
314.073
314.056
314.027
313.995
313.968
313.951
313.943
313.942
313.944
313.946
313.951
313.958
313.968
313.98
313.988
313.998
314.013
314.028
314.049
314.068
314.086
314.108
314.135
314.168
314.203
314.237
314.269
314.299
314.329
314.363
314.402
314.445
314.49
314.536
314.581
314.627
314.673
314.72
314.768
314.815
314.864
314.912
314.961
315.018
315.096
315.278
)
;
        Tnbr            T;
        qrNbr           none;
        qr              none;
        thermalInertia  false;
        thicknessLayers List<scalar> 0();
        kappaLayers     List<scalar> 0();
        kappaMethod     solidThermo;
        kappa           none;
        alphaAni        none;
        alpha           none;
    }
    asphalt_to_air
    {
        type            compressible::turbulentTemperatureRadCoupledMixed;
        refValue        nonuniform List<scalar> 
990
(
310.084
310.149
310.192
310.22
310.239
310.254
310.266
310.275
310.282
310.286
310.288
310.286
310.282
310.273
310.26
310.244
310.224
310.201
310.175
310.147
310.117
310.085
310.051
310.015
309.977
309.937
309.895
309.852
309.807
309.761
309.713
309.663
309.613
309.562
309.511
309.46
309.41
309.36
309.311
309.264
309.217
309.172
309.129
309.087
309.047
309.01
308.975
308.942
308.911
308.882
308.855
308.829
308.804
308.781
308.759
308.74
308.723
308.708
308.696
308.685
308.676
308.668
308.662
308.655
308.65
308.646
308.643
308.641
308.641
308.643
308.646
308.65
308.654
308.658
308.662
308.666
308.67
308.676
308.682
308.689
308.697
308.705
308.714
308.724
308.736
308.75
308.771
308.8
308.839
308.887
310.086
310.152
310.197
310.227
310.248
310.264
310.278
310.289
310.297
310.302
310.305
310.304
310.3
310.292
310.28
310.264
310.245
310.223
310.198
310.171
310.142
310.111
310.077
310.042
310.004
309.965
309.924
309.881
309.837
309.791
309.743
309.695
309.645
309.595
309.545
309.495
309.445
309.397
309.349
309.302
309.256
309.212
309.169
309.128
309.089
309.052
309.018
308.987
308.957
308.928
308.901
308.875
308.85
308.827
308.806
308.787
308.77
308.755
308.743
308.733
308.725
308.718
308.712
308.707
308.702
308.699
308.696
308.695
308.695
308.696
308.699
308.704
308.709
308.714
308.719
308.723
308.729
308.734
308.741
308.748
308.756
308.764
308.774
308.783
308.794
308.808
308.828
308.856
308.894
308.94
310.088
310.158
310.205
310.237
310.261
310.28
310.296
310.308
310.318
310.325
310.329
310.33
310.327
310.32
310.309
310.294
310.276
310.256
310.232
310.207
310.179
310.148
310.115
310.08
310.043
310.005
309.964
309.922
309.878
309.833
309.786
309.738
309.689
309.64
309.591
309.542
309.493
309.445
309.399
309.353
309.308
309.265
309.223
309.183
309.145
309.11
309.077
309.046
309.017
308.989
308.962
308.936
308.912
308.889
308.868
308.85
308.833
308.819
308.808
308.798
308.79
308.784
308.779
308.774
308.77
308.767
308.765
308.764
308.765
308.766
308.769
308.773
308.779
308.784
308.79
308.795
308.801
308.807
308.813
308.821
308.829
308.837
308.846
308.856
308.866
308.879
308.898
308.925
308.961
309.006
310.092
310.165
310.215
310.251
310.278
310.301
310.32
310.336
310.348
310.358
310.364
310.367
310.366
310.36
310.351
310.339
310.322
310.303
310.282
310.257
310.231
310.201
310.169
310.135
310.098
310.06
310.021
309.979
309.936
309.891
309.845
309.798
309.75
309.702
309.654
309.606
309.559
309.512
309.466
309.422
309.378
309.336
309.295
309.256
309.22
309.186
309.154
309.125
309.096
309.069
309.042
309.017
308.992
308.97
308.95
308.932
308.916
308.903
308.892
308.882
308.875
308.869
308.864
308.86
308.857
308.855
308.853
308.853
308.853
308.854
308.857
308.861
308.866
308.871
308.877
308.883
308.889
308.896
308.903
308.91
308.918
308.926
308.935
308.945
308.955
308.967
308.985
309.011
309.045
309.088
310.096
310.173
310.228
310.268
310.301
310.328
310.352
310.372
310.388
310.402
310.411
310.417
310.419
310.416
310.41
310.4
310.386
310.37
310.35
310.328
310.303
310.275
310.244
310.211
310.175
310.138
310.099
310.059
310.017
309.973
309.928
309.882
309.836
309.789
309.742
309.696
309.65
309.604
309.56
309.516
309.474
309.433
309.394
309.357
309.322
309.29
309.259
309.23
309.203
309.176
309.149
309.124
309.101
309.079
309.06
309.043
309.028
309.015
309.004
308.995
308.988
308.983
308.978
308.974
308.972
308.97
308.969
308.969
308.969
308.97
308.972
308.976
308.98
308.986
308.992
308.998
309.004
309.011
309.018
309.025
309.033
309.042
309.05
309.059
309.069
309.081
309.097
309.121
309.154
309.193
310.101
310.183
310.244
310.291
310.329
310.363
310.393
310.419
310.441
310.459
310.474
310.484
310.49
310.492
310.489
310.483
310.473
310.46
310.443
310.424
310.401
310.375
310.346
310.315
310.281
310.246
310.208
310.169
310.129
310.087
310.043
309.999
309.955
309.91
309.864
309.82
309.775
309.732
309.689
309.647
309.607
309.568
309.531
309.495
309.462
309.432
309.402
309.375
309.348
309.321
309.296
309.272
309.25
309.229
309.211
309.195
309.18
309.168
309.158
309.149
309.142
309.137
309.133
309.129
309.127
309.126
309.125
309.125
309.125
309.127
309.129
309.132
309.135
309.14
309.146
309.152
309.158
309.165
309.172
309.18
309.187
309.196
309.204
309.213
309.222
309.233
309.248
309.269
309.298
309.334
310.107
310.196
310.265
310.321
310.369
310.411
310.449
310.483
310.512
310.537
310.558
310.574
310.586
310.594
310.597
310.596
310.591
310.582
310.57
310.554
310.535
310.512
310.486
310.457
310.426
310.393
310.358
310.322
310.283
310.244
310.203
310.161
310.119
310.076
310.033
309.991
309.949
309.908
309.867
309.828
309.79
309.753
309.718
309.686
309.655
309.626
309.598
309.572
309.546
309.521
309.497
309.474
309.453
309.434
309.417
309.402
309.389
309.377
309.367
309.359
309.353
309.348
309.344
309.341
309.339
309.338
309.337
309.337
309.338
309.339
309.341
309.343
309.347
309.351
309.356
309.362
309.368
309.375
309.381
309.389
309.397
309.405
309.413
309.421
309.43
309.439
309.452
309.47
309.495
309.525
310.116
310.214
310.294
310.362
310.422
310.476
310.524
310.567
310.606
310.64
310.669
310.693
310.713
310.728
310.738
310.744
310.746
310.743
310.737
310.727
310.712
310.694
310.673
310.648
310.62
310.591
310.559
310.526
310.491
310.454
310.417
310.378
310.339
310.3
310.26
310.221
310.182
310.144
310.107
310.07
310.035
310.002
309.97
309.941
309.913
309.886
309.861
309.836
309.812
309.788
309.766
309.745
309.726
309.709
309.693
309.679
309.667
309.657
309.648
309.641
309.635
309.631
309.628
309.626
309.624
309.623
309.623
309.624
309.625
309.626
309.627
309.63
309.632
309.636
309.641
309.646
309.652
309.658
309.665
309.672
309.68
309.688
309.695
309.703
309.711
309.72
309.73
309.744
309.763
309.786
310.126
310.236
310.329
310.411
310.484
310.551
310.611
310.666
310.715
310.759
310.798
310.832
310.86
310.884
310.903
310.917
310.927
310.932
310.933
310.93
310.923
310.911
310.895
310.876
310.854
310.829
310.802
310.773
310.743
310.711
310.678
310.644
310.609
310.574
310.539
310.504
310.469
310.435
310.402
310.37
310.34
310.311
310.283
310.257
310.233
310.209
310.187
310.165
310.143
310.122
310.103
310.084
310.067
310.052
310.039
310.026
310.016
310.007
309.999
309.993
309.988
309.984
309.982
309.981
309.98
309.98
309.98
309.981
309.983
309.985
309.987
309.989
309.991
309.995
309.999
310.004
310.009
310.016
310.022
310.029
310.036
310.044
310.051
310.059
310.066
310.073
310.082
310.092
310.105
310.12
310.135
310.255
310.36
310.453
310.538
310.614
310.684
310.748
310.806
310.859
310.906
310.949
310.986
311.019
311.046
311.068
311.086
311.099
311.108
311.112
311.113
311.109
311.101
311.089
311.073
311.055
311.034
311.011
310.987
310.96
310.933
310.904
310.875
310.845
310.815
310.786
310.756
310.728
310.7
310.674
310.648
310.624
310.601
310.58
310.56
310.541
310.522
310.503
310.485
310.467
310.45
310.435
310.421
310.408
310.396
310.386
310.377
310.369
310.363
310.358
310.354
310.351
310.35
310.349
310.349
310.35
310.351
310.353
310.355
310.357
310.359
310.361
310.364
310.367
310.371
310.375
310.381
310.386
310.393
310.399
310.406
310.413
310.42
310.427
310.434
310.44
310.447
310.454
310.462
310.471
310.138
310.264
310.373
310.471
310.559
310.64
310.714
310.782
310.844
310.901
310.952
310.999
311.041
311.078
311.11
311.138
311.161
311.179
311.194
311.204
311.21
311.212
311.209
311.203
311.192
311.179
311.163
311.145
311.125
311.103
311.08
311.056
311.031
311.006
310.98
310.955
310.931
310.907
310.884
310.862
310.841
310.822
310.804
310.786
310.769
310.753
310.737
310.721
310.706
310.691
310.677
310.664
310.652
310.64
310.63
310.621
310.614
310.607
310.601
310.597
310.593
310.59
310.588
310.587
310.586
310.586
310.586
310.587
310.588
310.589
310.59
310.591
310.592
310.594
310.596
310.6
310.604
310.608
310.614
310.62
310.626
310.632
310.638
310.643
310.649
310.654
310.659
310.664
310.669
310.674
)
;
        refGradient     nonuniform List<scalar> 
990
(
55.4428
53.0995
49.4848
46.1892
44.2784
43.4801
43.2404
43.2272
43.3084
43.4305
43.5606
43.6747
43.7599
43.8175
43.8597
43.9032
43.9619
44.0428
44.1452
44.2615
44.3796
44.4881
44.5783
44.6507
44.7147
44.7795
44.8786
44.983
45.0852
45.1968
45.2978
45.4136
45.5355
45.6431
45.7155
45.7468
45.7325
45.6958
45.6555
45.6116
45.5672
45.5288
45.505
45.5016
45.5426
45.6017
45.6608
45.7063
45.7289
45.7352
45.7456
45.7832
45.8625
45.9829
46.1282
46.2737
46.3981
46.5035
46.3052
46.2073
46.2103
46.2058
46.4601
46.5789
46.5321
46.4231
46.2909
46.1673
46.0858
46.057
46.0592
46.0492
45.9855
45.8519
45.6681
45.4757
45.3111
45.186
45.0874
44.9944
44.8995
44.8195
44.7999
44.9355
45.4302
46.6519
48.9129
51.7537
53.9483
56.0089
56.1049
53.803
50.2777
47.0523
45.1909
44.4307
44.2177
44.2177
44.2989
44.4098
44.5216
44.6155
44.685
44.7355
44.7798
44.8301
44.8945
44.976
45.074
45.1849
45.3005
45.4105
45.5068
45.5872
45.6588
45.7287
45.8231
45.9191
46.0119
46.1145
46.2135
46.3285
46.4502
46.5518
46.6152
46.6382
46.6464
46.6267
46.5879
46.5369
46.477
46.417
46.3724
46.3624
46.3866
46.4539
46.5397
46.6044
46.6271
46.6175
46.6083
46.6353
46.7177
46.8479
46.9983
47.1385
47.2503
47.3412
47.1443
47.0408
47.0349
47.0194
47.2472
47.354
47.3081
47.2012
47.0629
46.9221
46.8215
46.7871
46.8069
46.8344
46.8134
46.7099
46.531
46.3182
46.1205
45.9658
45.8508
45.7542
45.6604
45.5747
45.5358
45.6366
46.0813
47.239
49.4227
52.1874
54.3207
56.288
56.9299
54.6913
51.2858
48.1628
46.3826
45.6839
45.5077
45.5195
45.5932
45.6849
45.7727
45.8448
45.8999
45.9455
45.9919
46.0462
46.1113
46.1886
46.2796
46.3843
46.4982
46.6113
46.7144
46.8037
46.8829
46.9571
47.045
47.1326
47.2198
47.3196
47.4232
47.5402
47.6584
47.7528
47.8095
47.8277
47.8471
47.8358
47.7947
47.7348
47.6619
47.5882
47.5355
47.5302
47.5555
47.6326
47.7305
47.7964
47.8066
47.7771
47.7508
47.7713
47.8574
47.9942
48.1454
48.2785
48.3801
48.4617
48.2885
48.1919
48.1807
48.1584
48.3476
48.434
48.3878
48.2863
48.1481
47.9943
47.8697
47.8143
47.8319
47.8827
47.9031
47.8418
47.6876
47.4739
47.2545
47.0709
46.9335
46.8272
46.7309
46.6394
46.5807
46.6393
47.0172
48.0854
50.16
52.815
54.8597
56.7153
57.9148
55.7685
52.5252
49.5605
47.9157
47.3132
47.1858
47.2076
47.2678
47.3354
47.3975
47.4487
47.4913
47.5326
47.5787
47.6319
47.692
47.7609
47.8431
47.9417
48.0543
48.171
48.281
48.3789
48.4652
48.5432
48.6259
48.7094
48.7976
48.9017
49.0151
49.1369
49.2524
49.3415
49.3947
49.4118
49.4341
49.4235
49.3765
49.3063
49.2235
49.1455
49.0984
49.1086
49.1471
49.2303
49.3226
49.3707
49.3583
49.311
49.278
49.3024
49.397
49.5384
49.6867
49.8124
49.9072
49.9835
49.8498
49.7701
49.7579
49.7334
49.8772
49.9386
49.8915
49.7974
49.6657
49.5072
49.3621
49.2783
49.2764
49.3311
49.3812
49.3637
49.2494
49.0562
48.8337
48.6315
48.474
48.3551
48.2542
48.1582
48.0806
48.0913
48.3843
49.3298
51.2534
53.7576
55.681
57.4114
59.1266
57.0992
54.0806
51.3671
49.9365
49.4678
49.3941
49.4179
49.4563
49.4951
49.5304
49.5614
49.5915
49.6257
49.6664
49.7122
49.7619
49.8187
49.8901
49.9816
50.0913
50.2097
50.3245
50.428
50.5188
50.5991
50.6784
50.7615
50.8553
50.9673
51.0913
51.2176
51.3307
51.4162
51.4684
51.4867
51.506
51.4905
51.4349
51.3546
51.2663
51.1933
51.1627
51.1942
51.2495
51.3308
51.4011
51.4178
51.3794
51.3227
51.2976
51.339
51.4474
51.5925
51.7362
51.8557
51.9472
52.0214
51.9344
51.8776
51.8675
51.8442
51.9412
51.9764
51.9276
51.8408
51.7191
51.5644
51.4076
51.2967
51.265
51.3048
51.3661
51.3837
51.3138
51.1563
50.9499
50.7451
50.5751
50.445
50.3399
50.2412
50.1469
50.1073
50.2949
51.0713
52.7811
55.0767
56.8387
58.4361
60.7117
58.8228
56.134
53.8123
52.6839
52.3667
52.329
52.3336
52.3362
52.339
52.3441
52.3522
52.3659
52.3873
52.4151
52.4462
52.4796
52.52
52.5769
52.6575
52.7604
52.8756
52.99
53.0936
53.1835
53.2625
53.3381
53.4216
53.5209
53.6389
53.769
53.8959
54.0052
54.0872
54.1389
54.1585
54.1702
54.1457
54.0803
53.9921
53.9038
53.8429
53.8336
53.8848
53.9514
54.0197
54.0563
54.0366
53.9775
53.924
53.9211
53.9888
54.1138
54.2617
54.4007
54.5158
54.6069
54.681
54.6398
54.6072
54.6004
54.5794
54.6332
54.6433
54.5919
54.5104
54.3986
54.2532
54.0944
53.964
53.901
53.9132
53.9668
54.0027
53.97
53.8536
53.6769
53.4835
53.311
53.1748
53.0671
52.9679
52.8639
52.7788
52.8458
53.3982
54.8006
56.7943
58.3349
59.7885
62.8324
61.1115
58.9192
57.1494
56.369
56.1667
56.1149
56.0665
56.0154
55.9728
55.9411
55.92
55.9094
55.9086
55.9142
55.9222
55.9319
55.9499
55.9866
56.0502
56.1399
56.2454
56.3524
56.4494
56.5326
56.6056
56.6758
56.7576
56.8586
56.9773
57.1065
57.2289
57.332
57.4095
57.4593
57.4779
57.4788
57.4424
57.3678
57.275
57.1915
57.1456
57.1553
57.2169
57.2822
57.3265
57.3249
57.2736
57.2054
57.1684
57.1967
57.2934
57.4336
57.5831
57.7178
57.8308
57.9229
57.9974
57.9956
57.9851
57.9817
57.9631
57.9807
57.9692
57.9151
57.8367
57.7327
57.5983
57.4453
57.3062
57.2185
57.1999
57.232
57.2682
57.2592
57.1791
57.0364
56.8644
56.6992
56.562
56.453
56.3575
56.2553
56.1423
56.0979
56.3905
57.3764
58.9272
60.1414
61.4115
65.494
63.9992
62.473
61.3221
60.818
60.6263
60.4918
60.3584
60.2394
60.1426
60.0662
60.0067
59.9613
59.9272
59.8998
59.8751
59.8532
59.841
59.8499
59.8888
59.9577
60.0463
60.1389
60.2233
60.295
60.359
60.4224
60.5003
60.5987
60.7127
60.8351
60.9494
61.0447
61.1167
61.1626
61.1774
61.1654
61.1165
61.0343
60.9408
60.8652
60.8329
60.853
60.9105
60.9597
60.972
60.9351
60.8643
60.8018
60.7914
60.853
60.9747
61.1254
61.2748
61.4071
61.5202
61.6145
61.6896
61.7182
61.7257
61.7252
61.7085
61.6987
61.6705
61.6149
61.5387
61.4404
61.3163
61.174
61.0369
60.9362
60.8921
60.8984
60.9224
60.9216
60.8669
60.756
60.6098
60.4579
60.3235
60.2149
60.125
60.0342
59.9222
59.8143
59.8757
60.3914
61.3594
62.1045
63.1048
68.1958
66.9658
66.0882
65.3936
64.9724
64.6746
64.4155
64.1882
63.9988
63.8441
63.7166
63.6102
63.5204
63.4431
63.3737
63.3083
63.2471
63.1975
63.1716
63.179
63.2204
63.2856
63.3585
63.4258
63.4835
63.537
63.5932
63.6653
63.7574
63.8628
63.9747
64.0786
64.1654
64.2309
64.2708
64.2791
64.2541
64.1938
64.1065
64.0148
63.9462
63.9203
63.9373
63.9753
63.9957
63.9746
63.9129
63.839
63.7962
63.8176
63.9081
64.0465
64.2014
64.3493
64.4809
64.596
64.6933
64.7694
64.8194
64.8409
64.8432
64.8285
64.8004
64.7613
64.7058
64.6321
64.538
64.4228
64.293
64.1657
64.0642
64.0064
63.9915
63.9979
63.9938
63.9531
63.867
63.7459
63.6109
63.4834
63.3759
63.2887
63.2106
63.1226
63.0164
62.9529
63.0883
63.4744
63.7003
64.3672
69.8562
68.7999
68.252
67.6817
67.1739
66.7414
66.3808
66.0832
65.8376
65.6322
65.4566
65.3037
65.1685
65.0473
64.9353
64.8287
64.7279
64.6402
64.5785
64.5533
64.5656
64.6052
64.6561
64.7051
64.7481
64.7906
64.8389
64.9034
64.9864
65.0806
65.1802
65.2729
65.3505
65.4082
65.4403
65.4397
65.402
65.3312
65.2399
65.1505
65.087
65.062
65.0682
65.0803
65.0684
65.0172
64.9394
64.8709
64.8507
64.8994
65.0097
65.1558
65.3096
65.4547
65.5863
65.7039
65.804
65.8812
65.944
65.9747
65.9791
65.9656
65.9273
65.8822
65.828
65.7572
65.6672
65.5597
65.4423
65.3289
65.2365
65.1772
65.1512
65.1445
65.1347
65.1011
65.0335
64.9351
64.8188
64.7013
64.5959
64.5088
64.438
64.3745
64.3057
64.2343
64.1972
64.225
64.1349
64.5444
69.8781
68.8202
68.2458
67.6083
67.034
66.5601
66.1768
65.8622
65.5989
65.3731
65.1748
64.9971
64.8362
64.6889
64.5511
64.4186
64.2917
64.1778
64.0906
64.0414
64.0313
64.05
64.0811
64.1118
64.1384
64.1662
64.201
64.2509
64.3168
64.393
64.4743
64.5509
64.6146
64.659
64.6768
64.6618
64.6095
64.5294
64.4362
64.3477
64.2786
64.2319
64.1964
64.1537
64.0937
64.0178
63.9473
63.9127
63.9351
64.0155
64.1371
64.2777
64.421
64.5592
64.6896
64.8089
64.9111
64.989
65.0599
65.0978
65.1047
65.0932
65.0503
65.0028
64.9513
64.8844
64.7985
64.6978
64.5933
64.4988
64.4257
64.3782
64.3521
64.3351
64.3146
64.2807
64.2282
64.157
64.0709
63.9772
63.885
63.8013
63.7295
63.6702
63.6209
63.5775
63.5291
63.471
63.3626
63.6504
)
;
        valueFraction   nonuniform List<scalar> 
990
(
0.188718
0.178821
0.171086
0.164731
0.159349
0.15474
0.150763
0.147301
0.144253
0.14154
0.139102
0.136892
0.134879
0.13304
0.131358
0.129822
0.128424
0.127164
0.126041
0.125061
0.124222
0.123524
0.122956
0.122502
0.122144
0.121868
0.121662
0.121515
0.121417
0.121362
0.121339
0.121339
0.121356
0.121383
0.121416
0.121453
0.121496
0.121538
0.121576
0.12161
0.121641
0.121668
0.121692
0.121713
0.121726
0.121737
0.121747
0.121759
0.121779
0.121812
0.121861
0.121924
0.121997
0.122076
0.122157
0.122243
0.122338
0.122445
0.122557
0.122687
0.122834
0.122993
0.123168
0.123345
0.12352
0.123695
0.123865
0.124026
0.124179
0.12433
0.124489
0.124663
0.124857
0.125066
0.125283
0.125503
0.125721
0.12594
0.126162
0.126393
0.126636
0.126892
0.127159
0.127434
0.127706
0.127954
0.128143
0.128269
0.128371
0.128576
0.188671
0.178774
0.171035
0.164677
0.159293
0.154682
0.150705
0.147243
0.144196
0.141486
0.139052
0.136847
0.134838
0.133001
0.131319
0.129781
0.12838
0.127117
0.125993
0.125012
0.124176
0.123479
0.122912
0.122459
0.122102
0.121825
0.121619
0.121471
0.121373
0.121315
0.121289
0.121286
0.121298
0.12132
0.12135
0.121384
0.121424
0.121462
0.121497
0.121529
0.121559
0.121586
0.121609
0.121627
0.121636
0.121642
0.121649
0.121663
0.12169
0.121734
0.121793
0.121863
0.121939
0.122016
0.122096
0.122182
0.122278
0.122386
0.122497
0.122625
0.122771
0.122928
0.123103
0.123279
0.123455
0.123631
0.123805
0.123974
0.124134
0.12429
0.124449
0.12462
0.124808
0.125012
0.125229
0.12545
0.125673
0.125896
0.126121
0.126352
0.126595
0.126849
0.127115
0.127389
0.127661
0.12791
0.128099
0.128225
0.128327
0.128534
0.188602
0.178702
0.170958
0.164595
0.159208
0.154595
0.150617
0.147156
0.144111
0.141405
0.138975
0.136775
0.13477
0.132934
0.131252
0.129711
0.128308
0.127044
0.12592
0.124941
0.124106
0.123412
0.122848
0.122396
0.12204
0.121764
0.121558
0.12141
0.121311
0.121251
0.121222
0.121214
0.121221
0.12124
0.121267
0.121299
0.121334
0.121369
0.121401
0.121431
0.121459
0.121484
0.121504
0.121519
0.121525
0.121528
0.121534
0.121552
0.121587
0.121639
0.121706
0.12178
0.121855
0.121931
0.12201
0.122096
0.122193
0.122303
0.122414
0.122541
0.122685
0.12284
0.123014
0.123189
0.123364
0.123541
0.123718
0.123893
0.124061
0.124224
0.124387
0.124557
0.124741
0.124941
0.125155
0.125377
0.125604
0.125831
0.126059
0.126293
0.126536
0.12679
0.127056
0.12733
0.127603
0.127854
0.128045
0.128175
0.12828
0.12849
0.188514
0.178609
0.170857
0.164486
0.159092
0.154476
0.150497
0.147037
0.143995
0.141293
0.138868
0.136672
0.134669
0.132834
0.131151
0.129609
0.128206
0.126941
0.125819
0.124842
0.124011
0.12332
0.122758
0.122309
0.121954
0.12168
0.121474
0.121326
0.121226
0.121163
0.12113
0.121118
0.121122
0.121137
0.121161
0.12119
0.121222
0.121254
0.121283
0.12131
0.121335
0.121357
0.121374
0.121384
0.121387
0.121388
0.121397
0.12142
0.121461
0.121519
0.121589
0.121663
0.121737
0.121811
0.121889
0.121975
0.122073
0.122183
0.122296
0.122423
0.122566
0.12272
0.12289
0.123064
0.123239
0.123416
0.123596
0.123775
0.123951
0.124122
0.124292
0.124466
0.124649
0.124846
0.125057
0.125278
0.125506
0.125737
0.125969
0.126206
0.126451
0.126706
0.126973
0.127249
0.127525
0.127779
0.127977
0.128113
0.128224
0.12844
0.188408
0.178495
0.17073
0.164345
0.158941
0.15432
0.150341
0.146882
0.143845
0.141147
0.138725
0.136532
0.134531
0.132696
0.131012
0.12947
0.128066
0.126803
0.125683
0.124708
0.123879
0.123192
0.122633
0.122186
0.121834
0.121561
0.121356
0.121208
0.121106
0.121041
0.121004
0.120989
0.120989
0.121002
0.121023
0.121048
0.121076
0.121104
0.121131
0.121155
0.121177
0.121195
0.121206
0.121211
0.121211
0.121213
0.121225
0.121254
0.121301
0.121362
0.121432
0.121503
0.121574
0.121646
0.121723
0.121811
0.121909
0.122019
0.122134
0.122262
0.122404
0.122557
0.122724
0.122897
0.123071
0.123249
0.12343
0.123612
0.123794
0.123974
0.124153
0.124332
0.124517
0.124712
0.12492
0.125139
0.125367
0.1256
0.125836
0.126076
0.126324
0.126581
0.126849
0.127127
0.127407
0.127669
0.127877
0.128024
0.128145
0.12837
0.18828
0.178355
0.170568
0.164161
0.158742
0.154115
0.150135
0.146679
0.143645
0.140951
0.138533
0.136343
0.134343
0.132509
0.130826
0.129285
0.127882
0.126621
0.125503
0.12453
0.123704
0.123019
0.122463
0.122017
0.121665
0.121394
0.121188
0.121039
0.120935
0.120867
0.120827
0.120808
0.120805
0.120815
0.120832
0.120855
0.120879
0.120904
0.120927
0.120949
0.120967
0.12098
0.120986
0.120987
0.120985
0.12099
0.121007
0.12104
0.121091
0.121153
0.12122
0.121287
0.121355
0.121426
0.121503
0.121591
0.121691
0.1218
0.121918
0.122046
0.122188
0.12234
0.122505
0.122676
0.12285
0.123028
0.123209
0.123394
0.12358
0.123766
0.123952
0.124138
0.124327
0.124522
0.124727
0.124944
0.12517
0.125404
0.125642
0.125886
0.126136
0.126396
0.126666
0.126948
0.127234
0.127507
0.127731
0.127896
0.128034
0.12827
0.188114
0.17817
0.170346
0.163905
0.158467
0.153835
0.149858
0.146407
0.143377
0.140687
0.138273
0.136085
0.134087
0.132254
0.130572
0.129032
0.127631
0.126371
0.125254
0.124283
0.123457
0.122774
0.122219
0.121774
0.121423
0.121151
0.120945
0.120794
0.120688
0.120617
0.120574
0.120553
0.120547
0.120554
0.120569
0.120588
0.120609
0.120631
0.120651
0.120669
0.120683
0.120691
0.120693
0.12069
0.120689
0.120696
0.120718
0.120756
0.120807
0.120867
0.12093
0.120994
0.121059
0.12113
0.121209
0.121298
0.121398
0.121508
0.121628
0.121758
0.1219
0.122052
0.122213
0.122383
0.122557
0.122735
0.122917
0.123101
0.12329
0.12348
0.123673
0.123865
0.124059
0.124256
0.124461
0.124675
0.124899
0.125132
0.125372
0.125618
0.125871
0.126133
0.126406
0.126691
0.126984
0.12727
0.127518
0.127714
0.12788
0.128132
0.187893
0.177916
0.170037
0.163553
0.158098
0.153466
0.149494
0.146048
0.143024
0.140338
0.137927
0.135742
0.133746
0.131916
0.130235
0.128697
0.127298
0.126038
0.124922
0.12395
0.123123
0.122438
0.12188
0.121434
0.121081
0.120808
0.120601
0.120448
0.12034
0.120267
0.120222
0.120199
0.120191
0.120196
0.120208
0.120226
0.120245
0.120264
0.120283
0.120299
0.12031
0.120315
0.120314
0.120311
0.120313
0.120325
0.120351
0.120392
0.120444
0.120501
0.120561
0.120622
0.120686
0.120758
0.120839
0.12093
0.121031
0.121142
0.121265
0.121397
0.12154
0.121692
0.121851
0.122019
0.122193
0.122371
0.122553
0.122737
0.122926
0.123119
0.123316
0.123514
0.123712
0.123913
0.124118
0.12433
0.124552
0.124783
0.125023
0.12527
0.125525
0.125789
0.126064
0.126351
0.126649
0.12695
0.127227
0.127465
0.127675
0.127953
0.187626
0.177605
0.169661
0.163138
0.157677
0.153051
0.149087
0.145648
0.142629
0.139948
0.137541
0.135359
0.133367
0.131539
0.129861
0.128323
0.126923
0.125662
0.124543
0.123567
0.122735
0.122042
0.121477
0.121025
0.120669
0.120392
0.120182
0.120027
0.119917
0.119842
0.119796
0.119772
0.119764
0.119768
0.119779
0.119795
0.119814
0.119833
0.119851
0.119865
0.119875
0.119878
0.119878
0.119878
0.119884
0.119901
0.119932
0.119975
0.120026
0.120081
0.120138
0.120198
0.120264
0.120338
0.120422
0.120516
0.12062
0.120733
0.120859
0.120995
0.121139
0.121292
0.121452
0.12162
0.121795
0.121974
0.122157
0.122342
0.122532
0.122726
0.122926
0.123128
0.123332
0.123537
0.123743
0.123955
0.124176
0.124405
0.124644
0.124891
0.125148
0.125413
0.125689
0.125977
0.126277
0.126587
0.126892
0.127179
0.127448
0.127766
0.187394
0.177331
0.169338
0.162796
0.157337
0.152719
0.148762
0.145327
0.142311
0.139632
0.137227
0.135047
0.133055
0.131227
0.129548
0.128007
0.126603
0.125336
0.12421
0.123225
0.122382
0.121676
0.121097
0.120633
0.120268
0.119986
0.119773
0.119616
0.119505
0.119432
0.119388
0.119366
0.119361
0.119367
0.119382
0.119402
0.119424
0.119447
0.119469
0.119487
0.1195
0.119508
0.119514
0.119522
0.119537
0.119563
0.119601
0.119649
0.119702
0.119758
0.119817
0.119881
0.119951
0.120031
0.12012
0.120219
0.120327
0.120445
0.120576
0.120716
0.120863
0.12102
0.121183
0.121353
0.121531
0.121713
0.121897
0.122085
0.122277
0.122475
0.122678
0.122886
0.123095
0.123305
0.123515
0.123729
0.123949
0.124178
0.124416
0.124664
0.124922
0.125189
0.125467
0.125756
0.126057
0.12637
0.126691
0.127017
0.127339
0.127695
0.187294
0.177218
0.169213
0.162672
0.157218
0.152604
0.148648
0.145216
0.142204
0.13953
0.13713
0.134955
0.132967
0.131142
0.129462
0.127918
0.126507
0.12523
0.124091
0.123092
0.122234
0.121513
0.12092
0.120443
0.120068
0.119779
0.119562
0.119404
0.119294
0.119223
0.119182
0.119164
0.119163
0.119174
0.119194
0.119219
0.119246
0.119275
0.119301
0.119325
0.119345
0.119361
0.119377
0.119397
0.119424
0.11946
0.119504
0.119555
0.11961
0.119668
0.11973
0.119799
0.119876
0.119962
0.120057
0.120162
0.120276
0.1204
0.120536
0.120682
0.120836
0.121
0.12117
0.121348
0.121533
0.121722
0.121915
0.122111
0.122311
0.122517
0.122729
0.122946
0.123165
0.123385
0.123604
0.123825
0.124051
0.124283
0.124525
0.124776
0.125037
0.125309
0.125592
0.125886
0.126191
0.126507
0.126836
0.127182
0.12753
0.127914
)
;
        value           nonuniform List<scalar> 
990
(
315.601
315.144
314.436
313.865
313.566
313.442
313.393
313.372
313.366
313.369
313.373
313.369
313.35
313.311
313.258
313.204
313.164
313.145
313.147
313.159
313.171
313.174
313.169
313.158
313.144
313.129
313.107
313.076
313.034
312.977
312.917
312.861
312.816
312.783
312.762
312.748
312.729
312.715
312.707
312.701
312.697
312.692
312.688
312.688
312.705
312.732
312.766
312.8
312.821
312.816
312.781
312.725
312.664
312.617
312.594
312.593
312.603
312.615
312.658
312.681
312.683
312.679
312.645
312.624
312.623
312.631
312.657
312.712
312.796
312.891
312.972
313.013
313.008
312.966
312.912
312.87
312.857
312.873
312.908
312.952
312.996
313.037
313.084
313.153
313.281
313.548
314.07
314.861
315.712
316.542
315.716
315.269
314.577
314.022
313.736
313.623
313.582
313.569
313.566
313.567
313.565
313.554
313.527
313.485
313.435
313.391
313.362
313.353
313.359
313.371
313.38
313.381
313.374
313.362
313.348
313.333
313.311
313.278
313.233
313.178
313.121
313.07
313.031
313.002
312.982
312.968
312.951
312.938
312.931
312.924
312.915
312.905
312.899
312.903
312.931
312.973
313.018
313.051
313.054
313.023
312.963
312.894
312.834
312.799
312.789
312.797
312.81
312.824
312.873
312.903
312.912
312.914
312.883
312.866
312.867
312.874
312.891
312.929
312.997
313.085
313.172
313.234
313.254
313.234
313.191
313.148
313.125
313.13
313.159
313.2
313.244
313.285
313.33
313.394
313.514
313.771
314.278
315.055
315.893
316.704
315.877
315.447
314.78
314.248
313.983
313.886
313.857
313.851
313.851
313.849
313.842
313.824
313.794
313.753
313.71
313.675
313.656
313.653
313.66
313.67
313.675
313.672
313.662
313.649
313.634
313.618
313.595
313.56
313.515
313.462
313.411
313.367
313.333
313.307
313.288
313.272
313.257
313.246
313.239
313.231
313.22
313.209
313.205
313.217
313.254
313.306
313.354
313.377
313.362
313.308
313.23
313.155
313.101
313.078
313.078
313.089
313.104
313.118
313.166
313.201
313.215
313.222
313.197
313.185
313.189
313.197
313.207
313.232
313.281
313.353
313.435
313.506
313.546
313.548
313.521
313.483
313.456
313.452
313.472
313.509
313.55
313.591
313.633
313.691
313.801
314.043
314.53
315.286
316.104
316.89
316.082
315.678
315.046
314.55
314.316
314.243
314.23
314.232
314.235
314.232
314.222
314.201
314.171
314.136
314.101
314.076
314.063
314.062
314.069
314.075
314.076
314.068
314.055
314.04
314.024
314.005
313.98
313.945
313.901
313.853
313.807
313.769
313.738
313.715
313.695
313.679
313.665
313.655
313.648
313.64
313.63
313.622
313.624
313.646
313.691
313.745
313.786
313.795
313.76
313.688
313.603
313.53
313.485
313.471
313.477
313.489
313.503
313.517
313.561
313.595
313.612
313.623
313.607
313.6
313.607
313.616
313.624
313.639
313.67
313.723
313.791
313.86
313.912
313.933
313.924
313.897
313.871
313.861
313.874
313.904
313.942
313.981
314.02
314.071
314.168
314.388
314.848
315.573
316.363
317.117
316.333
315.963
315.383
314.941
314.754
314.714
314.72
314.732
314.739
314.738
314.728
314.71
314.685
314.658
314.632
314.614
314.606
314.607
314.612
314.615
314.611
314.6
314.584
314.567
314.55
314.53
314.504
314.47
314.429
314.386
314.346
314.312
314.284
314.261
314.242
314.227
314.214
314.205
314.198
314.19
314.182
314.18
314.193
314.225
314.274
314.323
314.351
314.34
314.287
314.206
314.122
314.057
314.024
314.016
314.024
314.035
314.047
314.061
314.097
314.128
314.147
314.16
314.153
314.151
314.16
314.171
314.18
314.19
314.208
314.241
314.292
314.351
314.404
314.439
314.447
314.435
314.416
314.406
314.412
314.436
314.47
314.506
314.541
314.583
314.662
314.854
315.273
315.953
316.703
317.419
316.643
316.323
315.821
315.462
315.341
315.342
315.37
315.393
315.407
315.41
315.406
315.395
315.379
315.361
315.344
315.333
315.328
315.33
315.334
315.335
315.329
315.317
315.301
315.284
315.266
315.246
315.221
315.19
315.154
315.117
315.082
315.052
315.026
315.003
314.985
314.971
314.96
314.952
314.945
314.938
314.934
314.941
314.964
315.005
315.054
315.093
315.103
315.073
315.007
314.924
314.848
314.796
314.772
314.769
314.776
314.785
314.795
314.808
314.835
314.861
314.88
314.894
314.897
314.901
314.911
314.923
314.933
314.942
314.952
314.971
315.003
315.047
315.095
315.135
315.157
315.161
315.153
315.146
315.15
315.169
315.198
315.23
315.261
315.293
315.351
315.502
315.862
316.474
317.164
317.834
317.05
316.801
316.42
316.184
316.147
316.192
316.241
316.277
316.3
316.313
316.318
316.317
316.312
316.304
316.296
316.291
316.291
316.295
316.3
316.301
316.296
316.285
316.271
316.255
316.239
316.221
316.2
316.174
316.143
316.112
316.082
316.054
316.029
316.008
315.99
315.978
315.969
315.962
315.955
315.951
315.953
315.968
316
316.046
316.09
316.115
316.106
316.06
315.987
315.909
315.845
315.807
315.792
315.791
315.796
315.802
315.81
315.823
315.841
315.861
315.879
315.894
315.904
315.913
315.923
315.936
315.947
315.957
315.964
315.973
315.989
316.016
316.054
316.092
316.123
316.14
316.144
316.144
316.149
316.165
316.189
316.217
316.244
316.268
316.304
316.405
316.68
317.188
317.785
318.39
317.587
317.445
317.241
317.161
317.211
317.295
317.363
317.412
317.449
317.475
317.493
317.505
317.512
317.515
317.517
317.519
317.524
317.532
317.541
317.545
317.544
317.537
317.526
317.514
317.502
317.487
317.47
317.449
317.425
317.398
317.371
317.345
317.321
317.301
317.286
317.274
317.267
317.26
317.255
317.254
317.263
317.286
317.324
317.369
317.404
317.413
317.387
317.33
317.258
317.189
317.14
317.114
317.105
317.104
317.106
317.11
317.117
317.129
317.14
317.156
317.172
317.186
317.202
317.213
317.224
317.235
317.247
317.258
317.264
317.268
317.273
317.285
317.309
317.341
317.373
317.399
317.415
317.424
317.433
317.447
317.468
317.492
317.515
317.534
317.553
317.607
317.78
318.143
318.593
319.098
318.217
318.218
318.221
318.289
318.405
318.513
318.597
318.662
318.715
318.757
318.791
318.816
318.836
318.85
318.861
318.872
318.885
318.9
318.916
318.928
318.933
318.932
318.927
318.92
318.912
318.902
318.89
318.874
318.854
318.831
318.806
318.782
318.759
318.741
318.726
318.716
318.709
318.704
318.702
318.705
318.72
318.748
318.787
318.826
318.848
318.842
318.805
318.745
318.679
318.624
318.588
318.571
318.565
318.564
318.564
318.566
318.573
318.584
318.591
318.602
318.617
318.63
318.648
318.661
318.671
318.681
318.693
318.703
318.71
318.711
318.709
318.711
318.722
318.744
318.773
318.802
318.826
318.843
318.858
318.873
318.892
318.912
318.932
318.949
318.962
318.985
319.067
319.266
319.527
319.892
318.753
318.885
319.045
319.201
319.346
319.465
319.562
319.643
319.711
319.768
319.814
319.852
319.882
319.906
319.925
319.945
319.967
319.992
320.017
320.038
320.052
320.059
320.06
320.058
320.055
320.05
320.042
320.03
320.013
319.992
319.969
319.945
319.924
319.906
319.893
319.884
319.878
319.874
319.875
319.883
319.902
319.934
319.971
320.002
320.012
319.994
319.95
319.893
319.836
319.793
319.768
319.756
319.751
319.749
319.748
319.751
319.757
319.767
319.772
319.782
319.795
319.807
319.825
319.839
319.847
319.856
319.866
319.875
319.881
319.881
319.875
319.868
319.868
319.88
319.903
319.932
319.959
319.983
320.002
320.019
320.036
320.053
320.07
320.086
320.101
320.116
320.147
320.222
320.321
320.547
318.98
319.164
319.37
319.544
319.695
319.821
319.927
320.018
320.095
320.16
320.212
320.255
320.289
320.316
320.34
320.363
320.39
320.42
320.45
320.477
320.495
320.506
320.51
320.51
320.509
320.506
320.499
320.487
320.47
320.448
320.424
320.4
320.379
320.361
320.347
320.337
320.331
320.329
320.332
320.344
320.366
320.393
320.419
320.433
320.427
320.401
320.359
320.313
320.273
320.244
320.227
320.218
320.212
320.208
320.208
320.211
320.217
320.228
320.234
320.243
320.255
320.265
320.28
320.291
320.297
320.304
320.311
320.318
320.321
320.318
320.307
320.293
320.283
320.283
320.296
320.319
320.347
320.375
320.4
320.421
320.44
320.455
320.469
320.483
320.499
320.516
320.535
320.559
320.591
320.732
)
;
        Tnbr            T;
        qrNbr           qr;
        qr              none;
        thermalInertia  false;
        thicknessLayers List<scalar> 0();
        kappaLayers     List<scalar> 0();
        kappaMethod     solidThermo;
        kappa           none;
        alphaAni        none;
        alpha           none;
    }
    asphalt_to_concrete
    {
        type            compressible::turbulentTemperatureRadCoupledMixed;
        refValue        nonuniform List<scalar> 
52
(
308.046
308.018
307.994
307.981
307.97
307.962
307.957
307.956
307.96
307.966
307.971
307.971
307.975
307.987
308.013
308.057
308.106
308.143
308.151
308.124
308.072
308.017
307.98
307.967
307.97
307.97
310.958
310.923
310.9
310.891
310.878
310.872
310.874
310.883
310.897
310.911
310.922
310.925
310.937
310.951
310.973
311.01
311.052
311.08
311.075
311.034
310.967
310.9
310.853
310.834
310.836
310.838
)
;
        refGradient     uniform 0;
        valueFraction   nonuniform List<scalar> 
52
(
0.470588
0.470588
0.470588
0.470588
0.470588
0.470588
0.470588
0.470588
0.470588
0.470588
0.470588
0.470588
0.470588
0.470588
0.470588
0.470588
0.470588
0.470588
0.470588
0.470588
0.470588
0.470588
0.470588
0.470588
0.470588
0.470588
0.470588
0.470588
0.470588
0.470588
0.470588
0.470588
0.470588
0.470588
0.470588
0.470588
0.470588
0.470588
0.470588
0.470588
0.470588
0.470588
0.470588
0.470588
0.470588
0.470588
0.470588
0.470588
0.470588
0.470588
0.470588
0.470588
)
;
        value           nonuniform List<scalar> 
52
(
308.121
308.09
308.067
308.053
308.041
308.031
308.025
308.021
308.02
308.021
308.023
308.026
308.037
308.059
308.095
308.139
308.181
308.204
308.196
308.159
308.106
308.056
308.027
308.021
308.028
308.036
310.97
310.935
310.913
310.904
310.89
310.884
310.885
310.89
310.898
310.907
310.914
310.918
310.936
310.96
310.992
311.031
311.065
311.077
311.056
311.004
310.936
310.874
310.836
310.825
310.83
310.836
)
;
        Tnbr            T;
        qrNbr           none;
        qr              none;
        thermalInertia  false;
        thicknessLayers List<scalar> 0();
        kappaLayers     List<scalar> 0();
        kappaMethod     solidThermo;
        kappa           none;
        alphaAni        none;
        alpha           none;
    }
    asphalt_to_soil2
    {
        type            compressible::turbulentTemperatureRadCoupledMixed;
        refValue        nonuniform List<scalar> 
128
(
312.139
311.556
310.818
310.262
309.951
309.783
309.673
309.589
309.52
309.465
309.421
309.38
309.331
309.266
309.184
309.093
309.007
308.938
308.889
308.857
308.831
308.806
308.778
308.748
308.721
308.696
308.667
308.634
308.593
308.539
308.479
308.421
308.363
308.399
308.399
308.391
308.314
308.274
308.282
308.316
308.378
308.475
308.597
308.718
308.812
308.86
308.863
308.838
308.81
308.803
308.824
308.871
308.935
309.006
309.076
309.147
309.223
309.315
309.451
309.692
310.139
310.839
311.659
312.478
314.422
313.927
313.211
312.642
312.336
312.194
312.122
312.079
312.051
312.035
312.027
312.018
311.997
311.956
311.895
311.826
311.764
311.721
311.699
311.693
311.692
311.687
311.675
311.657
311.637
311.618
311.594
311.565
311.526
311.473
311.415
311.356
311.201
311.222
311.218
311.209
311.16
311.132
311.132
311.151
311.196
311.273
311.373
311.473
311.544
311.57
311.551
311.505
311.458
311.433
311.439
311.47
311.517
311.569
311.62
311.671
311.728
311.808
311.943
312.209
312.713
313.479
314.32
315.15
)
;
        refGradient     uniform 0;
        valueFraction   nonuniform List<scalar> 
128
(
0.5
0.5
0.5
0.5
0.5
0.5
0.5
0.5
0.5
0.5
0.5
0.5
0.5
0.5
0.5
0.5
0.5
0.5
0.5
0.5
0.5
0.5
0.5
0.5
0.5
0.5
0.5
0.5
0.5
0.5
0.5
0.5
0.5
0.5
0.5
0.5
0.5
0.5
0.5
0.5
0.5
0.5
0.5
0.5
0.5
0.5
0.5
0.5
0.5
0.5
0.5
0.5
0.5
0.5
0.5
0.5
0.5
0.5
0.5
0.5
0.5
0.5
0.5
0.5
0.5
0.5
0.5
0.5
0.5
0.5
0.5
0.5
0.5
0.5
0.5
0.5
0.5
0.5
0.5
0.5
0.5
0.5
0.5
0.5
0.5
0.5
0.5
0.5
0.5
0.5
0.5
0.5
0.5
0.5
0.5
0.5
0.5
0.5
0.5
0.5
0.5
0.5
0.5
0.5
0.5
0.5
0.5
0.5
0.5
0.5
0.5
0.5
0.5
0.5
0.5
0.5
0.5
0.5
0.5
0.5
0.5
0.5
0.5
0.5
0.5
0.5
0.5
0.5
)
;
        value           nonuniform List<scalar> 
128
(
312.071
311.478
310.737
310.183
309.876
309.71
309.601
309.517
309.448
309.392
309.344
309.297
309.242
309.172
309.088
308.998
308.917
308.852
308.807
308.776
308.75
308.722
308.693
308.663
308.635
308.61
308.58
308.546
308.502
308.445
308.385
308.327
308.275
308.319
308.322
308.317
308.239
308.2
308.209
308.24
308.297
308.388
308.507
308.632
308.737
308.799
308.815
308.798
308.772
308.761
308.777
308.821
308.883
308.954
309.026
309.098
309.174
309.265
309.398
309.634
310.075
310.772
311.593
312.413
314.268
313.752
313.024
312.458
312.159
312.023
311.954
311.912
311.886
311.87
311.86
311.846
311.819
311.771
311.707
311.639
311.582
311.546
311.534
311.535
311.538
311.536
311.526
311.511
311.493
311.476
311.451
311.419
311.376
311.318
311.255
311.194
311.049
311.076
311.076
311.07
311.021
310.993
310.994
311.012
311.053
311.127
311.227
311.332
311.414
311.451
311.44
311.397
311.348
311.317
311.316
311.344
311.391
311.444
311.497
311.548
311.604
311.68
311.809
312.064
312.558
313.322
314.174
315.011
)
;
        Tnbr            T;
        qrNbr           none;
        qr              none;
        thermalInertia  false;
        thicknessLayers List<scalar> 0();
        kappaLayers     List<scalar> 0();
        kappaMethod     solidThermo;
        kappa           none;
        alphaAni        none;
        alpha           none;
    }
}


// ************************************************************************* //
