/*--------------------------------*- C++ -*----------------------------------*\
| =========                 |                                                 |
| \\      /  F ield         | OpenFOAM: The Open Source CFD Toolbox           |
|  \\    /   O peration     | Version:  v2012                                 |
|   \\  /    A nd           | Website:  www.openfoam.com                      |
|    \\/     M anipulation  |                                                 |
\*---------------------------------------------------------------------------*/
FoamFile
{
    version     2.0;
    format      ascii;
    class       volScalarField;
    location    "100/asphalt";
    object      T;
}
// * * * * * * * * * * * * * * * * * * * * * * * * * * * * * * * * * * * * * //

dimensions      [0 0 0 1 0 0 0];


internalField   nonuniform List<scalar> 
1980
(
318.225
318.349
318.254
318.007
317.782
317.663
317.641
317.679
317.741
317.808
317.874
317.933
317.986
318.032
318.072
318.108
318.14
318.171
318.199
318.225
318.249
318.27
318.29
318.31
318.329
318.349
318.368
318.388
318.408
318.428
318.447
318.464
318.468
318.478
318.488
318.495
318.499
318.501
318.503
318.503
318.502
318.5
318.498
318.496
318.497
318.5
318.503
318.505
318.504
318.5
318.491
318.48
318.469
318.46
318.453
318.449
318.448
318.451
318.468
318.473
318.473
318.468
318.459
318.452
318.447
318.446
318.448
318.454
318.463
318.475
318.485
318.491
318.492
318.488
318.482
318.477
318.474
318.474
318.479
318.488
318.506
318.543
318.617
318.763
319.024
319.427
319.93
320.394
320.694
320.929
318.371
318.508
318.435
318.213
318.013
317.918
317.92
317.975
318.048
318.123
318.192
318.254
318.308
318.356
318.399
318.437
318.473
318.506
318.536
318.564
318.589
318.612
318.633
318.655
318.676
318.698
318.719
318.741
318.762
318.783
318.802
318.82
318.834
318.846
318.855
318.863
318.869
318.873
318.875
318.875
318.874
318.871
318.869
318.867
318.868
318.871
318.874
318.876
318.875
318.869
318.859
318.848
318.837
318.829
318.824
318.821
318.82
318.821
318.827
318.83
318.83
318.825
318.818
318.811
318.806
318.804
318.805
318.809
318.817
318.828
318.839
318.848
318.852
318.851
318.845
318.839
318.835
318.834
318.836
318.843
318.857
318.885
318.947
319.076
319.318
319.7
320.181
320.626
320.912
321.132
318.542
318.696
318.649
318.456
318.29
318.23
318.262
318.337
318.423
318.505
318.578
318.642
318.699
318.75
318.796
318.838
318.876
318.912
318.944
318.974
319
319.025
319.049
319.073
319.096
319.12
319.143
319.166
319.188
319.21
319.229
319.247
319.262
319.274
319.284
319.292
319.3
319.305
319.308
319.308
319.307
319.304
319.301
319.301
319.302
319.305
319.308
319.309
319.306
319.299
319.289
319.278
319.269
319.263
319.259
319.257
319.256
319.257
319.26
319.263
319.262
319.258
319.252
319.246
319.242
319.24
319.24
319.243
319.249
319.258
319.269
319.279
319.286
319.287
319.283
319.278
319.273
319.27
319.271
319.275
319.284
319.304
319.351
319.458
319.674
320.028
320.481
320.904
321.172
321.378
318.743
318.915
318.897
318.745
318.627
318.613
318.68
318.778
318.876
318.964
319.042
319.11
319.17
319.225
319.275
319.32
319.362
319.4
319.435
319.467
319.496
319.523
319.549
319.575
319.601
319.626
319.651
319.676
319.699
319.721
319.741
319.759
319.774
319.787
319.798
319.807
319.816
319.822
319.825
319.826
319.824
319.822
319.82
319.821
319.822
319.825
319.828
319.828
319.823
319.815
319.804
319.795
319.787
319.782
319.78
319.778
319.777
319.778
319.78
319.782
319.782
319.778
319.773
319.768
319.765
319.763
319.763
319.764
319.768
319.776
319.786
319.796
319.804
319.807
319.806
319.801
319.796
319.793
319.793
319.795
319.799
319.811
319.842
319.923
320.103
320.418
320.835
321.23
321.479
321.675
318.978
319.168
319.187
319.093
319.042
319.086
319.191
319.309
319.418
319.513
319.595
319.668
319.733
319.792
319.846
319.896
319.941
319.983
320.02
320.054
320.086
320.116
320.144
320.173
320.201
320.229
320.256
320.282
320.307
320.33
320.35
320.369
320.385
320.399
320.411
320.421
320.431
320.437
320.441
320.442
320.441
320.44
320.439
320.441
320.443
320.446
320.447
320.444
320.438
320.429
320.419
320.411
320.406
320.402
320.4
320.399
320.398
320.398
320.4
320.401
320.4
320.397
320.393
320.389
320.387
320.385
320.385
320.386
320.389
320.394
320.402
320.412
320.42
320.425
320.426
320.423
320.419
320.415
320.414
320.415
320.417
320.421
320.437
320.49
320.625
320.885
321.251
321.609
321.837
322.028
319.25
319.46
319.531
319.518
319.551
319.658
319.797
319.932
320.049
320.149
320.237
320.316
320.387
320.451
320.51
320.565
320.614
320.659
320.699
320.737
320.771
320.804
320.836
320.867
320.898
320.928
320.958
320.986
321.012
321.036
321.058
321.078
321.096
321.111
321.125
321.136
321.146
321.154
321.158
321.16
321.16
321.16
321.161
321.163
321.166
321.168
321.167
321.162
321.154
321.144
321.136
321.13
321.126
321.124
321.122
321.121
321.12
321.12
321.121
321.121
321.121
321.118
321.115
321.112
321.11
321.109
321.109
321.11
321.111
321.115
321.121
321.129
321.137
321.143
321.146
321.145
321.141
321.138
321.137
321.137
321.138
321.139
321.143
321.168
321.253
321.444
321.736
322.041
322.243
322.434
319.553
319.788
319.93
320.018
320.141
320.301
320.465
320.609
320.733
320.84
320.934
321.019
321.097
321.167
321.231
321.29
321.344
321.392
321.437
321.478
321.516
321.553
321.588
321.622
321.656
321.689
321.721
321.751
321.779
321.805
321.829
321.851
321.87
321.887
321.903
321.916
321.927
321.935
321.94
321.943
321.944
321.946
321.948
321.952
321.954
321.954
321.951
321.944
321.935
321.926
321.92
321.915
321.913
321.912
321.911
321.91
321.909
321.908
321.908
321.908
321.907
321.906
321.903
321.901
321.899
321.899
321.899
321.9
321.901
321.904
321.908
321.914
321.921
321.927
321.931
321.931
321.93
321.927
321.926
321.926
321.927
321.927
321.926
321.932
321.972
322.086
322.286
322.515
322.679
322.874
319.853
320.122
320.346
320.534
320.729
320.924
321.099
321.249
321.378
321.492
321.594
321.686
321.769
321.845
321.914
321.977
322.035
322.088
322.136
322.181
322.223
322.263
322.302
322.34
322.377
322.412
322.447
322.479
322.51
322.538
322.564
322.588
322.609
322.629
322.646
322.661
322.674
322.683
322.69
322.695
322.698
322.702
322.706
322.71
322.711
322.71
322.705
322.696
322.687
322.68
322.675
322.673
322.672
322.672
322.671
322.67
322.669
322.668
322.668
322.667
322.666
322.665
322.663
322.662
322.661
322.66
322.661
322.662
322.663
322.665
322.668
322.672
322.678
322.683
322.687
322.689
322.688
322.687
322.686
322.687
322.688
322.689
322.688
322.687
322.698
322.747
322.854
322.992
323.105
323.301
320.091
320.397
320.692
320.949
321.183
321.391
321.569
321.724
321.859
321.979
322.086
322.183
322.272
322.352
322.426
322.493
322.554
322.611
322.663
322.711
322.757
322.8
322.842
322.883
322.922
322.96
322.997
323.032
323.064
323.095
323.123
323.149
323.172
323.194
323.213
323.23
323.244
323.256
323.265
323.272
323.278
323.284
323.29
323.294
323.296
323.293
323.287
323.278
323.27
323.265
323.262
323.262
323.262
323.262
323.262
323.262
323.261
323.261
323.26
323.26
323.259
323.258
323.257
323.256
323.256
323.256
323.257
323.258
323.26
323.261
323.264
323.266
323.27
323.274
323.278
323.28
323.281
323.281
323.281
323.282
323.283
323.285
323.287
323.286
323.287
323.3
323.339
323.399
323.462
323.654
320.224
320.556
320.89
321.174
321.419
321.629
321.811
321.97
322.11
322.235
322.347
322.448
322.54
322.624
322.7
322.771
322.835
322.895
322.95
323.002
323.05
323.096
323.141
323.184
323.225
323.266
323.304
323.34
323.375
323.407
323.437
323.464
323.49
323.514
323.535
323.554
323.569
323.583
323.593
323.603
323.612
323.62
323.627
323.632
323.634
323.63
323.624
323.617
323.611
323.608
323.608
323.609
323.61
323.611
323.611
323.612
323.612
323.612
323.612
323.611
323.611
323.611
323.611
323.611
323.611
323.612
323.613
323.614
323.617
323.619
323.621
323.623
323.626
323.629
323.632
323.634
323.636
323.637
323.637
323.638
323.639
323.642
323.644
323.646
323.647
323.649
323.658
323.676
323.712
323.898
320.279
320.625
320.972
321.265
321.516
321.733
321.922
322.087
322.234
322.365
322.483
322.59
322.687
322.776
322.858
322.933
323.002
323.066
323.126
323.181
323.234
323.284
323.332
323.378
323.423
323.466
323.507
323.546
323.583
323.618
323.65
323.681
323.709
323.735
323.758
323.779
323.796
323.811
323.824
323.836
323.846
323.855
323.863
323.867
323.868
323.864
323.859
323.853
323.849
323.847
323.847
323.848
323.849
323.85
323.851
323.851
323.851
323.851
323.851
323.851
323.85
323.85
323.85
323.849
323.849
323.849
323.85
323.851
323.852
323.854
323.856
323.857
323.858
323.86
323.861
323.862
323.864
323.864
323.865
323.866
323.867
323.868
323.869
323.871
323.872
323.873
323.875
323.881
323.911
324.081
319.864
320.082
320.065
319.858
319.643
319.524
319.508
319.557
319.636
319.721
319.804
319.879
319.947
320.008
320.062
320.111
320.156
320.198
320.236
320.271
320.302
320.331
320.358
320.384
320.411
320.437
320.463
320.49
320.518
320.547
320.575
320.6
320.616
320.634
320.65
320.664
320.673
320.681
320.688
320.693
320.696
320.697
320.696
320.696
320.699
320.701
320.703
320.704
320.702
320.697
320.689
320.679
320.669
320.661
320.655
320.65
320.648
320.649
320.661
320.663
320.662
320.658
320.652
320.646
320.641
320.638
320.637
320.639
320.643
320.648
320.652
320.653
320.651
320.646
320.638
320.631
320.625
320.622
320.622
320.627
320.643
320.681
320.765
320.932
321.225
321.661
322.174
322.609
322.854
323.064
320.022
320.255
320.262
320.081
319.893
319.803
319.814
319.885
319.977
320.071
320.158
320.237
320.307
320.37
320.427
320.479
320.526
320.57
320.61
320.647
320.68
320.711
320.74
320.768
320.796
320.825
320.853
320.882
320.912
320.941
320.97
320.996
321.018
321.037
321.053
321.067
321.079
321.089
321.096
321.101
321.104
321.105
321.104
321.104
321.105
321.107
321.109
321.11
321.108
321.103
321.095
321.085
321.076
321.069
321.064
321.06
321.057
321.057
321.059
321.06
321.059
321.055
321.05
321.044
321.039
321.036
321.035
321.035
321.038
321.043
321.048
321.051
321.051
321.047
321.04
321.033
321.026
321.021
321.019
321.021
321.031
321.059
321.128
321.274
321.545
321.957
322.446
322.861
323.092
323.287
320.205
320.455
320.488
320.338
320.188
320.137
320.183
320.278
320.386
320.488
320.58
320.662
320.735
320.801
320.861
320.916
320.967
321.013
321.055
321.094
321.129
321.162
321.193
321.224
321.255
321.286
321.316
321.347
321.378
321.408
321.437
321.462
321.485
321.504
321.521
321.536
321.55
321.561
321.57
321.575
321.577
321.578
321.578
321.578
321.578
321.58
321.582
321.583
321.58
321.574
321.566
321.558
321.55
321.544
321.539
321.536
321.534
321.533
321.534
321.534
321.533
321.529
321.524
321.519
321.515
321.512
321.51
321.509
321.511
321.515
321.52
321.525
321.526
321.524
321.519
321.511
321.504
321.498
321.495
321.494
321.498
321.515
321.565
321.686
321.926
322.307
322.767
323.158
323.372
323.555
320.416
320.683
320.744
320.637
320.539
320.542
320.629
320.751
320.872
320.982
321.079
321.165
321.242
321.311
321.375
321.434
321.488
321.537
321.582
321.623
321.66
321.696
321.73
321.764
321.797
321.83
321.863
321.895
321.927
321.958
321.987
322.012
322.035
322.055
322.074
322.09
322.105
322.118
322.126
322.132
322.135
322.136
322.136
322.137
322.137
322.139
322.14
322.14
322.136
322.13
322.122
322.115
322.108
322.104
322.1
322.097
322.095
322.094
322.094
322.093
322.092
322.088
322.084
322.079
322.076
322.073
322.071
322.07
322.07
322.073
322.078
322.082
322.085
322.085
322.081
322.074
322.067
322.061
322.056
322.053
322.053
322.06
322.09
322.179
322.378
322.715
323.137
323.501
323.697
323.872
320.659
320.942
321.039
320.992
320.968
321.035
321.166
321.312
321.445
321.561
321.663
321.753
321.835
321.91
321.978
322.041
322.098
322.15
322.198
322.242
322.283
322.321
322.359
322.395
322.431
322.467
322.502
322.536
322.57
322.601
322.63
322.657
322.68
322.702
322.722
322.739
322.756
322.769
322.778
322.784
322.787
322.789
322.79
322.792
322.793
322.795
322.795
322.793
322.788
322.781
322.774
322.768
322.763
322.76
322.757
322.754
322.752
322.751
322.75
322.749
322.747
322.744
322.74
322.736
322.733
322.731
322.729
322.728
322.727
322.729
322.732
322.736
322.739
322.74
322.738
322.733
322.726
322.72
322.715
322.711
322.708
322.706
322.718
322.773
322.919
323.195
323.562
323.891
324.069
324.243
320.938
321.237
321.383
321.42
321.488
321.625
321.794
321.956
322.098
322.22
322.327
322.424
322.511
322.591
322.664
322.731
322.792
322.849
322.9
322.947
322.992
323.034
323.074
323.114
323.153
323.191
323.229
323.265
323.3
323.333
323.363
323.391
323.416
323.44
323.461
323.48
323.497
323.512
323.522
323.528
323.533
323.535
323.538
323.541
323.542
323.543
323.542
323.538
323.532
323.525
323.519
323.515
323.511
323.509
323.506
323.504
323.502
323.5
323.499
323.498
323.496
323.493
323.49
323.486
323.484
323.482
323.48
323.479
323.478
323.478
323.48
323.483
323.486
323.488
323.487
323.483
323.477
323.471
323.466
323.462
323.458
323.453
323.451
323.474
323.562
323.759
324.049
324.325
324.483
324.662
321.239
321.559
321.772
321.913
322.076
322.271
322.465
322.637
322.784
322.912
323.026
323.129
323.222
323.308
323.386
323.458
323.523
323.584
323.639
323.69
323.738
323.784
323.829
323.872
323.914
323.955
323.995
324.033
324.07
324.104
324.137
324.166
324.194
324.219
324.243
324.264
324.282
324.297
324.309
324.317
324.322
324.327
324.331
324.334
324.336
324.336
324.333
324.328
324.321
324.315
324.31
324.307
324.305
324.303
324.301
324.299
324.297
324.295
324.294
324.292
324.29
324.288
324.285
324.282
324.28
324.278
324.277
324.276
324.275
324.274
324.275
324.277
324.279
324.281
324.281
324.278
324.273
324.268
324.264
324.26
324.256
324.251
324.244
324.245
324.282
324.394
324.585
324.787
324.913
325.102
321.522
321.87
322.161
322.401
322.638
322.866
323.07
323.246
323.398
323.532
323.653
323.762
323.861
323.952
324.035
324.111
324.181
324.245
324.304
324.359
324.411
324.461
324.509
324.555
324.6
324.644
324.686
324.727
324.766
324.803
324.837
324.869
324.899
324.927
324.952
324.975
324.995
325.012
325.026
325.036
325.044
325.051
325.056
325.061
325.063
325.062
325.058
325.051
325.045
325.04
325.036
325.035
325.034
325.033
325.031
325.029
325.027
325.026
325.024
325.023
325.021
325.019
325.016
325.014
325.012
325.011
325.01
325.009
325.008
325.007
325.007
325.008
325.009
325.01
325.011
325.009
325.005
325.001
324.997
324.993
324.991
324.987
324.981
324.974
324.979
325.023
325.117
325.232
325.313
325.512
321.726
322.105
322.46
322.763
323.034
323.273
323.478
323.657
323.813
323.953
324.079
324.193
324.297
324.391
324.478
324.558
324.631
324.698
324.761
324.819
324.875
324.927
324.978
325.027
325.075
325.121
325.165
325.208
325.249
325.287
325.324
325.358
325.39
325.421
325.448
325.473
325.495
325.514
325.53
325.543
325.554
325.564
325.572
325.578
325.58
325.579
325.574
325.568
325.563
325.56
325.558
325.558
325.558
325.558
325.557
325.556
325.555
325.553
325.552
325.551
325.549
325.548
325.546
325.545
325.543
325.542
325.542
325.541
325.541
325.54
325.54
325.54
325.54
325.541
325.541
325.54
325.537
325.534
325.53
325.527
325.525
325.523
325.52
325.515
325.51
325.517
325.545
325.587
325.628
325.833
321.821
322.22
322.605
322.929
323.207
323.446
323.653
323.835
323.996
324.14
324.27
324.387
324.494
324.591
324.681
324.763
324.839
324.909
324.975
325.036
325.094
325.149
325.202
325.253
325.302
325.35
325.397
325.441
325.483
325.524
325.562
325.598
325.633
325.665
325.695
325.722
325.746
325.766
325.784
325.799
325.813
325.825
325.836
325.843
325.846
325.846
325.842
325.838
325.835
325.834
325.835
325.836
325.837
325.838
325.838
325.838
325.837
325.836
325.836
325.835
325.834
325.834
325.833
325.833
325.832
325.832
325.832
325.832
325.833
325.833
325.833
325.833
325.833
325.833
325.833
325.832
325.831
325.829
325.826
325.823
325.821
325.819
325.817
325.815
325.812
325.81
325.811
325.819
325.843
326.049
321.851
322.262
322.657
322.988
323.271
323.517
323.732
323.921
324.089
324.24
324.375
324.499
324.611
324.714
324.809
324.896
324.977
325.052
325.122
325.188
325.25
325.31
325.367
325.422
325.475
325.526
325.575
325.623
325.668
325.712
325.753
325.793
325.831
325.866
325.898
325.928
325.954
325.978
325.998
326.016
326.032
326.046
326.057
326.065
326.068
326.068
326.066
326.063
326.062
326.061
326.062
326.064
326.065
326.066
326.066
326.067
326.066
326.066
326.065
326.065
326.064
326.063
326.063
326.062
326.061
326.061
326.06
326.06
326.061
326.061
326.06
326.06
326.059
326.057
326.056
326.054
326.052
326.05
326.047
326.044
326.041
326.039
326.036
326.034
326.031
326.028
326.025
326.025
326.048
326.236
)
;

boundaryField
{
    inlet
    {
        type            zeroGradient;
    }
    outlet
    {
        type            zeroGradient;
    }
    side
    {
        type            zeroGradient;
    }
    asphalt_to_soil1
    {
        type            compressible::turbulentTemperatureRadCoupledMixed;
        refValue        nonuniform List<scalar> 
990
(
316.708
316.757
316.606
316.336
316.109
315.99
315.964
315.989
316.036
316.089
316.139
316.185
316.224
316.258
316.286
316.31
316.332
316.353
316.373
316.391
316.408
316.424
316.438
316.451
316.465
316.479
316.493
316.507
316.52
316.533
316.544
316.553
316.548
316.552
316.556
316.559
316.558
316.556
316.555
316.552
316.548
316.544
316.54
316.537
316.538
316.541
316.544
316.547
316.548
316.544
316.536
316.524
316.511
316.501
316.494
316.491
316.49
316.495
316.517
316.524
316.524
316.519
316.508
316.499
316.495
316.495
316.5
316.51
316.524
316.541
316.556
316.566
316.57
316.568
316.563
316.559
316.558
316.562
316.57
316.584
316.604
316.64
316.708
316.837
317.071
317.441
317.924
318.398
318.734
318.987
316.842
316.904
316.773
316.526
316.321
316.224
316.217
316.257
316.314
316.372
316.425
316.472
316.513
316.548
316.579
316.606
316.631
316.655
316.677
316.697
316.715
316.731
316.747
316.762
316.778
316.793
316.809
316.824
316.838
316.851
316.863
316.874
316.881
316.887
316.891
316.894
316.895
316.895
316.893
316.89
316.886
316.881
316.876
316.874
316.875
316.879
316.883
316.886
316.886
316.879
316.869
316.856
316.845
316.836
316.831
316.828
316.828
316.831
316.84
316.845
316.845
316.84
316.831
316.823
316.819
316.818
316.821
316.829
316.841
316.857
316.873
316.886
316.894
316.895
316.891
316.887
316.884
316.886
316.893
316.903
316.92
316.949
317.007
317.122
317.339
317.691
318.154
318.611
318.933
319.172
317.002
317.079
316.973
316.754
316.579
316.513
316.531
316.589
316.656
316.72
316.777
316.826
316.869
316.907
316.941
316.971
317
317.026
317.05
317.072
317.091
317.109
317.126
317.143
317.161
317.178
317.195
317.211
317.226
317.24
317.253
317.263
317.271
317.278
317.282
317.286
317.288
317.289
317.287
317.284
317.28
317.275
317.271
317.27
317.271
317.276
317.28
317.282
317.279
317.271
317.259
317.247
317.237
317.23
317.227
317.225
317.225
317.228
317.234
317.239
317.239
317.235
317.228
317.221
317.217
317.217
317.219
317.224
317.234
317.247
317.263
317.278
317.288
317.292
317.291
317.287
317.284
317.284
317.289
317.297
317.31
317.332
317.377
317.475
317.669
317.996
318.433
318.869
319.173
319.398
317.192
317.287
317.21
317.029
316.898
316.872
316.92
316.998
317.075
317.145
317.206
317.259
317.305
317.347
317.384
317.419
317.45
317.479
317.505
317.529
317.55
317.57
317.589
317.608
317.627
317.646
317.665
317.682
317.698
317.713
317.726
317.737
317.745
317.752
317.758
317.762
317.765
317.766
317.765
317.762
317.758
317.754
317.751
317.751
317.753
317.758
317.762
317.762
317.756
317.746
317.734
317.723
317.715
317.71
317.708
317.707
317.707
317.709
317.714
317.718
317.719
317.715
317.709
317.704
317.701
317.701
317.702
317.706
317.713
317.725
317.739
317.754
317.766
317.773
317.774
317.771
317.768
317.767
317.77
317.777
317.786
317.801
317.833
317.908
318.072
318.364
318.768
319.176
319.461
319.674
317.416
317.531
317.492
317.365
317.294
317.319
317.401
317.497
317.584
317.66
317.725
317.783
317.834
317.88
317.922
317.96
317.995
318.027
318.055
318.081
318.105
318.127
318.148
318.169
318.191
318.212
318.232
318.251
318.268
318.284
318.297
318.309
318.319
318.326
318.333
318.337
318.341
318.343
318.342
318.34
318.336
318.333
318.332
318.333
318.336
318.34
318.342
318.339
318.332
318.321
318.309
318.3
318.294
318.291
318.289
318.289
318.289
318.291
318.294
318.297
318.298
318.295
318.291
318.286
318.285
318.285
318.286
318.289
318.294
318.303
318.315
318.329
318.341
318.35
318.354
318.353
318.351
318.35
318.352
318.357
318.363
318.373
318.392
318.443
318.568
318.812
319.168
319.539
319.801
320.006
317.68
317.816
317.829
317.779
317.786
317.866
317.98
318.09
318.186
318.268
318.339
318.401
318.458
318.509
318.556
318.599
318.638
318.673
318.704
318.733
318.759
318.784
318.808
318.832
318.856
318.879
318.901
318.922
318.941
318.958
318.973
318.986
318.996
319.006
319.013
319.019
319.023
319.025
319.025
319.023
319.021
319.019
319.019
319.022
319.025
319.028
319.027
319.022
319.012
319.001
318.99
318.983
318.979
318.977
318.977
318.976
318.976
318.977
318.98
318.982
318.982
318.98
318.977
318.974
318.973
318.973
318.975
318.977
318.982
318.988
318.998
319.01
319.022
319.031
319.037
319.038
319.038
319.037
319.039
319.043
319.048
319.054
319.063
319.091
319.172
319.354
319.643
319.961
320.194
320.396
317.979
318.144
318.227
318.274
318.364
318.494
318.631
318.752
318.854
318.943
319.02
319.09
319.153
319.21
319.262
319.309
319.352
319.391
319.426
319.458
319.487
319.515
319.543
319.57
319.596
319.622
319.646
319.669
319.69
319.709
319.726
319.74
319.753
319.764
319.772
319.779
319.785
319.788
319.788
319.787
319.786
319.786
319.787
319.791
319.794
319.794
319.791
319.783
319.772
319.761
319.753
319.748
319.746
319.745
319.745
319.744
319.744
319.745
319.746
319.747
319.747
319.746
319.744
319.742
319.742
319.742
319.744
319.747
319.75
319.755
319.763
319.772
319.783
319.792
319.799
319.803
319.804
319.804
319.806
319.809
319.814
319.819
319.823
319.834
319.876
319.989
320.191
320.435
320.627
320.827
318.286
318.488
318.656
318.8
318.96
319.125
319.274
319.401
319.511
319.606
319.691
319.767
319.836
319.899
319.956
320.008
320.055
320.098
320.137
320.173
320.206
320.238
320.269
320.299
320.328
320.357
320.384
320.409
320.432
320.453
320.472
320.489
320.503
320.516
320.526
320.535
320.541
320.545
320.547
320.548
320.548
320.55
320.553
320.557
320.558
320.557
320.551
320.541
320.53
320.521
320.515
320.512
320.512
320.512
320.511
320.511
320.511
320.511
320.512
320.512
320.512
320.511
320.51
320.509
320.509
320.51
320.512
320.515
320.518
320.522
320.528
320.535
320.544
320.553
320.56
320.565
320.567
320.569
320.571
320.574
320.579
320.585
320.588
320.592
320.607
320.661
320.774
320.928
321.065
321.259
318.546
318.789
319.032
319.248
319.449
319.628
319.783
319.915
320.031
320.133
320.224
320.306
320.38
320.448
320.51
320.566
320.617
320.664
320.707
320.746
320.783
320.819
320.853
320.886
320.918
320.949
320.979
321.006
321.032
321.055
321.075
321.094
321.11
321.125
321.138
321.148
321.156
321.161
321.165
321.168
321.171
321.174
321.179
321.182
321.183
321.179
321.172
321.162
321.152
321.145
321.142
321.141
321.141
321.142
321.142
321.142
321.142
321.143
321.143
321.143
321.143
321.143
321.142
321.142
321.142
321.143
321.146
321.148
321.152
321.156
321.16
321.166
321.172
321.179
321.186
321.192
321.196
321.198
321.201
321.205
321.21
321.215
321.22
321.224
321.229
321.248
321.295
321.368
321.448
321.632
318.707
318.981
319.268
319.516
319.73
319.914
320.073
320.211
320.332
320.439
320.536
320.622
320.701
320.772
320.838
320.898
320.952
321.002
321.048
321.091
321.131
321.17
321.206
321.242
321.276
321.31
321.341
321.37
321.398
321.422
321.445
321.465
321.484
321.5
321.514
321.526
321.535
321.543
321.548
321.553
321.558
321.564
321.569
321.573
321.572
321.568
321.559
321.55
321.543
321.538
321.537
321.537
321.539
321.54
321.541
321.541
321.542
321.543
321.543
321.543
321.543
321.544
321.544
321.544
321.545
321.546
321.549
321.552
321.555
321.559
321.563
321.567
321.572
321.578
321.584
321.589
321.593
321.597
321.601
321.604
321.609
321.614
321.62
321.625
321.63
321.637
321.652
321.679
321.724
321.895
318.783
319.072
319.375
319.633
319.855
320.045
320.211
320.355
320.483
320.596
320.698
320.79
320.874
320.95
321.02
321.084
321.143
321.197
321.247
321.294
321.338
321.38
321.42
321.458
321.496
321.531
321.565
321.597
321.626
321.653
321.678
321.7
321.72
321.739
321.755
321.768
321.779
321.787
321.795
321.801
321.807
321.814
321.818
321.821
321.819
321.813
321.806
321.798
321.792
321.788
321.787
321.788
321.789
321.79
321.791
321.792
321.793
321.793
321.793
321.793
321.793
321.793
321.793
321.793
321.794
321.794
321.796
321.798
321.801
321.804
321.807
321.81
321.814
321.818
321.822
321.826
321.83
321.833
321.837
321.84
321.844
321.849
321.854
321.858
321.863
321.868
321.875
321.886
321.922
322.076
)
;
        refGradient     uniform 0;
        valueFraction   nonuniform List<scalar> 
990
(
0.495766
0.495766
0.495766
0.495766
0.495766
0.495766
0.495766
0.495766
0.495766
0.495766
0.495766
0.495766
0.495766
0.495766
0.495766
0.495766
0.495766
0.495766
0.495766
0.495766
0.495766
0.495766
0.495766
0.495766
0.495766
0.495766
0.495766
0.495766
0.495766
0.495766
0.495766
0.495766
0.495766
0.495766
0.495766
0.495766
0.495766
0.495766
0.495766
0.495766
0.495766
0.495766
0.495766
0.495766
0.495766
0.495766
0.495766
0.495766
0.495766
0.495766
0.495766
0.495766
0.495766
0.495766
0.495766
0.495766
0.495766
0.495766
0.495766
0.495766
0.495766
0.495766
0.495766
0.495766
0.495766
0.495766
0.495766
0.495766
0.495766
0.495766
0.495766
0.495766
0.495766
0.495766
0.495766
0.495766
0.495766
0.495766
0.495766
0.495766
0.495766
0.495766
0.495766
0.495766
0.495766
0.495766
0.495766
0.495766
0.495766
0.495766
0.495766
0.495766
0.495766
0.495766
0.495766
0.495766
0.495766
0.495766
0.495766
0.495766
0.495766
0.495766
0.495766
0.495766
0.495766
0.495766
0.495766
0.495766
0.495766
0.495766
0.495766
0.495766
0.495766
0.495766
0.495766
0.495766
0.495766
0.495766
0.495766
0.495766
0.495766
0.495766
0.495766
0.495766
0.495766
0.495766
0.495766
0.495766
0.495766
0.495766
0.495766
0.495766
0.495766
0.495766
0.495766
0.495766
0.495766
0.495766
0.495766
0.495766
0.495766
0.495766
0.495766
0.495766
0.495766
0.495766
0.495766
0.495766
0.495766
0.495766
0.495766
0.495766
0.495766
0.495766
0.495766
0.495766
0.495766
0.495766
0.495766
0.495766
0.495766
0.495766
0.495766
0.495766
0.495766
0.495766
0.495766
0.495766
0.495766
0.495766
0.495766
0.495766
0.495766
0.495766
0.495766
0.495766
0.495766
0.495766
0.495766
0.495766
0.495766
0.495766
0.495766
0.495766
0.495766
0.495766
0.495766
0.495766
0.495766
0.495766
0.495766
0.495766
0.495766
0.495766
0.495766
0.495766
0.495766
0.495766
0.495766
0.495766
0.495766
0.495766
0.495766
0.495766
0.495766
0.495766
0.495766
0.495766
0.495766
0.495766
0.495766
0.495766
0.495766
0.495766
0.495766
0.495766
0.495766
0.495766
0.495766
0.495766
0.495766
0.495766
0.495766
0.495766
0.495766
0.495766
0.495766
0.495766
0.495766
0.495766
0.495766
0.495766
0.495766
0.495766
0.495766
0.495766
0.495766
0.495766
0.495766
0.495766
0.495766
0.495766
0.495766
0.495766
0.495766
0.495766
0.495766
0.495766
0.495766
0.495766
0.495766
0.495766
0.495766
0.495766
0.495766
0.495766
0.495766
0.495766
0.495766
0.495766
0.495766
0.495766
0.495766
0.495766
0.495766
0.495766
0.495766
0.495766
0.495766
0.495766
0.495766
0.495766
0.495766
0.495766
0.495766
0.495766
0.495766
0.495766
0.495766
0.495766
0.495766
0.495766
0.495766
0.495766
0.495766
0.495766
0.495766
0.495766
0.495766
0.495766
0.495766
0.495766
0.495766
0.495766
0.495766
0.495766
0.495766
0.495766
0.495766
0.495766
0.495766
0.495766
0.495766
0.495766
0.495766
0.495766
0.495766
0.495766
0.495766
0.495766
0.495766
0.495766
0.495766
0.495766
0.495766
0.495766
0.495766
0.495766
0.495766
0.495766
0.495766
0.495766
0.495766
0.495766
0.495766
0.495766
0.495766
0.495766
0.495766
0.495766
0.495766
0.495766
0.495766
0.495766
0.495766
0.495766
0.495766
0.495766
0.495766
0.495766
0.495766
0.495766
0.495766
0.495766
0.495766
0.495766
0.495766
0.495766
0.495766
0.495766
0.495766
0.495766
0.495766
0.495766
0.495766
0.495766
0.495766
0.495766
0.495766
0.495766
0.495766
0.495766
0.495766
0.495766
0.495766
0.495766
0.495766
0.495766
0.495766
0.495766
0.495766
0.495766
0.495766
0.495766
0.495766
0.495766
0.495766
0.495766
0.495766
0.495766
0.495766
0.495766
0.495766
0.495766
0.495766
0.495766
0.495766
0.495766
0.495766
0.495766
0.495766
0.495766
0.495766
0.495766
0.495766
0.495766
0.495766
0.495766
0.495766
0.495766
0.495766
0.495766
0.495766
0.495766
0.495766
0.495766
0.495766
0.495766
0.495766
0.495766
0.495766
0.495766
0.495766
0.495766
0.495766
0.495766
0.495766
0.495766
0.495766
0.495766
0.495766
0.495766
0.495766
0.495766
0.495766
0.495766
0.495766
0.495766
0.495766
0.495766
0.495766
0.495766
0.495766
0.495766
0.495766
0.495766
0.495766
0.495766
0.495766
0.495766
0.495766
0.495766
0.495766
0.495766
0.495766
0.495766
0.495766
0.495766
0.495766
0.495766
0.495766
0.495766
0.495766
0.495766
0.495766
0.495766
0.495766
0.495766
0.495766
0.495766
0.495766
0.495766
0.495766
0.495766
0.495766
0.495766
0.495766
0.495766
0.495766
0.495766
0.495766
0.495766
0.495766
0.495766
0.495766
0.495766
0.495766
0.495766
0.495766
0.495766
0.495766
0.495766
0.495766
0.495766
0.495766
0.495766
0.495766
0.495766
0.495766
0.495766
0.495766
0.495766
0.495766
0.495766
0.495766
0.495766
0.495766
0.495766
0.495766
0.495766
0.495766
0.495766
0.495766
0.495766
0.495766
0.495766
0.495766
0.495766
0.495766
0.495766
0.495766
0.495766
0.495766
0.495766
0.495766
0.495766
0.495766
0.495766
0.495766
0.495766
0.495766
0.495766
0.495766
0.495766
0.495766
0.495766
0.495766
0.495766
0.495766
0.495766
0.495766
0.495766
0.495766
0.495766
0.495766
0.495766
0.495766
0.495766
0.495766
0.495766
0.495766
0.495766
0.495766
0.495766
0.495766
0.495766
0.495766
0.495766
0.495766
0.495766
0.495766
0.495766
0.495766
0.495766
0.495766
0.495766
0.495766
0.495766
0.495766
0.495766
0.495766
0.495766
0.495766
0.495766
0.495766
0.495766
0.495766
0.495766
0.495766
0.495766
0.495766
0.495766
0.495766
0.495766
0.495766
0.495766
0.495766
0.495766
0.495766
0.495766
0.495766
0.495766
0.495766
0.495766
0.495766
0.495766
0.495766
0.495766
0.495766
0.495766
0.495766
0.495766
0.495766
0.495766
0.495766
0.495766
0.495766
0.495766
0.495766
0.495766
0.495766
0.495766
0.495766
0.495766
0.495766
0.495766
0.495766
0.495766
0.495766
0.495766
0.495766
0.495766
0.495766
0.495766
0.495766
0.495766
0.495766
0.495766
0.495766
0.495766
0.495766
0.495766
0.495766
0.495766
0.495766
0.495766
0.495766
0.495766
0.495766
0.495766
0.495766
0.495766
0.495766
0.495766
0.495766
0.495766
0.495766
0.495766
0.495766
0.495766
0.495766
0.495766
0.495766
0.495766
0.495766
0.495766
0.495766
0.495766
0.495766
0.495766
0.495766
0.495766
0.495766
0.495766
0.495766
0.495766
0.495766
0.495766
0.495766
0.495766
0.495766
0.495766
0.495766
0.495766
0.495766
0.495766
0.495766
0.495766
0.495766
0.495766
0.495766
0.495766
0.495766
0.495766
0.495766
0.495766
0.495766
0.495766
0.495766
0.495766
0.495766
0.495766
0.495766
0.495766
0.495766
0.495766
0.495766
0.495766
0.495766
0.495766
0.495766
0.495766
0.495766
0.495766
0.495766
0.495766
0.495766
0.495766
0.495766
0.495766
0.495766
0.495766
0.495766
0.495766
0.495766
0.495766
0.495766
0.495766
0.495766
0.495766
0.495766
0.495766
0.495766
0.495766
0.495766
0.495766
0.495766
0.495766
0.495766
0.495766
0.495766
0.495766
0.495766
0.495766
0.495766
0.495766
0.495766
0.495766
0.495766
0.495766
0.495766
0.495766
0.495766
0.495766
0.495766
0.495766
0.495766
0.495766
0.495766
0.495766
0.495766
0.495766
0.495766
0.495766
0.495766
0.495766
0.495766
0.495766
0.495766
0.495766
0.495766
0.495766
0.495766
0.495766
0.495766
0.495766
0.495766
0.495766
0.495766
0.495766
0.495766
0.495766
0.495766
0.495766
0.495766
0.495766
0.495766
0.495766
0.495766
0.495766
0.495766
0.495766
0.495766
0.495766
0.495766
0.495766
0.495766
0.495766
0.495766
0.495766
0.495766
0.495766
0.495766
0.495766
0.495766
0.495766
0.495766
0.495766
0.495766
0.495766
0.495766
0.495766
0.495766
0.495766
0.495766
0.495766
0.495766
0.495766
0.495766
0.495766
0.495766
0.495766
0.495766
0.495766
0.495766
0.495766
0.495766
0.495766
0.495766
0.495766
0.495766
0.495766
0.495766
0.495766
0.495766
0.495766
0.495766
0.495766
0.495766
0.495766
0.495766
0.495766
0.495766
0.495766
0.495766
0.495766
0.495766
0.495766
0.495766
0.495766
0.495766
0.495766
0.495766
0.495766
0.495766
0.495766
0.495766
0.495766
0.495766
0.495766
0.495766
0.495766
0.495766
0.495766
0.495766
0.495766
0.495766
0.495766
0.495766
0.495766
0.495766
0.495766
0.495766
0.495766
0.495766
0.495766
0.495766
0.495766
0.495766
0.495766
0.495766
0.495766
0.495766
0.495766
0.495766
0.495766
0.495766
0.495766
0.495766
0.495766
0.495766
0.495766
0.495766
0.495766
0.495766
0.495766
0.495766
0.495766
0.495766
0.495766
0.495766
0.495766
0.495766
0.495766
0.495766
0.495766
0.495766
0.495766
0.495766
0.495766
0.495766
0.495766
0.495766
0.495766
0.495766
0.495766
0.495766
0.495766
0.495766
0.495766
0.495766
0.495766
0.495766
0.495766
0.495766
0.495766
0.495766
0.495766
0.495766
0.495766
0.495766
0.495766
0.495766
0.495766
0.495766
0.495766
0.495766
0.495766
0.495766
0.495766
0.495766
0.495766
0.495766
0.495766
0.495766
0.495766
0.495766
0.495766
0.495766
0.495766
0.495766
0.495766
0.495766
0.495766
0.495766
0.495766
0.495766
0.495766
0.495766
0.495766
0.495766
0.495766
0.495766
0.495766
0.495766
0.495766
0.495766
0.495766
0.495766
0.495766
0.495766
0.495766
0.495766
0.495766
0.495766
0.495766
0.495766
0.495766
0.495766
0.495766
0.495766
0.495766
0.495766
0.495766
0.495766
0.495766
0.495766
0.495766
0.495766
0.495766
0.495766
0.495766
0.495766
0.495766
0.495766
0.495766
0.495766
0.495766
0.495766
0.495766
0.495766
0.495766
0.495766
0.495766
0.495766
0.495766
0.495766
0.495766
0.495766
0.495766
)
;
        value           nonuniform List<scalar> 
990
(
317.439
317.522
317.393
317.13
316.902
316.783
316.759
316.79
316.845
316.904
316.961
317.013
317.059
317.098
317.132
317.161
317.188
317.213
317.237
317.259
317.279
317.297
317.314
317.331
317.347
317.364
317.38
317.397
317.413
317.429
317.444
317.456
317.455
317.463
317.469
317.474
317.475
317.475
317.475
317.473
317.47
317.467
317.463
317.461
317.462
317.465
317.468
317.47
317.471
317.467
317.458
317.446
317.434
317.424
317.418
317.414
317.413
317.417
317.437
317.443
317.443
317.437
317.428
317.419
317.415
317.414
317.418
317.426
317.438
317.452
317.465
317.473
317.476
317.473
317.468
317.463
317.461
317.463
317.47
317.481
317.501
317.537
317.607
317.744
317.99
318.377
318.872
319.347
319.669
319.914
317.578
317.675
317.567
317.328
317.123
317.027
317.024
317.072
317.136
317.202
317.263
317.317
317.364
317.405
317.441
317.473
317.503
317.531
317.557
317.58
317.602
317.621
317.64
317.658
317.676
317.694
317.713
317.73
317.748
317.765
317.78
317.794
317.804
317.812
317.819
317.824
317.827
317.829
317.829
317.827
317.824
317.82
317.816
317.814
317.815
317.818
317.822
317.825
317.824
317.818
317.807
317.795
317.784
317.776
317.771
317.768
317.767
317.769
317.776
317.781
317.781
317.776
317.767
317.76
317.755
317.754
317.756
317.762
317.772
317.786
317.8
317.811
317.817
317.817
317.812
317.807
317.804
317.804
317.809
317.818
317.833
317.862
317.921
318.042
318.27
318.638
319.112
319.569
319.877
320.107
317.744
317.856
317.774
317.564
317.392
317.328
317.352
317.418
317.494
317.566
317.631
317.687
317.737
317.781
317.82
317.856
317.889
317.919
317.947
317.972
317.995
318.016
318.037
318.057
318.077
318.097
318.117
318.136
318.155
318.172
318.188
318.201
318.213
318.222
318.229
318.234
318.239
318.241
318.242
318.24
318.237
318.233
318.229
318.228
318.229
318.233
318.237
318.239
318.236
318.228
318.217
318.205
318.195
318.189
318.185
318.183
318.183
318.185
318.19
318.194
318.194
318.189
318.182
318.176
318.172
318.171
318.172
318.176
318.184
318.196
318.21
318.222
318.231
318.233
318.231
318.226
318.222
318.221
318.224
318.23
318.241
318.262
318.308
318.41
318.613
318.954
319.403
319.836
320.127
320.344
317.94
318.07
318.018
317.847
317.72
317.7
317.757
317.843
317.931
318.009
318.078
318.137
318.19
318.238
318.281
318.321
318.357
318.39
318.42
318.448
318.472
318.496
318.518
318.54
318.562
318.585
318.606
318.627
318.646
318.664
318.68
318.694
318.706
318.716
318.723
318.73
318.735
318.739
318.739
318.738
318.735
318.731
318.729
318.729
318.731
318.734
318.738
318.738
318.733
318.723
318.712
318.701
318.693
318.689
318.686
318.685
318.685
318.686
318.69
318.693
318.693
318.69
318.684
318.678
318.675
318.675
318.675
318.678
318.684
318.693
318.706
318.718
318.729
318.734
318.734
318.73
318.726
318.724
318.725
318.73
318.737
318.75
318.782
318.86
319.031
319.335
319.748
320.154
320.424
320.63
318.17
318.319
318.304
318.19
318.127
318.161
318.253
318.36
318.457
318.542
318.615
318.679
318.737
318.789
318.836
318.88
318.92
318.956
318.989
319.018
319.046
319.071
319.096
319.121
319.145
319.169
319.193
319.215
319.236
319.255
319.272
319.286
319.299
319.309
319.318
319.325
319.332
319.336
319.337
319.336
319.333
319.331
319.329
319.331
319.333
319.337
319.338
319.336
319.329
319.318
319.307
319.299
319.293
319.29
319.288
319.287
319.287
319.288
319.291
319.293
319.293
319.29
319.285
319.281
319.279
319.278
319.279
319.281
319.285
319.292
319.303
319.314
319.325
319.332
319.334
319.333
319.329
319.327
319.328
319.331
319.335
319.343
319.36
319.411
319.541
319.794
320.157
320.526
320.775
320.973
318.439
318.609
318.647
318.612
318.629
318.722
318.848
318.97
319.075
319.166
319.244
319.314
319.378
319.435
319.488
319.536
319.58
319.619
319.655
319.688
319.718
319.746
319.774
319.801
319.828
319.855
319.88
319.904
319.927
319.947
319.965
319.981
319.995
320.007
320.017
320.026
320.033
320.037
320.039
320.038
320.037
320.035
320.036
320.038
320.041
320.043
320.043
320.037
320.028
320.018
320.008
320.002
319.998
319.996
319.995
319.994
319.994
319.994
319.996
319.997
319.997
319.995
319.991
319.988
319.987
319.987
319.987
319.989
319.992
319.997
320.005
320.015
320.026
320.034
320.038
320.038
320.036
320.034
320.034
320.037
320.04
320.044
320.051
320.077
320.16
320.347
320.64
320.955
321.176
321.372
318.741
318.938
319.047
319.112
319.216
319.361
319.51
319.643
319.755
319.852
319.937
320.014
320.084
320.147
320.205
320.258
320.305
320.349
320.388
320.424
320.458
320.49
320.521
320.552
320.581
320.61
320.638
320.665
320.689
320.711
320.731
320.749
320.765
320.778
320.79
320.8
320.807
320.813
320.815
320.816
320.815
320.816
320.818
320.821
320.824
320.824
320.821
320.813
320.803
320.793
320.785
320.781
320.779
320.778
320.777
320.776
320.776
320.776
320.777
320.777
320.777
320.775
320.773
320.771
320.77
320.77
320.771
320.773
320.775
320.779
320.785
320.793
320.802
320.81
320.815
320.817
320.817
320.816
320.816
320.818
320.822
320.824
320.826
320.835
320.875
320.989
321.192
321.432
321.613
321.81
319.047
319.281
319.474
319.638
319.814
319.993
320.154
320.293
320.411
320.515
320.608
320.692
320.767
320.836
320.899
320.956
321.009
321.056
321.099
321.139
321.177
321.213
321.247
321.281
321.314
321.346
321.376
321.405
321.432
321.456
321.478
321.498
321.515
321.531
321.545
321.556
321.565
321.572
321.576
321.578
321.579
321.582
321.585
321.589
321.591
321.589
321.583
321.574
321.564
321.555
321.55
321.548
321.547
321.547
321.546
321.546
321.545
321.545
321.545
321.545
321.544
321.543
321.542
321.541
321.54
321.541
321.542
321.544
321.546
321.549
321.554
321.559
321.567
321.574
321.579
321.583
321.584
321.584
321.585
321.587
321.59
321.594
321.595
321.596
321.61
321.662
321.773
321.921
322.048
322.243
319.299
319.572
319.84
320.075
320.291
320.484
320.65
320.793
320.918
321.028
321.127
321.216
321.297
321.371
321.438
321.5
321.556
321.607
321.654
321.698
321.739
321.778
321.816
321.853
321.888
321.923
321.956
321.987
322.015
322.042
322.066
322.088
322.108
322.125
322.141
322.154
322.165
322.173
322.179
322.183
322.187
322.192
322.197
322.201
322.202
322.199
322.191
322.182
322.173
322.167
322.164
322.163
322.163
322.164
322.164
322.164
322.164
322.164
322.164
322.163
322.163
322.162
322.162
322.161
322.161
322.162
322.163
322.165
322.168
322.17
322.174
322.178
322.183
322.189
322.195
322.199
322.201
322.203
322.204
322.206
322.209
322.214
322.217
322.218
322.221
322.238
322.281
322.349
322.421
322.609
319.449
319.75
320.06
320.325
320.554
320.751
320.92
321.068
321.198
321.314
321.417
321.511
321.596
321.673
321.744
321.809
321.868
321.923
321.973
322.02
322.064
322.106
322.147
322.186
322.223
322.26
322.295
322.327
322.358
322.386
322.412
322.436
322.458
322.477
322.495
322.509
322.522
322.531
322.539
322.546
322.553
322.559
322.566
322.57
322.57
322.566
322.558
322.55
322.543
322.539
322.538
322.539
322.54
322.541
322.542
322.543
322.543
322.543
322.543
322.543
322.543
322.543
322.543
322.544
322.544
322.545
322.547
322.549
322.552
322.555
322.558
322.561
322.565
322.57
322.574
322.578
322.582
322.584
322.586
322.588
322.591
322.595
322.599
322.603
322.606
322.611
322.623
322.646
322.686
322.864
319.514
319.831
320.155
320.43
320.666
320.869
321.045
321.2
321.337
321.459
321.568
321.667
321.757
321.839
321.915
321.984
322.048
322.107
322.161
322.212
322.26
322.306
322.35
322.392
322.433
322.472
322.509
322.544
322.577
322.608
322.636
322.662
322.686
322.708
322.727
322.744
322.757
322.769
322.778
322.787
322.795
322.802
322.808
322.811
322.81
322.806
322.799
322.792
322.786
322.784
322.783
322.784
322.785
322.786
322.787
322.787
322.788
322.788
322.788
322.788
322.788
322.787
322.787
322.787
322.787
322.788
322.789
322.79
322.793
322.795
322.797
322.8
322.802
322.805
322.807
322.81
322.813
322.815
322.817
322.82
322.822
322.825
322.828
322.832
322.835
322.838
322.843
322.852
322.884
323.046
)
;
        Tnbr            T;
        qrNbr           none;
        qr              none;
        thermalInertia  false;
        thicknessLayers List<scalar> 0();
        kappaLayers     List<scalar> 0();
        kappaMethod     solidThermo;
        kappa           none;
        alphaAni        none;
        alpha           none;
    }
    asphalt_to_air
    {
        type            compressible::turbulentTemperatureRadCoupledMixed;
        refValue        nonuniform List<scalar> 
990
(
310.169
310.324
310.456
310.569
310.667
310.752
310.83
310.901
310.968
311.03
311.089
311.145
311.198
311.249
311.297
311.343
311.387
311.429
311.469
311.508
311.546
311.582
311.617
311.651
311.684
311.716
311.746
311.776
311.805
311.833
311.86
311.886
311.911
311.934
311.955
311.975
311.993
312.01
312.024
312.036
312.046
312.053
312.058
312.062
312.065
312.066
312.067
312.067
312.066
312.065
312.063
312.061
312.059
312.056
312.052
312.048
312.044
312.039
312.034
312.029
312.023
312.016
312.009
312.001
311.992
311.983
311.973
311.962
311.952
311.94
311.929
311.917
311.904
311.892
311.879
311.866
311.853
311.841
311.828
311.815
311.803
311.792
311.782
311.774
311.77
311.771
311.778
311.79
311.804
311.82
310.172
310.329
310.464
310.58
310.68
310.768
310.849
310.923
310.993
311.058
311.12
311.179
311.234
311.287
311.337
311.385
311.431
311.474
311.517
311.557
311.596
311.634
311.67
311.705
311.74
311.773
311.805
311.836
311.867
311.896
311.924
311.951
311.976
312
312.023
312.043
312.062
312.079
312.094
312.106
312.116
312.123
312.129
312.132
312.135
312.136
312.137
312.137
312.137
312.136
312.135
312.133
312.131
312.128
312.125
312.122
312.118
312.114
312.109
312.104
312.098
312.092
312.085
312.077
312.069
312.06
312.051
312.041
312.031
312.02
312.009
311.997
311.985
311.973
311.961
311.949
311.936
311.924
311.912
311.9
311.888
311.877
311.866
311.858
311.854
311.854
311.86
311.871
311.884
311.898
310.175
310.335
310.473
310.592
310.695
310.787
310.871
310.95
311.023
311.092
311.157
311.218
311.277
311.332
311.385
311.435
311.483
311.529
311.573
311.616
311.657
311.696
311.735
311.772
311.808
311.843
311.876
311.909
311.941
311.972
312.001
312.029
312.056
312.081
312.104
312.126
312.146
312.163
312.179
312.192
312.201
312.209
312.214
312.218
312.221
312.223
312.224
312.224
312.224
312.224
312.223
312.221
312.22
312.218
312.215
312.212
312.209
312.206
312.202
312.198
312.193
312.187
312.181
312.174
312.167
312.159
312.15
312.141
312.131
312.121
312.11
312.1
312.088
312.077
312.065
312.054
312.042
312.03
312.018
312.006
311.995
311.983
311.973
311.965
311.959
311.959
311.963
311.972
311.984
311.997
310.178
310.341
310.483
310.605
310.712
310.809
310.898
310.981
311.058
311.131
311.2
311.265
311.327
311.386
311.441
311.495
311.546
311.594
311.641
311.686
311.73
311.771
311.812
311.851
311.889
311.926
311.962
311.997
312.031
312.063
312.094
312.124
312.152
312.179
312.203
312.226
312.247
312.266
312.282
312.295
312.305
312.313
312.319
312.323
312.327
312.329
312.33
312.331
312.331
312.331
312.33
312.329
312.328
312.327
312.325
312.323
312.32
312.317
312.314
312.31
312.306
312.301
312.296
312.29
312.283
312.276
312.268
312.259
312.25
312.241
312.231
312.221
312.21
312.2
312.189
312.177
312.166
312.155
312.143
312.132
312.121
312.11
312.1
312.091
312.085
312.083
312.086
312.093
312.103
312.115
310.182
310.349
310.494
310.621
310.733
310.835
310.93
311.018
311.101
311.178
311.252
311.321
311.387
311.449
311.508
311.565
311.619
311.671
311.721
311.769
311.816
311.86
311.904
311.946
311.986
312.026
312.064
312.101
312.137
312.172
312.205
312.237
312.267
312.296
312.322
312.347
312.369
312.389
312.406
312.42
312.431
312.439
312.445
312.45
312.454
312.457
312.458
312.46
312.46
312.461
312.461
312.461
312.46
312.459
312.458
312.457
312.455
312.453
312.45
312.447
312.444
312.44
312.435
312.43
312.424
312.417
312.41
312.402
312.394
312.385
312.376
312.367
312.357
312.347
312.337
312.326
312.316
312.305
312.294
312.284
312.273
312.263
312.253
312.244
312.237
312.233
312.234
312.239
312.247
312.258
310.186
310.357
310.507
310.639
310.757
310.866
310.967
311.061
311.15
311.233
311.311
311.385
311.455
311.522
311.586
311.646
311.704
311.76
311.814
311.865
311.915
311.963
312.01
312.055
312.099
312.142
312.183
312.223
312.262
312.299
312.335
312.37
312.402
312.433
312.462
312.488
312.513
312.535
312.553
312.568
312.58
312.59
312.597
312.603
312.608
312.611
312.614
312.616
312.617
312.618
312.619
312.62
312.62
312.62
312.62
312.619
312.618
312.617
312.615
312.613
312.611
312.607
312.604
312.599
312.594
312.589
312.582
312.575
312.568
312.56
312.552
312.543
312.534
312.525
312.515
312.506
312.496
312.486
312.476
312.466
312.457
312.447
312.438
312.429
312.421
312.416
312.415
312.417
312.423
312.431
310.191
310.367
310.521
310.659
310.785
310.9
311.008
311.109
311.203
311.291
311.375
311.454
311.529
311.6
311.669
311.734
311.796
311.856
311.914
311.969
312.023
312.075
312.125
312.174
312.222
312.268
312.313
312.357
312.399
312.44
312.479
312.517
312.553
312.586
312.618
312.647
312.674
312.699
312.72
312.738
312.752
312.763
312.772
312.779
312.785
312.79
312.794
312.797
312.799
312.801
312.803
312.805
312.806
312.807
312.808
312.809
312.809
312.809
312.809
312.808
312.806
312.804
312.801
312.798
312.794
312.79
312.784
312.779
312.772
312.765
312.758
312.75
312.742
312.734
312.726
312.717
312.708
312.699
312.69
312.682
312.673
312.664
312.656
312.647
312.639
312.633
312.63
312.629
312.632
312.64
310.195
310.376
310.535
310.679
310.811
310.933
311.047
311.153
311.252
311.346
311.434
311.518
311.598
311.673
311.746
311.815
311.882
311.946
312.008
312.067
312.125
312.181
312.235
312.288
312.34
312.39
312.439
312.487
312.533
312.578
312.621
312.663
312.702
312.74
312.775
312.808
312.838
312.866
312.892
312.914
312.933
312.948
312.961
312.971
312.98
312.987
312.993
312.998
313.002
313.006
313.01
313.013
313.016
313.019
313.022
313.024
313.026
313.028
313.029
313.029
313.029
313.029
313.028
313.026
313.023
313.02
313.017
313.012
313.007
313.002
312.996
312.989
312.982
312.975
312.968
312.96
312.953
312.945
312.937
312.929
312.922
312.914
312.907
312.899
312.892
312.886
312.881
312.878
312.879
312.885
310.198
310.382
310.545
310.694
310.83
310.956
311.074
311.184
311.287
311.384
311.476
311.563
311.646
311.725
311.801
311.873
311.943
312.011
312.076
312.139
312.2
312.259
312.317
312.374
312.429
312.483
312.535
312.587
312.637
312.686
312.733
312.778
312.822
312.864
312.903
312.94
312.975
313.007
313.036
313.063
313.087
313.109
313.128
313.145
313.158
313.17
313.181
313.19
313.198
313.205
313.212
313.218
313.224
313.23
313.236
313.241
313.246
313.25
313.254
313.257
313.26
313.262
313.263
313.264
313.264
313.263
313.261
313.259
313.257
313.253
313.249
313.245
313.24
313.235
313.229
313.223
313.218
313.211
313.205
313.199
313.193
313.187
313.181
313.175
313.17
313.164
313.159
313.156
313.156
313.159
310.2
310.384
310.55
310.7
310.838
310.966
311.085
311.197
311.301
311.4
311.494
311.582
311.667
311.748
311.825
311.9
311.972
312.041
312.108
312.173
312.236
312.297
312.357
312.416
312.474
312.53
312.586
312.64
312.693
312.745
312.795
312.844
312.891
312.936
312.98
313.021
313.059
313.095
313.129
313.16
313.189
313.216
313.24
313.262
313.282
313.3
313.316
313.331
313.344
313.357
313.368
313.379
313.389
313.398
313.407
313.415
313.423
313.431
313.438
313.444
313.45
313.455
313.46
313.464
313.467
313.47
313.472
313.474
313.475
313.475
313.475
313.475
313.473
313.472
313.469
313.467
313.464
313.461
313.458
313.454
313.451
313.447
313.443
313.44
313.436
313.433
313.43
313.427
313.424
313.425
310.2
310.385
310.551
310.701
310.84
310.968
311.088
311.2
311.306
311.405
311.499
311.589
311.675
311.756
311.835
311.91
311.983
312.053
312.121
312.187
312.251
312.314
312.375
312.435
312.494
312.551
312.608
312.664
312.718
312.772
312.824
312.874
312.924
312.971
313.016
313.06
313.101
313.139
313.175
313.209
313.24
313.269
313.296
313.32
313.343
313.363
313.382
313.399
313.414
313.429
313.443
313.455
313.468
313.479
313.49
313.5
313.51
313.519
313.528
313.536
313.544
313.551
313.558
313.564
313.569
313.574
313.578
313.581
313.584
313.586
313.588
313.589
313.589
313.589
313.588
313.587
313.585
313.583
313.581
313.578
313.576
313.573
313.57
313.567
313.564
313.561
313.558
313.556
313.554
313.555
)
;
        refGradient     nonuniform List<scalar> 
990
(
65.874
64.2898
62.4399
59.9836
57.4869
55.4684
54.0837
53.2024
52.627
52.2119
51.8763
51.5834
51.32
51.0827
50.8694
50.6756
50.4955
50.3229
50.1536
49.986
49.8206
49.6592
49.5042
49.3572
49.219
49.0903
48.9726
48.8692
48.7838
48.717
48.6629
48.6155
48.5826
48.5247
48.4635
48.4104
48.3584
48.3202
48.2962
48.2808
48.2717
48.2684
48.2695
48.2709
48.284
48.2924
48.2941
48.2942
48.2948
48.2973
48.3039
48.3161
48.3329
48.3509
48.3667
48.3794
48.3903
48.3977
48.3869
48.3954
48.4192
48.4513
48.4914
48.5283
48.5502
48.5632
48.5684
48.5649
48.5532
48.5373
48.5242
48.5205
48.53
48.5509
48.5775
48.6024
48.6205
48.6319
48.6442
48.6758
48.7627
48.9693
49.4002
50.1851
51.3888
52.8425
54.0649
54.5646
54.3839
54.6639
66.7206
65.1444
63.3441
60.9512
58.5411
56.6387
55.3719
54.5782
54.0501
53.6503
53.3122
53.0101
52.7361
52.4881
52.2635
52.058
51.8657
51.6817
51.5025
51.3268
51.1552
50.9896
50.8319
50.683
50.5432
50.413
50.2945
50.191
50.1044
50.033
49.9691
49.9055
49.8391
49.7691
49.7029
49.6469
49.6018
49.5672
49.5429
49.5274
49.5193
49.5171
49.5181
49.5187
49.5185
49.5161
49.5136
49.5156
49.5246
49.5405
49.5607
49.582
49.6013
49.6164
49.6272
49.6353
49.6425
49.6483
49.6484
49.6549
49.6737
49.7016
49.7426
49.7771
49.7989
49.8134
49.8221
49.8235
49.8167
49.8037
49.79
49.7827
49.7868
49.803
49.8275
49.8532
49.8737
49.8862
49.894
49.9099
49.9629
50.1115
50.4592
51.1446
52.2491
53.6165
54.7664
55.2128
55.0016
55.2569
67.644
66.0649
64.2975
61.9726
59.6862
57.9464
56.8285
56.1319
55.6463
55.2527
54.904
54.5865
54.2974
54.035
53.7962
53.5764
53.3706
53.1743
52.9846
52.8007
52.6231
52.4534
52.2928
52.1414
51.999
51.8662
51.7454
51.6391
51.5475
51.4671
51.3905
51.3125
51.2325
51.1546
51.0845
51.0257
50.9831
50.9495
50.9243
50.9082
50.9002
50.8976
50.8968
50.8948
50.8853
50.8757
50.871
50.8754
50.8916
50.9178
50.9481
50.9758
50.9963
51.0089
51.016
51.0212
51.0261
51.0295
51.0265
51.0293
51.043
51.0658
51.1028
51.1334
51.1539
51.1686
51.1794
51.1847
51.1828
51.174
51.1622
51.1534
51.1535
51.1651
51.1864
51.2116
51.2342
51.2492
51.2559
51.2605
51.2829
51.371
51.622
52.181
53.1528
54.4089
55.481
55.8806
55.6454
55.8996
68.6526
67.0467
65.2938
63.0654
60.9676
59.4453
58.4953
57.8865
57.4246
57.021
56.6512
56.312
56.0033
55.7228
55.4669
55.2307
55.0097
54.8
54.5993
54.4068
54.2228
54.0485
53.8838
53.7284
53.5817
53.4445
53.3189
53.2063
53.1058
53.0128
52.9216
52.8298
52.7392
52.6546
52.5807
52.5189
52.4749
52.44
52.4134
52.3964
52.3873
52.3827
52.3787
52.3728
52.3575
52.3443
52.34
52.3482
52.3706
52.4037
52.4398
52.4703
52.4907
52.5014
52.5067
52.5107
52.5149
52.5176
52.5144
52.5154
52.5253
52.5434
52.5737
52.5998
52.6181
52.6322
52.6439
52.6519
52.6542
52.65
52.6415
52.6335
52.6314
52.6391
52.6565
52.6798
52.7033
52.7212
52.7298
52.7295
52.7296
52.7628
52.9112
53.3171
54.1098
55.2081
56.1818
56.5439
56.3023
56.5829
69.7667
68.1
66.3598
64.294
62.4674
61.2
60.4034
59.846
59.3758
58.9428
58.5419
58.1758
57.8437
57.5419
57.266
57.0112
56.7733
56.549
56.3362
56.134
55.9425
55.7618
55.5911
55.4293
55.2758
55.1315
54.9979
54.8755
54.7623
54.6542
54.5479
54.4431
54.3431
54.2524
54.174
54.108
54.0599
54.0221
53.9934
53.9747
53.9634
53.9557
53.9473
53.937
53.9189
53.9054
53.9038
53.9166
53.9438
53.9805
54.0179
54.0479
54.0668
54.0761
54.0805
54.0842
54.0884
54.0913
54.0896
54.0904
54.0978
54.1119
54.1354
54.1568
54.1728
54.1858
54.1975
54.2071
54.2127
54.2129
54.2085
54.2027
54.2002
54.205
54.2184
54.2387
54.2613
54.2811
54.2934
54.2947
54.2851
54.2801
54.3366
54.5776
55.1442
56.0159
56.8408
57.1617
56.9382
57.2781
70.9753
69.2199
67.5245
65.7074
64.2063
63.1742
62.4692
61.9056
61.3931
60.9158
60.4784
60.0822
59.7238
59.3979
59.0994
58.8239
58.5674
58.327
58.1005
57.8869
57.6858
57.4962
57.3166
57.1455
56.9823
56.8279
56.683
56.5473
56.4186
56.2942
56.1728
56.0558
55.9469
55.8492
55.7649
55.6933
55.6389
55.5962
55.5643
55.5426
55.5279
55.5158
55.5027
55.4882
55.4697
55.4582
55.4605
55.4779
55.5082
55.5453
55.5808
55.6079
55.6243
55.6324
55.6367
55.6406
55.6448
55.6482
55.6485
55.6501
55.6562
55.6672
55.6847
55.7017
55.7153
55.727
55.738
55.7482
55.7559
55.7596
55.7592
55.7565
55.755
55.7585
55.7689
55.7857
55.8062
55.8265
55.8424
55.8495
55.8431
55.8242
55.8204
55.9171
56.2407
56.8226
57.4236
57.67
57.4793
57.9111
72.1486
70.3034
68.7032
67.1757
65.963
65.0706
64.367
63.7454
63.1718
62.6471
62.1735
61.747
61.361
61.0094
60.687
60.3896
60.1135
59.8558
59.6144
59.3879
59.175
58.9739
58.7826
58.5994
58.424
58.2566
58.0977
57.9463
57.8008
57.66
57.5242
57.3956
57.2772
57.1713
57.0791
57.0002
56.9377
56.8885
56.8514
56.825
56.8054
56.7882
56.7704
56.7526
56.7351
56.7268
56.733
56.7535
56.7846
56.8193
56.8504
56.8731
56.8866
56.8937
56.898
56.902
56.9061
56.9096
56.9116
56.9143
56.9197
56.9284
56.9412
56.9543
56.9657
56.9759
56.9859
56.9957
57.0043
57.0104
57.0132
57.0135
57.0139
57.0171
57.0255
57.0392
57.0568
57.0758
57.0934
57.1064
57.1099
57.0983
57.0763
57.085
57.2086
57.4969
57.8239
57.9472
57.7818
58.3289
73.0067
71.0968
69.6051
68.2958
67.232
66.3528
65.584
64.889
64.2609
63.6977
63.1933
62.7392
62.3274
61.9515
61.6067
61.2887
60.9941
60.7198
60.4637
60.2239
59.9982
59.7843
59.58
59.3836
59.1946
59.0132
58.8392
58.6717
58.5099
58.3538
58.2048
58.0652
57.9369
57.8212
57.7188
57.6302
57.5573
57.4987
57.4531
57.4183
57.3908
57.3667
57.3435
57.3225
57.3058
57.3
57.3081
57.329
57.3578
57.3876
57.4127
57.4301
57.4404
57.4463
57.4503
57.4537
57.4571
57.4601
57.4627
57.466
57.4709
57.4778
57.4869
57.4968
57.5062
57.5151
57.5239
57.5328
57.5415
57.5489
57.554
57.5569
57.5592
57.563
57.5703
57.5817
57.5966
57.6133
57.6303
57.646
57.6579
57.6613
57.6516
57.638
57.6555
57.7367
57.8305
57.8248
57.6775
58.3501
73.3063
71.3562
69.9127
68.6667
67.6008
66.6622
65.8259
65.0822
64.4225
63.8357
63.3101
62.8357
62.4046
62.0108
61.6493
61.3161
61.0077
60.721
60.4536
60.2029
59.9665
59.7417
59.5261
59.3182
59.1175
58.9239
58.7367
58.5557
58.3805
58.2122
58.0526
57.9033
57.7657
57.6404
57.5277
57.4286
57.3439
57.2737
57.2168
57.1706
57.1317
57.0972
57.0659
57.0396
57.0212
57.0145
57.0206
57.0373
57.0594
57.0809
57.0977
57.1084
57.1144
57.1177
57.1197
57.121
57.1218
57.1225
57.1237
57.1256
57.1285
57.1326
57.1379
57.1442
57.1509
57.1576
57.1643
57.1714
57.1787
57.1857
57.1915
57.1957
57.1991
57.2031
57.2094
57.2188
57.231
57.245
57.2598
57.2745
57.2888
57.3011
57.3084
57.3088
57.3067
57.3088
57.2948
57.2315
57.1352
57.9314
73.1529
71.1728
69.7008
68.4104
67.2901
66.3076
65.4458
64.6891
64.0205
63.4249
62.8903
62.4072
61.9681
61.567
61.1989
60.8599
60.5463
60.2552
59.9837
59.729
59.4882
59.2587
59.0381
58.8249
58.6186
58.4186
58.2245
58.0361
57.854
57.6792
57.5136
57.3583
57.2142
57.0819
56.9618
56.8549
56.7612
56.6811
56.6134
56.5556
56.505
56.4596
56.4191
56.385
56.3606
56.3476
56.346
56.3534
56.3649
56.3758
56.3833
56.387
56.388
56.3877
56.3862
56.3837
56.3803
56.3765
56.3734
56.3709
56.3689
56.3677
56.3668
56.3669
56.3678
56.369
56.3703
56.372
56.3744
56.3773
56.38
56.3821
56.3837
56.3859
56.3898
56.3962
56.4052
56.416
56.4279
56.4401
56.4523
56.4648
56.4776
56.4898
56.4992
56.5016
56.4867
56.4492
56.4526
57.3412
72.9803
71.0229
69.5464
68.2494
67.1375
66.1774
65.3423
64.6094
63.9612
63.3839
62.8664
62.3997
61.9765
61.5909
61.238
60.914
60.6155
60.3393
60.0824
59.8418
59.6145
59.398
59.1902
58.9896
58.7954
58.607
58.4241
58.2468
58.076
57.9127
57.7579
57.6124
57.4768
57.3519
57.2384
57.1373
57.0483
56.9715
56.906
56.8498
56.8012
56.759
56.7233
56.6952
56.6769
56.6683
56.668
56.673
56.6798
56.6855
56.6892
56.6917
56.694
56.6961
56.6976
56.6976
56.696
56.6935
56.6909
56.6886
56.6866
56.685
56.6836
56.6829
56.6832
56.6837
56.6843
56.685
56.6864
56.6887
56.6915
56.6943
56.6968
56.6993
56.7027
56.7077
56.7149
56.7241
56.7348
56.7463
56.7577
56.769
56.7803
56.7922
56.8044
56.8148
56.8189
56.8151
56.8728
57.6715
)
;
        valueFraction   nonuniform List<scalar> 
990
(
0.186503
0.176429
0.168533
0.162161
0.156865
0.15236
0.148472
0.145089
0.142128
0.139521
0.137213
0.135158
0.133318
0.131661
0.130162
0.128799
0.127552
0.126406
0.125348
0.124363
0.123443
0.122576
0.121754
0.120969
0.120216
0.11949
0.118787
0.118108
0.11745
0.116815
0.116207
0.115629
0.115087
0.114582
0.114119
0.113702
0.113334
0.113017
0.112752
0.11254
0.112378
0.112264
0.112193
0.112158
0.112153
0.112174
0.112215
0.112272
0.11234
0.112416
0.112498
0.112581
0.112665
0.112747
0.112826
0.112902
0.112975
0.113043
0.113107
0.113169
0.11323
0.113289
0.113347
0.113404
0.113461
0.113518
0.113575
0.113634
0.113695
0.11376
0.113828
0.113901
0.11398
0.114065
0.114155
0.114252
0.114353
0.114459
0.114571
0.114686
0.114804
0.114921
0.115032
0.115125
0.115189
0.115219
0.115238
0.115297
0.115418
0.115572
0.186435
0.176358
0.168456
0.162077
0.156774
0.152262
0.148368
0.144981
0.142018
0.139411
0.137104
0.135051
0.133212
0.131557
0.130059
0.128697
0.127451
0.126306
0.125248
0.124264
0.123344
0.122477
0.121655
0.12087
0.120117
0.11939
0.118686
0.118005
0.117345
0.116709
0.116099
0.115519
0.114973
0.114466
0.114
0.113581
0.11321
0.112891
0.112625
0.112412
0.112251
0.112137
0.112066
0.112032
0.112029
0.11205
0.112092
0.11215
0.11222
0.112298
0.11238
0.112465
0.11255
0.112633
0.112712
0.112789
0.112861
0.11293
0.112995
0.113057
0.113117
0.113176
0.113233
0.11329
0.113347
0.113404
0.113463
0.113523
0.113586
0.113651
0.113721
0.113796
0.113876
0.113963
0.114055
0.114153
0.114257
0.114365
0.114478
0.114595
0.114715
0.114835
0.11495
0.115049
0.115118
0.115155
0.115179
0.11524
0.115364
0.115516
0.186356
0.176277
0.168368
0.161981
0.156668
0.152145
0.148242
0.14485
0.141886
0.13928
0.136975
0.134923
0.133086
0.131432
0.129936
0.128574
0.12733
0.126186
0.125129
0.124146
0.123226
0.12236
0.121538
0.120753
0.119998
0.119271
0.118567
0.117884
0.117224
0.116586
0.115975
0.115394
0.114846
0.114337
0.113869
0.113448
0.113076
0.112755
0.112489
0.112277
0.112116
0.112003
0.111933
0.111899
0.111896
0.111918
0.111961
0.112019
0.112089
0.112168
0.112251
0.112336
0.112421
0.112504
0.112583
0.112659
0.112731
0.112799
0.112863
0.112925
0.112983
0.113041
0.113097
0.113153
0.113209
0.113266
0.113324
0.113385
0.113449
0.113516
0.113587
0.113663
0.113745
0.113833
0.113927
0.114026
0.114132
0.114242
0.114356
0.114475
0.114598
0.114722
0.114843
0.114949
0.115027
0.115072
0.115103
0.11517
0.115296
0.115446
0.186266
0.176185
0.168268
0.161869
0.156541
0.152003
0.14809
0.144694
0.141729
0.139124
0.136821
0.134771
0.132936
0.131284
0.129789
0.128429
0.127185
0.126042
0.124986
0.124004
0.123085
0.122219
0.121397
0.120612
0.119858
0.11913
0.118425
0.117742
0.117081
0.116443
0.115831
0.115249
0.1147
0.114189
0.11372
0.113297
0.112924
0.112603
0.112337
0.112125
0.111965
0.111853
0.111782
0.111748
0.111746
0.111768
0.111811
0.11187
0.11194
0.112019
0.112102
0.112187
0.112272
0.112354
0.112433
0.112509
0.112581
0.112648
0.112712
0.112772
0.11283
0.112886
0.112941
0.112996
0.113051
0.113107
0.113166
0.113226
0.11329
0.113358
0.11343
0.113506
0.113588
0.113677
0.113771
0.113872
0.113978
0.114089
0.114205
0.114325
0.11445
0.114578
0.114704
0.114819
0.114909
0.114965
0.115006
0.115079
0.115207
0.115354
0.186163
0.17608
0.168155
0.161738
0.156386
0.15183
0.147907
0.144508
0.141545
0.138943
0.136642
0.134594
0.132761
0.131111
0.129617
0.128258
0.127016
0.125875
0.12482
0.123838
0.12292
0.122054
0.121233
0.120448
0.119694
0.118966
0.118261
0.117578
0.116916
0.116278
0.115665
0.115081
0.114532
0.114019
0.113549
0.113125
0.112751
0.11243
0.112164
0.111953
0.111793
0.11168
0.11161
0.111575
0.111572
0.111594
0.111637
0.111695
0.111766
0.111844
0.111926
0.112011
0.112094
0.112176
0.112254
0.112329
0.1124
0.112467
0.11253
0.11259
0.112647
0.112702
0.112756
0.11281
0.112864
0.112919
0.112977
0.113037
0.113101
0.113169
0.11324
0.113317
0.113399
0.113488
0.113582
0.113683
0.113789
0.113901
0.114017
0.114138
0.114264
0.114394
0.114526
0.114651
0.114755
0.114829
0.114884
0.114965
0.115095
0.115235
0.186044
0.175962
0.168023
0.161579
0.156199
0.151624
0.147694
0.144295
0.141335
0.138736
0.136438
0.134392
0.132561
0.130912
0.12942
0.128063
0.126822
0.125682
0.124628
0.123647
0.122729
0.121864
0.121043
0.120258
0.119504
0.118776
0.118071
0.117387
0.116725
0.116086
0.115473
0.114888
0.114337
0.113823
0.113351
0.112925
0.11255
0.112228
0.111961
0.111748
0.111587
0.111473
0.111402
0.111366
0.111362
0.111384
0.111426
0.111484
0.111553
0.111631
0.111713
0.111796
0.111879
0.11196
0.112038
0.112112
0.112183
0.112249
0.112311
0.11237
0.112427
0.112482
0.112535
0.112588
0.112642
0.112697
0.112754
0.112814
0.112878
0.112945
0.113018
0.113094
0.113177
0.113265
0.113359
0.11346
0.113566
0.113677
0.113794
0.113915
0.114041
0.114173
0.114308
0.114442
0.114563
0.114659
0.114735
0.114828
0.114961
0.11509
0.185917
0.175834
0.167875
0.161397
0.155988
0.151399
0.147468
0.144073
0.141116
0.138521
0.136225
0.134182
0.132353
0.130706
0.129216
0.12786
0.12662
0.125481
0.124427
0.123448
0.12253
0.121665
0.120844
0.120059
0.119304
0.118576
0.11787
0.117186
0.116523
0.115882
0.115267
0.11468
0.114126
0.113609
0.113134
0.112705
0.112326
0.112
0.111729
0.111513
0.111349
0.111232
0.111158
0.111121
0.111115
0.111135
0.111176
0.111234
0.111304
0.11138
0.111462
0.111544
0.111626
0.111707
0.111785
0.111859
0.111929
0.111995
0.112058
0.112117
0.112173
0.112228
0.112281
0.112334
0.112388
0.112443
0.1125
0.11256
0.112624
0.112692
0.112765
0.112842
0.112925
0.113013
0.113108
0.113208
0.113315
0.113426
0.113543
0.113664
0.11379
0.113922
0.114059
0.1142
0.114335
0.114455
0.114558
0.11467
0.114808
0.114922
0.185799
0.175712
0.167729
0.161218
0.155789
0.151196
0.147267
0.143877
0.140924
0.138331
0.136038
0.133997
0.132169
0.130523
0.129034
0.127679
0.12644
0.125301
0.124248
0.123268
0.12235
0.121484
0.120662
0.119877
0.119121
0.118391
0.117684
0.116998
0.116332
0.115689
0.11507
0.114479
0.11392
0.113398
0.112917
0.112481
0.112094
0.111759
0.111478
0.111252
0.111078
0.110953
0.110872
0.11083
0.110822
0.110841
0.110882
0.110939
0.111009
0.111086
0.111168
0.111252
0.111335
0.111417
0.111496
0.111571
0.111643
0.11171
0.111774
0.111834
0.111892
0.111947
0.112002
0.112056
0.112111
0.112167
0.112225
0.112287
0.112352
0.112422
0.112496
0.112576
0.11266
0.11275
0.112846
0.112947
0.113055
0.113168
0.113285
0.113408
0.113535
0.113667
0.113805
0.113948
0.114094
0.114234
0.114365
0.1145
0.114646
0.114745
0.185717
0.175624
0.167621
0.161092
0.155656
0.151064
0.147141
0.143754
0.140803
0.138212
0.13592
0.13388
0.132054
0.130409
0.128921
0.127567
0.126329
0.12519
0.124137
0.123157
0.122239
0.121373
0.120551
0.119764
0.119008
0.118276
0.117567
0.116878
0.116209
0.115562
0.114938
0.114341
0.113775
0.113244
0.112754
0.112307
0.111909
0.111561
0.111266
0.111023
0.110831
0.110689
0.110593
0.110538
0.110521
0.110533
0.110571
0.110627
0.110696
0.110774
0.110857
0.110942
0.111027
0.111112
0.111193
0.111271
0.111345
0.111415
0.111481
0.111543
0.111602
0.11166
0.111716
0.111772
0.111829
0.111887
0.111948
0.112011
0.112079
0.112151
0.112228
0.11231
0.112397
0.11249
0.112589
0.112693
0.112803
0.112919
0.11304
0.113166
0.113296
0.113431
0.113571
0.113716
0.113867
0.11402
0.114172
0.114327
0.114482
0.114562
0.185685
0.175587
0.167576
0.161042
0.155606
0.151017
0.147095
0.143709
0.140759
0.138168
0.135876
0.133837
0.132011
0.130367
0.128879
0.127526
0.126288
0.12515
0.124097
0.123117
0.122199
0.121334
0.120511
0.119724
0.118967
0.118234
0.117523
0.116832
0.116159
0.115507
0.114878
0.114274
0.113699
0.113158
0.112656
0.112196
0.111783
0.11142
0.111107
0.110845
0.110633
0.11047
0.110352
0.110276
0.110237
0.110231
0.110252
0.110294
0.110352
0.110421
0.110498
0.110579
0.110662
0.110744
0.110824
0.110901
0.110973
0.111041
0.111103
0.111162
0.111217
0.11127
0.11132
0.11137
0.11142
0.111472
0.111527
0.111585
0.111647
0.111715
0.111789
0.111869
0.111955
0.112049
0.112149
0.112257
0.11237
0.112491
0.112617
0.112749
0.112886
0.113028
0.113175
0.113328
0.113485
0.113648
0.113814
0.113984
0.114146
0.114217
0.185681
0.17558
0.167567
0.161034
0.155598
0.151007
0.147084
0.143696
0.140744
0.138152
0.13586
0.13382
0.131994
0.130349
0.128861
0.127508
0.126271
0.125133
0.124082
0.123103
0.122188
0.121324
0.120504
0.11972
0.118966
0.118236
0.117527
0.116837
0.116164
0.115511
0.114878
0.114269
0.113688
0.113139
0.112626
0.112155
0.111729
0.111351
0.111024
0.110747
0.110521
0.110345
0.110214
0.110127
0.110079
0.110065
0.11008
0.110118
0.110173
0.110241
0.110319
0.110402
0.110488
0.110574
0.110659
0.11074
0.110817
0.11089
0.110958
0.111022
0.111083
0.111141
0.111196
0.111251
0.111307
0.111364
0.111424
0.111487
0.111555
0.111629
0.111709
0.111795
0.111889
0.11199
0.112098
0.112214
0.112336
0.112464
0.112599
0.112739
0.112885
0.113036
0.113191
0.113351
0.113516
0.113686
0.113859
0.114036
0.114201
0.114277
)
;
        value           nonuniform List<scalar> 
990
(
320.674
320.939
320.957
320.766
320.552
320.432
320.418
320.473
320.56
320.654
320.745
320.828
320.903
320.97
321.031
321.087
321.138
321.185
321.227
321.266
321.302
321.334
321.364
321.394
321.423
321.452
321.482
321.512
321.544
321.577
321.61
321.64
321.661
321.684
321.703
321.719
321.731
321.742
321.751
321.758
321.762
321.765
321.766
321.766
321.769
321.772
321.773
321.773
321.771
321.766
321.757
321.748
321.739
321.731
321.726
321.721
321.719
321.719
321.727
321.728
321.727
321.724
321.718
321.713
321.708
321.705
321.702
321.702
321.703
321.705
321.706
321.705
321.701
321.695
321.687
321.678
321.671
321.666
321.664
321.667
321.681
321.719
321.807
321.983
322.292
322.746
323.268
323.694
323.915
324.113
320.838
321.119
321.162
320.997
320.812
320.723
320.738
320.816
320.918
321.021
321.117
321.203
321.281
321.351
321.414
321.473
321.526
321.575
321.62
321.661
321.698
321.732
321.764
321.796
321.828
321.859
321.891
321.924
321.957
321.991
322.024
322.054
322.08
322.103
322.122
322.14
322.155
322.167
322.177
322.184
322.189
322.191
322.192
322.192
322.193
322.195
322.196
322.196
322.194
322.189
322.182
322.173
322.165
322.158
322.153
322.149
322.146
322.145
322.146
322.145
322.144
322.14
322.136
322.131
322.126
322.122
322.119
322.118
322.119
322.12
322.123
322.123
322.121
322.116
322.108
322.1
322.092
322.085
322.081
322.081
322.088
322.116
322.186
322.341
322.625
323.054
323.552
323.957
324.163
324.346
321.027
321.325
321.394
321.261
321.116
321.069
321.122
321.226
321.344
321.456
321.557
321.647
321.728
321.801
321.868
321.929
321.985
322.037
322.084
322.127
322.166
322.202
322.237
322.272
322.306
322.34
322.375
322.409
322.444
322.479
322.511
322.541
322.567
322.59
322.611
322.629
322.646
322.66
322.671
322.678
322.683
322.685
322.686
322.686
322.686
322.688
322.689
322.689
322.687
322.682
322.675
322.667
322.66
322.654
322.65
322.646
322.643
322.641
322.641
322.64
322.638
322.634
322.63
322.626
322.622
322.618
322.615
322.613
322.612
322.614
322.616
322.618
322.617
322.614
322.607
322.598
322.59
322.583
322.577
322.574
322.575
322.591
322.642
322.768
323.019
323.415
323.883
324.264
324.453
324.624
321.243
321.557
321.655
321.566
321.475
321.485
321.582
321.715
321.848
321.967
322.073
322.168
322.252
322.329
322.4
322.465
322.524
322.579
322.628
322.674
322.716
322.755
322.793
322.831
322.867
322.904
322.941
322.977
323.014
323.049
323.081
323.111
323.138
323.162
323.183
323.203
323.222
323.237
323.248
323.256
323.261
323.263
323.264
323.266
323.266
323.267
323.267
323.267
323.264
323.258
323.252
323.245
323.24
323.235
323.231
323.228
323.225
323.223
323.222
323.22
323.218
323.214
323.211
323.206
323.203
323.199
323.196
323.194
323.193
323.193
323.195
323.197
323.198
323.195
323.19
323.182
323.174
323.166
323.16
323.154
323.151
323.155
323.185
323.277
323.484
323.834
324.262
324.616
324.788
324.952
321.491
321.82
321.953
321.925
321.912
321.99
322.134
322.292
322.437
322.563
322.674
322.773
322.863
322.945
323.02
323.089
323.152
323.21
323.262
323.311
323.356
323.399
323.44
323.481
323.521
323.56
323.599
323.637
323.675
323.711
323.744
323.774
323.802
323.827
323.851
323.872
323.892
323.908
323.92
323.928
323.933
323.936
323.938
323.94
323.941
323.942
323.942
323.94
323.936
323.93
323.924
323.919
323.915
323.911
323.908
323.905
323.902
323.9
323.898
323.896
323.894
323.89
323.887
323.883
323.88
323.877
323.874
323.871
323.87
323.869
323.87
323.872
323.873
323.872
323.868
323.861
323.853
323.845
323.838
323.832
323.826
323.822
323.831
323.886
324.038
324.323
324.694
325.013
325.169
325.333
321.772
322.117
322.297
322.356
322.44
322.591
322.774
322.95
323.103
323.236
323.352
323.457
323.553
323.64
323.72
323.793
323.86
323.922
323.978
324.031
324.08
324.126
324.171
324.215
324.258
324.3
324.342
324.382
324.421
324.458
324.493
324.524
324.554
324.581
324.606
324.629
324.65
324.667
324.68
324.689
324.695
324.699
324.703
324.705
324.707
324.707
324.706
324.702
324.697
324.692
324.687
324.683
324.68
324.677
324.675
324.672
324.669
324.667
324.665
324.663
324.66
324.657
324.654
324.65
324.647
324.644
324.642
324.64
324.637
324.636
324.636
324.637
324.638
324.637
324.634
324.629
324.622
324.614
324.608
324.601
324.595
324.586
324.582
324.602
324.692
324.894
325.184
325.452
325.588
325.76
322.073
322.437
322.684
322.849
323.031
323.242
323.451
323.636
323.794
323.933
324.056
324.168
324.269
324.362
324.447
324.525
324.596
324.662
324.723
324.779
324.832
324.883
324.931
324.979
325.025
325.07
325.114
325.157
325.198
325.236
325.273
325.306
325.338
325.368
325.395
325.42
325.442
325.461
325.475
325.486
325.493
325.499
325.503
325.507
325.509
325.508
325.506
325.501
325.495
325.49
325.487
325.484
325.482
325.48
325.478
325.475
325.472
325.47
325.468
325.466
325.464
325.461
325.458
325.455
325.452
325.449
325.447
325.445
325.443
325.441
325.44
325.44
325.44
325.44
325.438
325.434
325.427
325.421
325.414
325.408
325.403
325.395
325.384
325.382
325.417
325.53
325.718
325.911
326.018
326.204
322.349
322.739
323.062
323.327
323.583
323.828
324.046
324.234
324.397
324.542
324.672
324.789
324.897
324.994
325.084
325.167
325.242
325.312
325.376
325.437
325.494
325.548
325.6
325.651
325.7
325.748
325.795
325.84
325.883
325.923
325.962
325.998
326.032
326.065
326.094
326.121
326.146
326.166
326.183
326.196
326.205
326.213
326.22
326.224
326.227
326.226
326.222
326.217
326.211
326.207
326.205
326.204
326.203
326.201
326.199
326.197
326.195
326.193
326.191
326.189
326.186
326.184
326.181
326.179
326.176
326.174
326.172
326.171
326.169
326.167
326.165
326.164
326.163
326.163
326.161
326.157
326.152
326.146
326.14
326.135
326.13
326.124
326.116
326.105
326.108
326.148
326.237
326.342
326.408
326.608
322.538
322.954
323.338
323.665
323.955
324.208
324.427
324.617
324.785
324.935
325.069
325.192
325.303
325.405
325.498
325.584
325.662
325.735
325.803
325.867
325.927
325.984
326.039
326.092
326.144
326.194
326.243
326.29
326.334
326.377
326.418
326.457
326.493
326.528
326.56
326.589
326.615
326.638
326.657
326.672
326.686
326.697
326.706
326.713
326.716
326.715
326.712
326.707
326.702
326.7
326.699
326.699
326.699
326.699
326.698
326.696
326.695
326.693
326.692
326.69
326.688
326.686
326.684
326.683
326.681
326.679
326.678
326.676
326.675
326.673
326.672
326.67
326.669
326.667
326.666
326.663
326.659
326.654
326.648
326.643
326.639
326.635
326.63
326.622
326.615
326.618
326.641
326.675
326.704
326.915
322.614
323.047
323.458
323.802
324.097
324.35
324.569
324.762
324.934
325.088
325.226
325.351
325.465
325.57
325.666
325.754
325.835
325.911
325.981
326.047
326.11
326.169
326.226
326.281
326.335
326.387
326.437
326.485
326.532
326.576
326.619
326.66
326.698
326.735
326.769
326.8
326.828
326.853
326.874
326.892
326.908
326.922
326.934
326.942
326.947
326.947
326.945
326.942
326.941
326.941
326.942
326.943
326.945
326.945
326.945
326.945
326.944
326.943
326.942
326.941
326.94
326.939
326.938
326.938
326.937
326.936
326.936
326.936
326.935
326.935
326.934
326.933
326.931
326.93
326.928
326.926
326.923
326.919
326.914
326.91
326.905
326.902
326.898
326.894
326.889
326.884
326.882
326.884
326.9
327.117
322.631
323.076
323.495
323.845
324.144
324.404
324.631
324.832
325.011
325.171
325.316
325.447
325.567
325.677
325.778
325.872
325.958
326.039
326.114
326.185
326.252
326.316
326.378
326.437
326.494
326.549
326.603
326.655
326.704
326.752
326.799
326.843
326.885
326.925
326.963
326.997
327.027
327.054
327.078
327.1
327.118
327.134
327.147
327.156
327.161
327.163
327.162
327.161
327.16
327.161
327.163
327.164
327.166
327.167
327.167
327.167
327.167
327.166
327.165
327.164
327.163
327.162
327.162
327.161
327.16
327.159
327.158
327.158
327.157
327.156
327.155
327.153
327.151
327.149
327.146
327.142
327.139
327.135
327.13
327.125
327.121
327.116
327.112
327.107
327.103
327.098
327.092
327.088
327.108
327.306
)
;
        Tnbr            T;
        qrNbr           qr;
        qr              none;
        thermalInertia  false;
        thicknessLayers List<scalar> 0();
        kappaLayers     List<scalar> 0();
        kappaMethod     solidThermo;
        kappa           none;
        alphaAni        none;
        alpha           none;
    }
    asphalt_to_concrete
    {
        type            compressible::turbulentTemperatureRadCoupledMixed;
        refValue        nonuniform List<scalar> 
52
(
317.926
317.929
317.938
317.945
317.945
317.946
317.947
317.948
317.947
317.946
317.944
317.941
317.945
317.948
317.949
317.951
317.951
317.948
317.941
317.931
317.92
317.91
317.902
317.898
317.897
317.908
320.218
320.234
320.251
320.266
320.272
320.278
320.285
320.291
320.294
320.296
320.296
320.295
320.301
320.305
320.307
320.306
320.305
320.3
320.292
320.283
320.273
320.265
320.259
320.255
320.253
320.26
)
;
        refGradient     uniform 0;
        valueFraction   nonuniform List<scalar> 
52
(
0.470588
0.470588
0.470588
0.470588
0.470588
0.470588
0.470588
0.470588
0.470588
0.470588
0.470588
0.470588
0.470588
0.470588
0.470588
0.470588
0.470588
0.470588
0.470588
0.470588
0.470588
0.470588
0.470588
0.470588
0.470588
0.470588
0.470588
0.470588
0.470588
0.470588
0.470588
0.470588
0.470588
0.470588
0.470588
0.470588
0.470588
0.470588
0.470588
0.470588
0.470588
0.470588
0.470588
0.470588
0.470588
0.470588
0.470588
0.470588
0.470588
0.470588
0.470588
0.470588
)
;
        value           nonuniform List<scalar> 
52
(
318.149
318.156
318.165
318.172
318.173
318.174
318.176
318.176
318.175
318.173
318.17
318.168
318.17
318.173
318.175
318.177
318.177
318.173
318.165
318.155
318.143
318.133
318.126
318.122
318.121
318.128
320.367
320.385
320.401
320.416
320.423
320.43
320.437
320.442
320.445
320.446
320.446
320.445
320.449
320.453
320.454
320.454
320.453
320.448
320.44
320.43
320.42
320.412
320.406
320.402
320.4
320.404
)
;
        Tnbr            T;
        qrNbr           none;
        qr              none;
        thermalInertia  false;
        thicknessLayers List<scalar> 0();
        kappaLayers     List<scalar> 0();
        kappaMethod     solidThermo;
        kappa           none;
        alphaAni        none;
        alpha           none;
    }
    asphalt_to_soil2
    {
        type            compressible::turbulentTemperatureRadCoupledMixed;
        refValue        nonuniform List<scalar> 
128
(
318.101
318.213
318.099
317.831
317.588
317.449
317.411
317.434
317.486
317.547
317.609
317.666
317.718
317.762
317.801
317.834
317.865
317.892
317.919
317.943
317.966
317.986
318.005
318.022
318.04
318.058
318.076
318.094
318.112
318.131
318.149
318.155
318.166
318.181
318.181
318.176
318.167
318.159
318.155
318.154
318.158
318.165
318.175
318.186
318.193
318.196
318.195
318.189
318.183
318.178
318.177
318.179
318.185
318.197
318.219
318.263
318.347
318.506
318.781
319.2
319.72
320.199
320.511
320.761
319.728
319.933
319.895
319.666
319.429
319.288
319.251
319.283
319.35
319.428
319.506
319.579
319.644
319.703
319.756
319.803
319.845
319.885
319.921
319.954
319.985
320.012
320.038
320.062
320.086
320.11
320.135
320.16
320.185
320.213
320.24
320.258
320.325
320.335
320.335
320.331
320.324
320.318
320.313
320.31
320.31
320.313
320.317
320.321
320.323
320.322
320.318
320.312
320.304
320.298
320.293
320.291
320.293
320.301
320.322
320.369
320.466
320.648
320.958
321.412
321.944
322.395
322.653
322.88
)
;
        refGradient     uniform 0;
        valueFraction   nonuniform List<scalar> 
128
(
0.5
0.5
0.5
0.5
0.5
0.5
0.5
0.5
0.5
0.5
0.5
0.5
0.5
0.5
0.5
0.5
0.5
0.5
0.5
0.5
0.5
0.5
0.5
0.5
0.5
0.5
0.5
0.5
0.5
0.5
0.5
0.5
0.5
0.5
0.5
0.5
0.5
0.5
0.5
0.5
0.5
0.5
0.5
0.5
0.5
0.5
0.5
0.5
0.5
0.5
0.5
0.5
0.5
0.5
0.5
0.5
0.5
0.5
0.5
0.5
0.5
0.5
0.5
0.5
0.5
0.5
0.5
0.5
0.5
0.5
0.5
0.5
0.5
0.5
0.5
0.5
0.5
0.5
0.5
0.5
0.5
0.5
0.5
0.5
0.5
0.5
0.5
0.5
0.5
0.5
0.5
0.5
0.5
0.5
0.5
0.5
0.5
0.5
0.5
0.5
0.5
0.5
0.5
0.5
0.5
0.5
0.5
0.5
0.5
0.5
0.5
0.5
0.5
0.5
0.5
0.5
0.5
0.5
0.5
0.5
0.5
0.5
0.5
0.5
0.5
0.5
0.5
0.5
)
;
        value           nonuniform List<scalar> 
128
(
318.13
318.244
318.133
317.871
317.635
317.506
317.476
317.506
317.563
317.627
317.689
317.747
317.798
317.843
317.882
317.916
317.947
317.976
318.003
318.028
318.05
318.071
318.09
318.109
318.127
318.145
318.164
318.183
318.202
318.221
318.239
318.25
318.253
318.264
318.264
318.258
318.249
318.242
318.237
318.236
318.239
318.246
318.256
318.267
318.276
318.281
318.281
318.276
318.27
318.265
318.263
318.264
318.27
318.28
318.301
318.341
318.419
318.57
318.837
319.248
319.762
320.239
320.549
320.793
319.758
319.966
319.929
319.703
319.473
319.343
319.318
319.361
319.434
319.516
319.596
319.67
319.737
319.797
319.85
319.898
319.942
319.982
320.02
320.054
320.085
320.113
320.139
320.164
320.189
320.215
320.24
320.266
320.293
320.321
320.349
320.371
320.434
320.441
320.44
320.436
320.429
320.423
320.419
320.416
320.415
320.417
320.421
320.426
320.43
320.43
320.427
320.421
320.413
320.406
320.401
320.398
320.399
320.405
320.423
320.465
320.553
320.725
321.025
321.473
322.002
322.456
322.715
322.933
)
;
        Tnbr            T;
        qrNbr           none;
        qr              none;
        thermalInertia  false;
        thicknessLayers List<scalar> 0();
        kappaLayers     List<scalar> 0();
        kappaMethod     solidThermo;
        kappa           none;
        alphaAni        none;
        alpha           none;
    }
}


// ************************************************************************* //
