/*--------------------------------*- C++ -*----------------------------------*\
| =========                 |                                                 |
| \\      /  F ield         | OpenFOAM: The Open Source CFD Toolbox           |
|  \\    /   O peration     | Version:  v2012                                 |
|   \\  /    A nd           | Website:  www.openfoam.com                      |
|    \\/     M anipulation  |                                                 |
\*---------------------------------------------------------------------------*/
FoamFile
{
    version     2.0;
    format      ascii;
    class       volScalarField;
    location    "250/asphalt";
    object      T;
}
// * * * * * * * * * * * * * * * * * * * * * * * * * * * * * * * * * * * * * //

dimensions      [0 0 0 1 0 0 0];


internalField   nonuniform List<scalar> 
1980
(
321.612
322.029
322.44
322.79
323.09
323.348
323.572
323.769
323.946
324.106
324.251
324.383
324.504
324.615
324.717
324.812
324.899
324.98
325.054
325.123
325.186
325.245
325.3
325.353
325.403
325.452
325.499
325.546
325.592
325.639
325.683
325.723
325.749
325.783
325.817
325.85
325.881
325.912
325.943
325.974
326.004
326.034
326.063
326.091
326.121
326.15
326.178
326.205
326.231
326.255
326.279
326.302
326.325
326.349
326.373
326.398
326.424
326.454
326.495
326.525
326.552
326.577
326.603
326.627
326.651
326.674
326.696
326.719
326.742
326.764
326.786
326.808
326.83
326.852
326.873
326.894
326.913
326.931
326.95
326.969
326.987
327.006
327.024
327.043
327.065
327.091
327.12
327.163
327.262
327.56
321.621
322.039
322.45
322.801
323.102
323.361
323.586
323.785
323.964
324.125
324.271
324.404
324.525
324.636
324.738
324.833
324.92
325.001
325.075
325.144
325.208
325.267
325.323
325.377
325.428
325.477
325.526
325.573
325.621
325.667
325.712
325.754
325.792
325.828
325.862
325.896
325.929
325.961
325.993
326.024
326.055
326.085
326.114
326.143
326.171
326.199
326.227
326.254
326.281
326.307
326.332
326.356
326.38
326.405
326.429
326.454
326.479
326.505
326.531
326.557
326.583
326.608
326.634
326.659
326.682
326.706
326.729
326.752
326.775
326.797
326.82
326.842
326.864
326.886
326.908
326.928
326.948
326.968
326.986
327.004
327.021
327.037
327.053
327.07
327.091
327.115
327.144
327.187
327.286
327.587
321.626
322.043
322.455
322.806
323.107
323.368
323.595
323.796
323.976
324.138
324.284
324.417
324.539
324.65
324.752
324.847
324.934
325.015
325.089
325.158
325.222
325.282
325.339
325.393
325.445
325.496
325.545
325.593
325.641
325.687
325.732
325.773
325.812
325.848
325.883
325.918
325.952
325.985
326.017
326.049
326.079
326.109
326.139
326.168
326.196
326.224
326.251
326.279
326.306
326.333
326.359
326.384
326.41
326.434
326.459
326.484
326.508
326.533
326.558
326.582
326.607
326.632
326.658
326.683
326.707
326.73
326.753
326.777
326.8
326.823
326.846
326.868
326.891
326.913
326.934
326.956
326.977
326.997
327.016
327.034
327.051
327.067
327.083
327.1
327.12
327.143
327.171
327.214
327.315
327.618
321.628
322.046
322.458
322.809
323.111
323.372
323.601
323.803
323.984
324.147
324.294
324.427
324.548
324.66
324.762
324.857
324.944
325.025
325.099
325.168
325.233
325.294
325.351
325.406
325.459
325.51
325.56
325.609
325.656
325.702
325.745
325.786
325.825
325.861
325.897
325.932
325.966
326
326.032
326.064
326.095
326.126
326.155
326.185
326.212
326.24
326.268
326.295
326.323
326.35
326.377
326.403
326.429
326.455
326.48
326.505
326.53
326.554
326.579
326.603
326.628
326.652
326.678
326.702
326.726
326.75
326.774
326.797
326.821
326.844
326.867
326.89
326.913
326.935
326.957
326.979
327
327.02
327.04
327.06
327.078
327.095
327.112
327.13
327.149
327.172
327.199
327.242
327.344
327.649
321.631
322.048
322.46
322.811
323.114
323.376
323.606
323.81
323.991
324.154
324.301
324.435
324.556
324.668
324.77
324.865
324.952
325.033
325.108
325.177
325.242
325.304
325.362
325.418
325.472
325.523
325.573
325.622
325.669
325.714
325.757
325.797
325.835
325.872
325.908
325.943
325.978
326.012
326.045
326.076
326.108
326.138
326.168
326.198
326.226
326.254
326.281
326.309
326.337
326.364
326.392
326.419
326.445
326.471
326.497
326.522
326.547
326.572
326.597
326.621
326.646
326.67
326.695
326.72
326.744
326.768
326.792
326.816
326.84
326.864
326.888
326.911
326.934
326.957
326.979
327.001
327.022
327.043
327.064
327.084
327.103
327.122
327.14
327.159
327.179
327.201
327.228
327.27
327.373
327.68
321.633
322.051
322.463
322.815
323.118
323.381
323.612
323.816
323.998
324.161
324.308
324.442
324.564
324.675
324.778
324.872
324.96
325.041
325.116
325.186
325.252
325.314
325.373
325.429
325.483
325.535
325.586
325.634
325.681
325.725
325.767
325.807
325.845
325.883
325.919
325.954
325.989
326.023
326.056
326.088
326.12
326.15
326.181
326.21
326.238
326.266
326.295
326.322
326.35
326.378
326.406
326.433
326.46
326.486
326.512
326.538
326.564
326.589
326.614
326.639
326.664
326.688
326.713
326.738
326.762
326.787
326.811
326.836
326.86
326.884
326.908
326.932
326.956
326.979
327.002
327.024
327.046
327.068
327.089
327.11
327.13
327.149
327.169
327.188
327.209
327.231
327.258
327.3
327.404
327.714
321.636
322.054
322.466
322.818
323.122
323.386
323.617
323.822
324.004
324.167
324.315
324.448
324.57
324.682
324.784
324.879
324.967
325.048
325.123
325.194
325.26
325.323
325.383
325.44
325.494
325.546
325.596
325.645
325.691
325.734
325.776
325.816
325.855
325.892
325.929
325.964
325.999
326.033
326.067
326.099
326.13
326.161
326.192
326.222
326.25
326.279
326.307
326.335
326.363
326.391
326.419
326.447
326.474
326.5
326.527
326.553
326.579
326.605
326.63
326.655
326.68
326.705
326.73
326.755
326.78
326.805
326.829
326.854
326.879
326.904
326.929
326.953
326.978
327.001
327.025
327.048
327.071
327.094
327.116
327.138
327.159
327.18
327.2
327.22
327.241
327.264
327.291
327.334
327.44
327.755
321.638
322.056
322.469
322.822
323.126
323.39
323.622
323.826
324.009
324.172
324.319
324.453
324.575
324.687
324.79
324.885
324.972
325.054
325.13
325.201
325.268
325.332
325.392
325.449
325.504
325.556
325.606
325.654
325.699
325.743
325.785
325.825
325.864
325.902
325.939
325.975
326.01
326.044
326.077
326.109
326.141
326.172
326.203
326.233
326.262
326.291
326.32
326.348
326.377
326.405
326.433
326.46
326.487
326.514
326.541
326.567
326.593
326.619
326.645
326.671
326.696
326.722
326.747
326.772
326.797
326.823
326.848
326.873
326.899
326.924
326.949
326.974
326.999
327.024
327.048
327.072
327.096
327.12
327.144
327.167
327.19
327.212
327.234
327.256
327.278
327.302
327.33
327.374
327.483
327.803
321.64
322.058
322.471
322.824
323.128
323.393
323.625
323.83
324.013
324.176
324.324
324.458
324.58
324.692
324.796
324.891
324.979
325.061
325.138
325.209
325.277
325.341
325.402
325.459
325.514
325.567
325.617
325.665
325.71
325.754
325.796
325.837
325.876
325.915
325.952
325.988
326.023
326.058
326.091
326.124
326.157
326.188
326.219
326.249
326.279
326.308
326.338
326.366
326.395
326.423
326.451
326.479
326.507
326.534
326.561
326.587
326.614
326.64
326.667
326.693
326.718
326.744
326.77
326.795
326.821
326.847
326.872
326.898
326.924
326.95
326.975
327.001
327.026
327.052
327.077
327.101
327.126
327.151
327.176
327.2
327.224
327.248
327.271
327.294
327.318
327.344
327.373
327.419
327.53
327.852
321.642
322.061
322.475
322.829
323.135
323.401
323.634
323.841
324.024
324.19
324.339
324.474
324.597
324.711
324.815
324.911
325.001
325.084
325.162
325.236
325.305
325.37
325.432
325.491
325.547
325.6
325.651
325.7
325.746
325.791
325.834
325.876
325.917
325.956
325.995
326.032
326.068
326.104
326.138
326.172
326.206
326.238
326.27
326.301
326.332
326.363
326.393
326.423
326.453
326.482
326.511
326.539
326.567
326.596
326.623
326.651
326.678
326.706
326.733
326.76
326.787
326.813
326.84
326.866
326.893
326.919
326.946
326.973
326.999
327.026
327.053
327.079
327.105
327.131
327.157
327.183
327.209
327.234
327.26
327.285
327.31
327.334
327.359
327.383
327.408
327.435
327.465
327.51
327.617
327.928
321.649
322.075
322.496
322.858
323.17
323.442
323.682
323.894
324.084
324.254
324.409
324.549
324.678
324.796
324.905
325.007
325.101
325.189
325.271
325.349
325.422
325.492
325.558
325.62
325.68
325.737
325.791
325.844
325.894
325.943
325.99
326.035
326.08
326.123
326.164
326.205
326.245
326.283
326.321
326.359
326.395
326.431
326.466
326.501
326.535
326.569
326.602
326.635
326.667
326.699
326.731
326.762
326.794
326.824
326.855
326.885
326.916
326.946
326.976
327.005
327.035
327.064
327.094
327.123
327.152
327.181
327.21
327.24
327.269
327.298
327.327
327.356
327.385
327.414
327.442
327.47
327.498
327.526
327.553
327.58
327.607
327.633
327.659
327.685
327.712
327.739
327.77
327.814
327.908
328.174
322.781
323.244
323.685
324.057
324.376
324.65
324.889
325.1
325.288
325.457
325.61
325.749
325.877
325.994
326.102
326.202
326.295
326.38
326.459
326.532
326.599
326.661
326.72
326.776
326.829
326.881
326.931
326.98
327.03
327.078
327.126
327.17
327.204
327.241
327.277
327.312
327.345
327.378
327.411
327.444
327.476
327.507
327.538
327.568
327.599
327.63
327.659
327.687
327.715
327.74
327.765
327.789
327.814
327.839
327.864
327.89
327.917
327.947
327.984
328.014
328.042
328.068
328.095
328.121
328.145
328.17
328.194
328.218
328.242
328.266
328.29
328.314
328.338
328.362
328.386
328.409
328.431
328.452
328.473
328.492
328.51
328.526
328.542
328.56
328.582
328.609
328.641
328.686
328.79
329.136
322.785
323.248
323.689
324.061
324.38
324.655
324.895
325.106
325.295
325.465
325.619
325.759
325.888
326.005
326.113
326.213
326.306
326.391
326.47
326.543
326.61
326.673
326.732
326.789
326.843
326.895
326.947
326.997
327.047
327.096
327.144
327.188
327.229
327.268
327.304
327.34
327.375
327.409
327.443
327.476
327.508
327.54
327.571
327.601
327.631
327.66
327.69
327.718
327.746
327.773
327.8
327.825
327.851
327.876
327.902
327.927
327.953
327.98
328.007
328.034
328.061
328.087
328.115
328.141
328.166
328.19
328.214
328.239
328.263
328.287
328.312
328.336
328.36
328.384
328.408
328.432
328.455
328.477
328.498
328.517
328.535
328.55
328.565
328.583
328.604
328.631
328.662
328.707
328.812
329.161
322.786
323.249
323.689
324.062
324.381
324.656
324.897
325.109
325.299
325.471
325.625
325.766
325.894
326.012
326.12
326.22
326.313
326.398
326.477
326.549
326.617
326.681
326.741
326.798
326.853
326.907
326.958
327.009
327.06
327.109
327.156
327.2
327.241
327.279
327.316
327.353
327.389
327.424
327.458
327.491
327.523
327.555
327.586
327.617
327.646
327.675
327.704
327.733
327.762
327.79
327.817
327.844
327.87
327.896
327.922
327.948
327.974
328
328.025
328.051
328.077
328.103
328.13
328.156
328.181
328.206
328.231
328.255
328.28
328.305
328.33
328.354
328.378
328.403
328.427
328.451
328.475
328.498
328.52
328.54
328.559
328.577
328.593
328.611
328.632
328.658
328.689
328.734
328.841
329.192
322.785
323.248
323.688
324.06
324.379
324.656
324.898
325.111
325.303
325.474
325.63
325.771
325.899
326.017
326.125
326.225
326.317
326.402
326.481
326.554
326.622
326.686
326.747
326.806
326.862
326.915
326.968
327.019
327.069
327.118
327.164
327.207
327.247
327.286
327.324
327.36
327.397
327.432
327.467
327.5
327.533
327.565
327.596
327.627
327.656
327.685
327.714
327.743
327.771
327.8
327.829
327.856
327.883
327.91
327.936
327.962
327.988
328.014
328.04
328.065
328.091
328.117
328.143
328.169
328.194
328.219
328.244
328.269
328.295
328.32
328.345
328.369
328.394
328.419
328.443
328.467
328.491
328.515
328.538
328.56
328.581
328.601
328.62
328.639
328.661
328.686
328.717
328.762
328.869
329.223
322.785
323.247
323.688
324.06
324.379
324.656
324.899
325.114
325.306
325.478
325.633
325.774
325.902
326.02
326.128
326.228
326.32
326.406
326.485
326.558
326.627
326.692
326.754
326.813
326.869
326.924
326.976
327.028
327.077
327.125
327.17
327.213
327.253
327.292
327.33
327.367
327.403
327.439
327.474
327.507
327.54
327.572
327.604
327.635
327.664
327.693
327.722
327.751
327.78
327.809
327.838
327.866
327.894
327.921
327.947
327.974
328
328.026
328.052
328.078
328.103
328.129
328.155
328.181
328.207
328.232
328.257
328.283
328.308
328.334
328.359
328.385
328.41
328.435
328.459
328.484
328.508
328.532
328.556
328.579
328.601
328.623
328.644
328.666
328.689
328.714
328.744
328.789
328.897
329.253
322.786
323.248
323.689
324.061
324.381
324.658
324.902
325.117
325.31
325.482
325.637
325.778
325.906
326.024
326.132
326.232
326.324
326.41
326.489
326.563
326.632
326.698
326.761
326.82
326.877
326.932
326.985
327.036
327.085
327.132
327.176
327.218
327.259
327.298
327.336
327.373
327.41
327.446
327.481
327.514
327.547
327.58
327.611
327.642
327.672
327.701
327.731
327.76
327.789
327.818
327.847
327.876
327.904
327.931
327.958
327.985
328.012
328.038
328.065
328.09
328.116
328.142
328.168
328.194
328.22
328.245
328.271
328.297
328.323
328.349
328.375
328.401
328.426
328.452
328.477
328.502
328.527
328.552
328.576
328.6
328.623
328.646
328.669
328.692
328.716
328.741
328.771
328.817
328.927
329.285
322.788
323.25
323.691
324.063
324.383
324.661
324.905
325.121
325.313
325.485
325.64
325.781
325.91
326.027
326.136
326.236
326.328
326.414
326.493
326.568
326.638
326.704
326.767
326.827
326.885
326.94
326.993
327.043
327.092
327.138
327.182
327.224
327.265
327.304
327.343
327.38
327.417
327.453
327.488
327.521
327.555
327.587
327.619
327.65
327.68
327.71
327.74
327.769
327.798
327.828
327.857
327.885
327.913
327.941
327.968
327.996
328.023
328.05
328.076
328.102
328.129
328.155
328.181
328.207
328.233
328.259
328.285
328.311
328.338
328.364
328.39
328.417
328.443
328.469
328.495
328.521
328.547
328.573
328.598
328.624
328.648
328.672
328.696
328.72
328.745
328.771
328.802
328.848
328.961
329.324
322.789
323.252
323.692
324.065
324.385
324.663
324.908
325.123
325.315
325.488
325.643
325.784
325.913
326.031
326.139
326.239
326.332
326.417
326.498
326.573
326.643
326.71
326.774
326.834
326.892
326.947
326.999
327.05
327.098
327.144
327.188
327.23
327.271
327.311
327.35
327.387
327.424
327.46
327.495
327.529
327.563
327.595
327.627
327.659
327.689
327.719
327.749
327.779
327.808
327.838
327.867
327.895
327.924
327.951
327.979
328.007
328.034
328.061
328.088
328.114
328.141
328.167
328.194
328.22
328.246
328.273
328.299
328.326
328.353
328.379
328.406
328.433
328.46
328.486
328.513
328.54
328.566
328.593
328.62
328.647
328.673
328.699
328.725
328.75
328.777
328.805
328.837
328.884
329
329.369
322.79
323.252
323.693
324.066
324.386
324.665
324.909
325.125
325.318
325.49
325.646
325.787
325.916
326.034
326.143
326.243
326.336
326.422
326.503
326.579
326.65
326.718
326.781
326.842
326.9
326.955
327.008
327.058
327.106
327.152
327.197
327.24
327.281
327.321
327.36
327.398
327.435
327.472
327.507
327.541
327.575
327.608
327.64
327.672
327.703
327.734
327.764
327.794
327.824
327.853
327.882
327.911
327.939
327.968
327.996
328.023
328.051
328.078
328.105
328.132
328.159
328.186
328.212
328.239
328.265
328.292
328.319
328.346
328.373
328.4
328.428
328.455
328.482
328.509
328.536
328.563
328.59
328.618
328.645
328.673
328.7
328.727
328.754
328.781
328.809
328.839
328.872
328.921
329.038
329.409
322.791
323.255
323.696
324.07
324.392
324.672
324.917
325.134
325.328
325.502
325.659
325.801
325.931
326.05
326.16
326.262
326.356
326.444
326.526
326.603
326.676
326.744
326.81
326.871
326.93
326.986
327.04
327.091
327.14
327.187
327.233
327.277
327.319
327.361
327.401
327.44
327.478
327.515
327.551
327.587
327.622
327.656
327.689
327.722
327.754
327.786
327.817
327.848
327.879
327.909
327.939
327.969
327.998
328.027
328.056
328.084
328.113
328.141
328.169
328.197
328.225
328.252
328.28
328.307
328.335
328.362
328.39
328.418
328.445
328.473
328.501
328.529
328.557
328.585
328.613
328.641
328.669
328.697
328.725
328.753
328.781
328.809
328.836
328.865
328.894
328.924
328.958
329.007
329.118
329.475
322.799
323.271
323.721
324.102
324.431
324.719
324.971
325.195
325.395
325.575
325.738
325.887
326.022
326.147
326.263
326.37
326.469
326.562
326.649
326.732
326.809
326.882
326.952
327.018
327.081
327.142
327.199
327.255
327.308
327.359
327.409
327.457
327.504
327.549
327.593
327.636
327.678
327.719
327.759
327.798
327.837
327.875
327.912
327.948
327.984
328.019
328.054
328.089
328.123
328.156
328.189
328.222
328.255
328.287
328.319
328.35
328.382
328.413
328.444
328.475
328.506
328.537
328.567
328.598
328.628
328.659
328.689
328.72
328.751
328.781
328.812
328.843
328.874
328.904
328.935
328.966
328.996
329.027
329.057
329.087
329.117
329.147
329.177
329.207
329.237
329.269
329.304
329.351
329.448
329.751
)
;

boundaryField
{
    inlet
    {
        type            zeroGradient;
    }
    outlet
    {
        type            zeroGradient;
    }
    side
    {
        type            zeroGradient;
    }
    asphalt_to_soil1
    {
        type            compressible::turbulentTemperatureRadCoupledMixed;
        refValue        nonuniform List<scalar> 
990
(
320.43
320.805
321.187
321.515
321.796
322.038
322.247
322.432
322.597
322.748
322.885
323.011
323.125
323.229
323.325
323.414
323.496
323.572
323.642
323.706
323.766
323.822
323.874
323.923
323.97
324.016
324.061
324.104
324.148
324.191
324.233
324.269
324.289
324.319
324.351
324.382
324.411
324.44
324.47
324.499
324.527
324.555
324.582
324.609
324.637
324.665
324.691
324.716
324.741
324.764
324.786
324.808
324.83
324.853
324.876
324.9
324.925
324.955
324.998
325.028
325.054
325.078
325.102
325.126
325.148
325.169
325.191
325.212
325.233
325.254
325.274
325.294
325.314
325.334
325.353
325.371
325.387
325.404
325.42
325.438
325.458
325.48
325.501
325.523
325.545
325.569
325.596
325.636
325.73
325.988
320.444
320.819
321.202
321.531
321.814
322.057
322.269
322.456
322.624
322.776
322.914
323.04
323.154
323.259
323.355
323.444
323.526
323.602
323.672
323.737
323.797
323.853
323.905
323.956
324.004
324.051
324.096
324.141
324.185
324.229
324.271
324.31
324.345
324.379
324.411
324.443
324.474
324.505
324.534
324.564
324.592
324.621
324.648
324.676
324.703
324.729
324.755
324.781
324.806
324.831
324.855
324.878
324.901
324.924
324.947
324.97
324.994
325.019
325.045
325.07
325.095
325.119
325.143
325.167
325.189
325.211
325.233
325.254
325.275
325.296
325.317
325.337
325.358
325.377
325.397
325.415
325.433
325.449
325.465
325.482
325.498
325.516
325.534
325.553
325.573
325.595
325.622
325.662
325.756
326.016
320.453
320.828
321.212
321.542
321.825
322.07
322.284
322.473
322.643
322.796
322.934
323.06
323.174
323.279
323.376
323.465
323.547
323.623
323.693
323.758
323.818
323.875
323.928
323.98
324.029
324.076
324.122
324.168
324.213
324.256
324.298
324.337
324.374
324.408
324.441
324.474
324.506
324.537
324.567
324.597
324.626
324.654
324.682
324.71
324.736
324.763
324.789
324.815
324.84
324.866
324.891
324.915
324.939
324.962
324.986
325.009
325.033
325.056
325.08
325.103
325.127
325.151
325.175
325.199
325.221
325.243
325.265
325.287
325.309
325.33
325.351
325.372
325.392
325.412
325.431
325.45
325.469
325.486
325.503
325.519
325.535
325.55
325.566
325.583
325.602
325.623
325.649
325.689
325.784
326.047
320.458
320.834
321.218
321.548
321.833
322.079
322.295
322.486
322.657
322.81
322.949
323.074
323.189
323.294
323.391
323.48
323.562
323.638
323.709
323.774
323.835
323.892
323.946
323.998
324.048
324.096
324.143
324.189
324.234
324.277
324.318
324.357
324.393
324.428
324.461
324.494
324.527
324.558
324.589
324.619
324.648
324.677
324.705
324.733
324.759
324.786
324.812
324.838
324.864
324.89
324.915
324.941
324.965
324.989
325.013
325.037
325.061
325.084
325.107
325.13
325.154
325.177
325.201
325.225
325.247
325.27
325.292
325.314
325.336
325.358
325.379
325.4
325.421
325.441
325.46
325.48
325.498
325.516
325.533
325.55
325.566
325.582
325.598
325.614
325.632
325.652
325.677
325.716
325.812
326.076
320.463
320.839
321.223
321.554
321.84
322.087
322.304
322.496
322.668
322.822
322.961
323.086
323.201
323.306
323.403
323.492
323.575
323.651
323.722
323.787
323.849
323.907
323.962
324.015
324.065
324.114
324.161
324.207
324.251
324.294
324.334
324.372
324.409
324.443
324.477
324.51
324.543
324.575
324.606
324.636
324.666
324.695
324.724
324.751
324.778
324.804
324.831
324.857
324.883
324.91
324.936
324.961
324.987
325.011
325.036
325.06
325.084
325.108
325.131
325.154
325.177
325.201
325.224
325.248
325.271
325.294
325.316
325.339
325.361
325.383
325.405
325.426
325.447
325.468
325.487
325.507
325.526
325.544
325.562
325.579
325.596
325.612
325.628
325.644
325.661
325.681
325.705
325.744
325.841
326.107
320.467
320.844
321.228
321.56
321.846
322.095
322.313
322.506
322.678
322.832
322.971
323.097
323.212
323.317
323.414
323.503
323.586
323.662
323.733
323.799
323.861
323.92
323.976
324.029
324.08
324.129
324.177
324.222
324.266
324.308
324.348
324.386
324.422
324.458
324.492
324.525
324.558
324.59
324.622
324.652
324.682
324.711
324.74
324.768
324.795
324.821
324.848
324.874
324.901
324.928
324.954
324.98
325.006
325.031
325.055
325.08
325.104
325.129
325.152
325.176
325.199
325.223
325.246
325.27
325.293
325.316
325.339
325.362
325.385
325.408
325.43
325.452
325.473
325.494
325.515
325.535
325.554
325.573
325.591
325.609
325.626
325.643
325.659
325.676
325.693
325.712
325.736
325.775
325.873
326.141
320.471
320.848
321.233
321.565
321.852
322.102
322.32
322.514
322.686
322.84
322.979
323.105
323.221
323.326
323.423
323.513
323.595
323.672
323.743
323.81
323.873
323.932
323.988
324.042
324.093
324.143
324.19
324.236
324.279
324.321
324.36
324.398
324.435
324.47
324.505
324.538
324.571
324.604
324.635
324.666
324.696
324.725
324.754
324.782
324.809
324.836
324.863
324.89
324.917
324.944
324.97
324.996
325.022
325.048
325.073
325.098
325.123
325.147
325.172
325.196
325.219
325.243
325.267
325.291
325.314
325.338
325.361
325.385
325.408
325.431
325.454
325.477
325.499
325.521
325.542
325.563
325.583
325.603
325.623
325.641
325.659
325.677
325.693
325.71
325.728
325.747
325.771
325.811
325.911
326.183
320.474
320.851
321.237
321.57
321.857
322.107
322.326
322.519
322.692
322.846
322.986
323.112
323.228
323.333
323.43
323.52
323.603
323.68
323.752
323.819
323.882
323.942
323.999
324.053
324.105
324.154
324.201
324.247
324.29
324.331
324.371
324.409
324.446
324.482
324.517
324.55
324.584
324.616
324.648
324.678
324.709
324.738
324.767
324.796
324.824
324.851
324.878
324.906
324.933
324.959
324.986
325.012
325.038
325.064
325.089
325.115
325.14
325.165
325.19
325.214
325.238
325.263
325.287
325.311
325.335
325.359
325.383
325.407
325.431
325.454
325.478
325.501
325.524
325.547
325.569
325.591
325.612
325.634
325.655
325.675
325.694
325.713
325.732
325.75
325.768
325.789
325.813
325.854
325.957
326.234
320.476
320.854
321.239
321.573
321.861
322.111
322.33
322.524
322.697
322.852
322.992
323.119
323.234
323.34
323.438
323.528
323.611
323.689
323.761
323.829
323.893
323.954
324.011
324.066
324.117
324.167
324.214
324.26
324.303
324.345
324.384
324.423
324.46
324.497
324.532
324.566
324.6
324.632
324.664
324.696
324.726
324.756
324.786
324.815
324.843
324.871
324.899
324.926
324.954
324.981
325.008
325.034
325.06
325.086
325.112
325.138
325.163
325.189
325.214
325.239
325.264
325.288
325.313
325.337
325.362
325.386
325.411
325.435
325.459
325.484
325.508
325.532
325.556
325.579
325.602
325.625
325.647
325.669
325.691
325.713
325.734
325.754
325.774
325.794
325.815
325.836
325.862
325.905
326.009
326.289
320.479
320.857
321.244
321.579
321.868
322.12
322.341
322.536
322.71
322.866
323.007
323.136
323.252
323.36
323.458
323.55
323.634
323.713
323.787
323.857
323.922
323.984
324.042
324.098
324.151
324.201
324.25
324.296
324.34
324.383
324.424
324.464
324.502
324.539
324.576
324.611
324.646
324.679
324.712
324.745
324.776
324.807
324.838
324.868
324.897
324.926
324.955
324.984
325.012
325.04
325.068
325.095
325.122
325.149
325.176
325.202
325.229
325.255
325.281
325.307
325.333
325.358
325.384
325.409
325.435
325.46
325.486
325.511
325.536
325.561
325.587
325.611
325.636
325.66
325.684
325.708
325.731
325.754
325.777
325.8
325.822
325.843
325.865
325.886
325.908
325.931
325.958
326
326.101
326.372
320.486
320.87
321.263
321.604
321.899
322.157
322.383
322.583
322.763
322.924
323.07
323.202
323.324
323.435
323.538
323.634
323.722
323.805
323.883
323.956
324.026
324.091
324.153
324.212
324.268
324.322
324.374
324.423
324.47
324.516
324.561
324.604
324.645
324.686
324.725
324.764
324.801
324.838
324.874
324.909
324.943
324.977
325.01
325.043
325.075
325.107
325.139
325.17
325.201
325.231
325.262
325.292
325.321
325.351
325.38
325.409
325.438
325.466
325.495
325.523
325.552
325.58
325.608
325.636
325.663
325.691
325.719
325.747
325.774
325.802
325.829
325.856
325.883
325.909
325.936
325.961
325.987
326.012
326.037
326.061
326.084
326.107
326.13
326.153
326.176
326.2
326.227
326.268
326.357
326.591
)
;
        refGradient     uniform 0;
        valueFraction   nonuniform List<scalar> 
990
(
0.495766
0.495766
0.495766
0.495766
0.495766
0.495766
0.495766
0.495766
0.495766
0.495766
0.495766
0.495766
0.495766
0.495766
0.495766
0.495766
0.495766
0.495766
0.495766
0.495766
0.495766
0.495766
0.495766
0.495766
0.495766
0.495766
0.495766
0.495766
0.495766
0.495766
0.495766
0.495766
0.495766
0.495766
0.495766
0.495766
0.495766
0.495766
0.495766
0.495766
0.495766
0.495766
0.495766
0.495766
0.495766
0.495766
0.495766
0.495766
0.495766
0.495766
0.495766
0.495766
0.495766
0.495766
0.495766
0.495766
0.495766
0.495766
0.495766
0.495766
0.495766
0.495766
0.495766
0.495766
0.495766
0.495766
0.495766
0.495766
0.495766
0.495766
0.495766
0.495766
0.495766
0.495766
0.495766
0.495766
0.495766
0.495766
0.495766
0.495766
0.495766
0.495766
0.495766
0.495766
0.495766
0.495766
0.495766
0.495766
0.495766
0.495766
0.495766
0.495766
0.495766
0.495766
0.495766
0.495766
0.495766
0.495766
0.495766
0.495766
0.495766
0.495766
0.495766
0.495766
0.495766
0.495766
0.495766
0.495766
0.495766
0.495766
0.495766
0.495766
0.495766
0.495766
0.495766
0.495766
0.495766
0.495766
0.495766
0.495766
0.495766
0.495766
0.495766
0.495766
0.495766
0.495766
0.495766
0.495766
0.495766
0.495766
0.495766
0.495766
0.495766
0.495766
0.495766
0.495766
0.495766
0.495766
0.495766
0.495766
0.495766
0.495766
0.495766
0.495766
0.495766
0.495766
0.495766
0.495766
0.495766
0.495766
0.495766
0.495766
0.495766
0.495766
0.495766
0.495766
0.495766
0.495766
0.495766
0.495766
0.495766
0.495766
0.495766
0.495766
0.495766
0.495766
0.495766
0.495766
0.495766
0.495766
0.495766
0.495766
0.495766
0.495766
0.495766
0.495766
0.495766
0.495766
0.495766
0.495766
0.495766
0.495766
0.495766
0.495766
0.495766
0.495766
0.495766
0.495766
0.495766
0.495766
0.495766
0.495766
0.495766
0.495766
0.495766
0.495766
0.495766
0.495766
0.495766
0.495766
0.495766
0.495766
0.495766
0.495766
0.495766
0.495766
0.495766
0.495766
0.495766
0.495766
0.495766
0.495766
0.495766
0.495766
0.495766
0.495766
0.495766
0.495766
0.495766
0.495766
0.495766
0.495766
0.495766
0.495766
0.495766
0.495766
0.495766
0.495766
0.495766
0.495766
0.495766
0.495766
0.495766
0.495766
0.495766
0.495766
0.495766
0.495766
0.495766
0.495766
0.495766
0.495766
0.495766
0.495766
0.495766
0.495766
0.495766
0.495766
0.495766
0.495766
0.495766
0.495766
0.495766
0.495766
0.495766
0.495766
0.495766
0.495766
0.495766
0.495766
0.495766
0.495766
0.495766
0.495766
0.495766
0.495766
0.495766
0.495766
0.495766
0.495766
0.495766
0.495766
0.495766
0.495766
0.495766
0.495766
0.495766
0.495766
0.495766
0.495766
0.495766
0.495766
0.495766
0.495766
0.495766
0.495766
0.495766
0.495766
0.495766
0.495766
0.495766
0.495766
0.495766
0.495766
0.495766
0.495766
0.495766
0.495766
0.495766
0.495766
0.495766
0.495766
0.495766
0.495766
0.495766
0.495766
0.495766
0.495766
0.495766
0.495766
0.495766
0.495766
0.495766
0.495766
0.495766
0.495766
0.495766
0.495766
0.495766
0.495766
0.495766
0.495766
0.495766
0.495766
0.495766
0.495766
0.495766
0.495766
0.495766
0.495766
0.495766
0.495766
0.495766
0.495766
0.495766
0.495766
0.495766
0.495766
0.495766
0.495766
0.495766
0.495766
0.495766
0.495766
0.495766
0.495766
0.495766
0.495766
0.495766
0.495766
0.495766
0.495766
0.495766
0.495766
0.495766
0.495766
0.495766
0.495766
0.495766
0.495766
0.495766
0.495766
0.495766
0.495766
0.495766
0.495766
0.495766
0.495766
0.495766
0.495766
0.495766
0.495766
0.495766
0.495766
0.495766
0.495766
0.495766
0.495766
0.495766
0.495766
0.495766
0.495766
0.495766
0.495766
0.495766
0.495766
0.495766
0.495766
0.495766
0.495766
0.495766
0.495766
0.495766
0.495766
0.495766
0.495766
0.495766
0.495766
0.495766
0.495766
0.495766
0.495766
0.495766
0.495766
0.495766
0.495766
0.495766
0.495766
0.495766
0.495766
0.495766
0.495766
0.495766
0.495766
0.495766
0.495766
0.495766
0.495766
0.495766
0.495766
0.495766
0.495766
0.495766
0.495766
0.495766
0.495766
0.495766
0.495766
0.495766
0.495766
0.495766
0.495766
0.495766
0.495766
0.495766
0.495766
0.495766
0.495766
0.495766
0.495766
0.495766
0.495766
0.495766
0.495766
0.495766
0.495766
0.495766
0.495766
0.495766
0.495766
0.495766
0.495766
0.495766
0.495766
0.495766
0.495766
0.495766
0.495766
0.495766
0.495766
0.495766
0.495766
0.495766
0.495766
0.495766
0.495766
0.495766
0.495766
0.495766
0.495766
0.495766
0.495766
0.495766
0.495766
0.495766
0.495766
0.495766
0.495766
0.495766
0.495766
0.495766
0.495766
0.495766
0.495766
0.495766
0.495766
0.495766
0.495766
0.495766
0.495766
0.495766
0.495766
0.495766
0.495766
0.495766
0.495766
0.495766
0.495766
0.495766
0.495766
0.495766
0.495766
0.495766
0.495766
0.495766
0.495766
0.495766
0.495766
0.495766
0.495766
0.495766
0.495766
0.495766
0.495766
0.495766
0.495766
0.495766
0.495766
0.495766
0.495766
0.495766
0.495766
0.495766
0.495766
0.495766
0.495766
0.495766
0.495766
0.495766
0.495766
0.495766
0.495766
0.495766
0.495766
0.495766
0.495766
0.495766
0.495766
0.495766
0.495766
0.495766
0.495766
0.495766
0.495766
0.495766
0.495766
0.495766
0.495766
0.495766
0.495766
0.495766
0.495766
0.495766
0.495766
0.495766
0.495766
0.495766
0.495766
0.495766
0.495766
0.495766
0.495766
0.495766
0.495766
0.495766
0.495766
0.495766
0.495766
0.495766
0.495766
0.495766
0.495766
0.495766
0.495766
0.495766
0.495766
0.495766
0.495766
0.495766
0.495766
0.495766
0.495766
0.495766
0.495766
0.495766
0.495766
0.495766
0.495766
0.495766
0.495766
0.495766
0.495766
0.495766
0.495766
0.495766
0.495766
0.495766
0.495766
0.495766
0.495766
0.495766
0.495766
0.495766
0.495766
0.495766
0.495766
0.495766
0.495766
0.495766
0.495766
0.495766
0.495766
0.495766
0.495766
0.495766
0.495766
0.495766
0.495766
0.495766
0.495766
0.495766
0.495766
0.495766
0.495766
0.495766
0.495766
0.495766
0.495766
0.495766
0.495766
0.495766
0.495766
0.495766
0.495766
0.495766
0.495766
0.495766
0.495766
0.495766
0.495766
0.495766
0.495766
0.495766
0.495766
0.495766
0.495766
0.495766
0.495766
0.495766
0.495766
0.495766
0.495766
0.495766
0.495766
0.495766
0.495766
0.495766
0.495766
0.495766
0.495766
0.495766
0.495766
0.495766
0.495766
0.495766
0.495766
0.495766
0.495766
0.495766
0.495766
0.495766
0.495766
0.495766
0.495766
0.495766
0.495766
0.495766
0.495766
0.495766
0.495766
0.495766
0.495766
0.495766
0.495766
0.495766
0.495766
0.495766
0.495766
0.495766
0.495766
0.495766
0.495766
0.495766
0.495766
0.495766
0.495766
0.495766
0.495766
0.495766
0.495766
0.495766
0.495766
0.495766
0.495766
0.495766
0.495766
0.495766
0.495766
0.495766
0.495766
0.495766
0.495766
0.495766
0.495766
0.495766
0.495766
0.495766
0.495766
0.495766
0.495766
0.495766
0.495766
0.495766
0.495766
0.495766
0.495766
0.495766
0.495766
0.495766
0.495766
0.495766
0.495766
0.495766
0.495766
0.495766
0.495766
0.495766
0.495766
0.495766
0.495766
0.495766
0.495766
0.495766
0.495766
0.495766
0.495766
0.495766
0.495766
0.495766
0.495766
0.495766
0.495766
0.495766
0.495766
0.495766
0.495766
0.495766
0.495766
0.495766
0.495766
0.495766
0.495766
0.495766
0.495766
0.495766
0.495766
0.495766
0.495766
0.495766
0.495766
0.495766
0.495766
0.495766
0.495766
0.495766
0.495766
0.495766
0.495766
0.495766
0.495766
0.495766
0.495766
0.495766
0.495766
0.495766
0.495766
0.495766
0.495766
0.495766
0.495766
0.495766
0.495766
0.495766
0.495766
0.495766
0.495766
0.495766
0.495766
0.495766
0.495766
0.495766
0.495766
0.495766
0.495766
0.495766
0.495766
0.495766
0.495766
0.495766
0.495766
0.495766
0.495766
0.495766
0.495766
0.495766
0.495766
0.495766
0.495766
0.495766
0.495766
0.495766
0.495766
0.495766
0.495766
0.495766
0.495766
0.495766
0.495766
0.495766
0.495766
0.495766
0.495766
0.495766
0.495766
0.495766
0.495766
0.495766
0.495766
0.495766
0.495766
0.495766
0.495766
0.495766
0.495766
0.495766
0.495766
0.495766
0.495766
0.495766
0.495766
0.495766
0.495766
0.495766
0.495766
0.495766
0.495766
0.495766
0.495766
0.495766
0.495766
0.495766
0.495766
0.495766
0.495766
0.495766
0.495766
0.495766
0.495766
0.495766
0.495766
0.495766
0.495766
0.495766
0.495766
0.495766
0.495766
0.495766
0.495766
0.495766
0.495766
0.495766
0.495766
0.495766
0.495766
0.495766
0.495766
0.495766
0.495766
0.495766
0.495766
0.495766
0.495766
0.495766
0.495766
0.495766
0.495766
0.495766
0.495766
0.495766
0.495766
0.495766
0.495766
0.495766
0.495766
0.495766
0.495766
0.495766
0.495766
0.495766
0.495766
0.495766
0.495766
0.495766
0.495766
0.495766
0.495766
0.495766
0.495766
0.495766
0.495766
0.495766
0.495766
0.495766
0.495766
0.495766
0.495766
0.495766
0.495766
0.495766
0.495766
0.495766
0.495766
0.495766
0.495766
0.495766
0.495766
0.495766
0.495766
0.495766
0.495766
0.495766
0.495766
0.495766
0.495766
0.495766
0.495766
0.495766
0.495766
0.495766
0.495766
0.495766
0.495766
0.495766
0.495766
0.495766
0.495766
0.495766
0.495766
0.495766
0.495766
0.495766
0.495766
0.495766
0.495766
0.495766
0.495766
0.495766
0.495766
0.495766
0.495766
0.495766
0.495766
0.495766
0.495766
0.495766
0.495766
0.495766
0.495766
0.495766
0.495766
0.495766
0.495766
0.495766
0.495766
0.495766
0.495766
0.495766
0.495766
0.495766
0.495766
)
;
        value           nonuniform List<scalar> 
990
(
321.025
321.422
321.818
322.158
322.448
322.698
322.914
323.105
323.276
323.432
323.573
323.702
323.819
323.927
324.026
324.118
324.202
324.281
324.353
324.419
324.481
324.538
324.592
324.643
324.692
324.739
324.785
324.83
324.875
324.92
324.963
325.001
325.024
325.056
325.089
325.121
325.151
325.181
325.212
325.241
325.271
325.299
325.327
325.355
325.384
325.412
325.439
325.466
325.491
325.515
325.537
325.56
325.583
325.606
325.63
325.654
325.68
325.71
325.752
325.782
325.808
325.833
325.858
325.882
325.904
325.927
325.949
325.971
325.993
326.014
326.035
326.057
326.078
326.098
326.119
326.137
326.155
326.173
326.19
326.208
326.228
326.247
326.267
326.287
326.309
326.334
326.362
326.403
326.499
326.777
321.037
321.434
321.831
322.172
322.463
322.714
322.932
323.126
323.299
323.456
323.598
323.727
323.845
323.952
324.052
324.144
324.228
324.307
324.379
324.446
324.507
324.565
324.62
324.671
324.721
324.769
324.816
324.862
324.908
324.953
324.997
325.037
325.074
325.109
325.142
325.175
325.207
325.238
325.269
325.299
325.329
325.358
325.387
325.415
325.442
325.47
325.497
325.523
325.549
325.574
325.599
325.622
325.646
325.67
325.694
325.718
325.742
325.767
325.794
325.82
325.845
325.869
325.894
325.919
325.941
325.964
325.986
326.009
326.031
326.053
326.074
326.095
326.117
326.137
326.158
326.177
326.196
326.214
326.231
326.248
326.265
326.281
326.298
326.316
326.336
326.359
326.387
326.428
326.525
326.805
321.044
321.441
321.838
322.179
322.471
322.724
322.944
323.139
323.314
323.472
323.614
323.744
323.862
323.97
324.069
324.161
324.246
324.324
324.396
324.463
324.526
324.584
324.639
324.692
324.742
324.791
324.839
324.886
324.932
324.977
325.02
325.061
325.098
325.134
325.168
325.201
325.234
325.266
325.298
325.328
325.358
325.387
325.416
325.444
325.472
325.499
325.525
325.552
325.579
325.605
325.63
325.655
325.68
325.704
325.728
325.752
325.776
325.801
325.825
325.849
325.873
325.897
325.922
325.946
325.97
325.992
326.015
326.038
326.06
326.082
326.104
326.126
326.147
326.168
326.189
326.209
326.228
326.247
326.265
326.282
326.298
326.314
326.33
326.346
326.365
326.388
326.415
326.456
326.554
326.836
321.048
321.445
321.843
322.184
322.477
322.73
322.953
323.149
323.325
323.483
323.626
323.756
323.874
323.982
324.082
324.173
324.258
324.337
324.409
324.476
324.539
324.598
324.654
324.708
324.759
324.809
324.857
324.904
324.95
324.995
325.037
325.077
325.114
325.15
325.184
325.218
325.252
325.285
325.316
325.347
325.377
325.407
325.436
325.464
325.491
325.518
325.545
325.572
325.599
325.625
325.652
325.678
325.703
325.728
325.752
325.776
325.801
325.825
325.849
325.873
325.896
325.92
325.945
325.969
325.993
326.016
326.039
326.062
326.084
326.107
326.129
326.151
326.173
326.194
326.215
326.235
326.255
326.274
326.293
326.31
326.328
326.344
326.36
326.377
326.395
326.416
326.443
326.483
326.582
326.867
321.051
321.448
321.846
322.188
322.482
322.737
322.96
323.158
323.335
323.493
323.636
323.766
323.884
323.992
324.092
324.184
324.269
324.347
324.42
324.487
324.551
324.611
324.667
324.722
324.774
324.824
324.872
324.92
324.965
325.009
325.051
325.09
325.127
325.163
325.198
325.232
325.266
325.299
325.331
325.362
325.392
325.422
325.451
325.48
325.507
325.534
325.561
325.589
325.616
325.643
325.669
325.696
325.722
325.747
325.772
325.797
325.821
325.846
325.87
325.894
325.917
325.941
325.966
325.99
326.013
326.037
326.06
326.083
326.107
326.13
326.152
326.175
326.197
326.218
326.239
326.26
326.28
326.3
326.319
326.337
326.355
326.372
326.389
326.407
326.425
326.446
326.471
326.512
326.611
326.898
321.055
321.452
321.85
322.192
322.487
322.743
322.967
323.166
323.343
323.502
323.645
323.774
323.893
324.001
324.101
324.193
324.278
324.357
324.43
324.498
324.562
324.622
324.68
324.735
324.787
324.838
324.886
324.934
324.979
325.022
325.063
325.102
325.139
325.176
325.211
325.245
325.279
325.312
325.344
325.376
325.406
325.436
325.466
325.495
325.522
325.55
325.577
325.604
325.631
325.659
325.686
325.712
325.739
325.764
325.79
325.815
325.84
325.865
325.889
325.913
325.937
325.961
325.986
326.01
326.034
326.058
326.081
326.105
326.129
326.152
326.175
326.198
326.221
326.243
326.264
326.285
326.306
326.326
326.346
326.365
326.384
326.402
326.419
326.437
326.456
326.477
326.502
326.543
326.643
326.932
321.058
321.456
321.854
322.197
322.492
322.749
322.974
323.173
323.35
323.509
323.652
323.782
323.901
324.009
324.109
324.201
324.286
324.365
324.439
324.507
324.572
324.633
324.691
324.746
324.799
324.85
324.899
324.946
324.99
325.033
325.074
325.113
325.15
325.187
325.222
325.257
325.291
325.324
325.356
325.388
325.419
325.449
325.479
325.508
325.536
325.563
325.591
325.619
325.646
325.674
325.701
325.727
325.754
325.78
325.806
325.831
325.857
325.882
325.907
325.932
325.956
325.98
326.005
326.029
326.053
326.077
326.102
326.126
326.15
326.174
326.198
326.221
326.245
326.267
326.29
326.312
326.334
326.355
326.376
326.396
326.415
326.434
326.452
326.471
326.49
326.511
326.536
326.578
326.681
326.974
321.061
321.459
321.858
322.201
322.496
322.753
322.979
323.178
323.356
323.515
323.658
323.788
323.907
324.016
324.116
324.208
324.293
324.372
324.446
324.516
324.581
324.643
324.701
324.757
324.81
324.861
324.909
324.956
325
325.043
325.084
325.123
325.161
325.198
325.233
325.268
325.302
325.336
325.368
325.4
325.431
325.461
325.491
325.52
325.549
325.577
325.605
325.633
325.661
325.688
325.715
325.742
325.769
325.795
325.821
325.847
325.873
325.899
325.924
325.949
325.974
325.999
326.023
326.048
326.073
326.097
326.122
326.147
326.171
326.196
326.22
326.244
326.268
326.292
326.315
326.338
326.361
326.384
326.406
326.428
326.449
326.469
326.489
326.509
326.529
326.551
326.577
326.62
326.725
327.024
321.063
321.461
321.86
322.204
322.5
322.757
322.983
323.182
323.36
323.52
323.663
323.794
323.913
324.022
324.122
324.215
324.301
324.38
324.455
324.525
324.591
324.653
324.712
324.768
324.822
324.873
324.921
324.968
325.013
325.055
325.096
325.136
325.174
325.212
325.248
325.283
325.317
325.351
325.384
325.416
325.447
325.478
325.508
325.538
325.567
325.596
325.624
325.653
325.681
325.708
325.736
325.763
325.79
325.816
325.843
325.869
325.895
325.921
325.947
325.972
325.998
326.023
326.048
326.073
326.098
326.123
326.148
326.173
326.198
326.224
326.248
326.273
326.298
326.322
326.346
326.37
326.393
326.417
326.44
326.463
326.485
326.507
326.529
326.551
326.573
326.596
326.624
326.667
326.775
327.076
321.065
321.464
321.865
322.209
322.507
322.766
322.993
323.194
323.373
323.533
323.678
323.81
323.93
324.041
324.142
324.236
324.323
324.405
324.481
324.552
324.619
324.683
324.743
324.8
324.855
324.906
324.956
325.004
325.049
325.093
325.135
325.176
325.215
325.254
325.291
325.328
325.363
325.397
325.431
325.464
325.497
325.529
325.56
325.591
325.621
325.651
325.68
325.709
325.738
325.767
325.795
325.823
325.851
325.879
325.906
325.933
325.96
325.987
326.014
326.04
326.066
326.093
326.119
326.145
326.171
326.197
326.223
326.249
326.275
326.301
326.326
326.352
326.378
326.403
326.428
326.452
326.477
326.501
326.525
326.549
326.572
326.595
326.618
326.641
326.664
326.689
326.718
326.761
326.865
327.156
321.072
321.478
321.885
322.236
322.54
322.805
323.038
323.244
323.429
323.595
323.745
323.881
324.006
324.121
324.227
324.326
324.417
324.503
324.583
324.658
324.73
324.797
324.861
324.922
324.98
325.035
325.088
325.139
325.188
325.235
325.281
325.325
325.368
325.41
325.451
325.49
325.529
325.567
325.604
325.64
325.675
325.71
325.744
325.778
325.811
325.844
325.877
325.909
325.94
325.972
326.003
326.033
326.064
326.094
326.124
326.154
326.183
326.213
326.242
326.271
326.3
326.329
326.358
326.386
326.415
326.443
326.472
326.5
326.529
326.557
326.585
326.613
326.641
326.669
326.696
326.723
326.75
326.776
326.802
326.828
326.853
326.877
326.902
326.926
326.95
326.976
327.005
327.047
327.139
327.389
)
;
        Tnbr            T;
        qrNbr           none;
        qr              none;
        thermalInertia  false;
        thicknessLayers List<scalar> 0();
        kappaLayers     List<scalar> 0();
        kappaMethod     solidThermo;
        kappa           none;
        alphaAni        none;
        alpha           none;
    }
    asphalt_to_air
    {
        type            compressible::turbulentTemperatureRadCoupledMixed;
        refValue        nonuniform List<scalar> 
990
(
310.212
310.408
310.585
310.746
310.895
311.034
311.163
311.285
311.399
311.508
311.611
311.71
311.804
311.895
311.982
312.066
312.147
312.226
312.303
312.377
312.45
312.521
312.59
312.657
312.723
312.788
312.852
312.914
312.976
313.036
313.096
313.154
313.212
313.269
313.325
313.381
313.435
313.489
313.542
313.595
313.646
313.698
313.748
313.798
313.847
313.895
313.943
313.991
314.037
314.083
314.129
314.174
314.218
314.261
314.305
314.347
314.389
314.431
314.472
314.513
314.554
314.594
314.633
314.673
314.712
314.751
314.789
314.827
314.865
314.903
314.94
314.977
315.013
315.049
315.085
315.121
315.155
315.19
315.223
315.256
315.288
315.318
315.348
315.377
315.404
315.431
315.457
315.482
315.508
315.539
310.212
310.408
310.585
310.746
310.895
311.034
311.163
311.285
311.4
311.508
311.612
311.71
311.805
311.896
311.983
312.067
312.149
312.228
312.304
312.379
312.452
312.523
312.592
312.659
312.726
312.791
312.854
312.917
312.979
313.039
313.099
313.158
313.216
313.273
313.33
313.385
313.44
313.494
313.547
313.6
313.652
313.704
313.754
313.804
313.854
313.902
313.951
313.998
314.045
314.092
314.137
314.183
314.227
314.271
314.315
314.358
314.401
314.443
314.484
314.526
314.566
314.607
314.647
314.687
314.726
314.766
314.804
314.843
314.881
314.919
314.957
314.994
315.031
315.068
315.104
315.14
315.175
315.21
315.244
315.277
315.31
315.341
315.371
315.4
315.428
315.455
315.482
315.507
315.534
315.565
310.211
310.408
310.585
310.746
310.895
311.033
311.163
311.285
311.399
311.508
311.612
311.71
311.805
311.896
311.983
312.068
312.149
312.228
312.305
312.38
312.453
312.523
312.593
312.66
312.727
312.792
312.856
312.918
312.98
313.041
313.101
313.16
313.218
313.275
313.332
313.387
313.442
313.496
313.55
313.603
313.655
313.706
313.757
313.808
313.857
313.906
313.955
314.002
314.05
314.096
314.142
314.188
314.233
314.277
314.321
314.365
314.408
314.451
314.493
314.534
314.576
314.617
314.657
314.698
314.738
314.778
314.817
314.856
314.895
314.934
314.972
315.01
315.048
315.085
315.122
315.159
315.195
315.231
315.266
315.3
315.333
315.365
315.396
315.427
315.455
315.483
315.51
315.537
315.564
315.596
310.211
310.408
310.585
310.746
310.895
311.033
311.162
311.284
311.399
311.508
311.611
311.71
311.805
311.896
311.983
312.068
312.149
312.229
312.305
312.38
312.453
312.524
312.593
312.661
312.727
312.793
312.857
312.919
312.981
313.042
313.102
313.161
313.219
313.276
313.333
313.388
313.443
313.498
313.551
313.604
313.656
313.708
313.759
313.809
313.859
313.908
313.957
314.005
314.052
314.099
314.146
314.191
314.237
314.282
314.326
314.37
314.413
314.456
314.499
314.541
314.583
314.624
314.666
314.707
314.747
314.788
314.828
314.867
314.907
314.946
314.985
315.024
315.063
315.101
315.139
315.176
315.213
315.249
315.285
315.32
315.354
315.387
315.42
315.451
315.48
315.509
315.537
315.564
315.592
315.625
310.211
310.408
310.585
310.746
310.894
311.033
311.162
311.284
311.399
311.508
311.611
311.71
311.805
311.896
311.983
312.068
312.15
312.229
312.306
312.38
312.453
312.524
312.594
312.662
312.728
312.793
312.857
312.92
312.982
313.043
313.103
313.162
313.22
313.277
313.333
313.389
313.444
313.498
313.552
313.605
313.657
313.709
313.76
313.81
313.86
313.909
313.958
314.006
314.054
314.101
314.147
314.193
314.239
314.284
314.329
314.373
314.417
314.46
314.503
314.546
314.588
314.63
314.672
314.713
314.755
314.796
314.836
314.877
314.917
314.957
314.997
315.037
315.076
315.115
315.154
315.192
315.23
315.267
315.304
315.34
315.375
315.409
315.442
315.475
315.506
315.535
315.564
315.592
315.621
315.655
310.211
310.408
310.584
310.746
310.894
311.033
311.162
311.284
311.399
311.508
311.611
311.71
311.805
311.896
311.984
312.068
312.15
312.229
312.306
312.381
312.454
312.525
312.594
312.662
312.729
312.794
312.858
312.921
312.983
313.044
313.104
313.163
313.221
313.278
313.334
313.39
313.445
313.499
313.553
313.606
313.658
313.71
313.761
313.811
313.861
313.911
313.959
314.008
314.055
314.103
314.149
314.195
314.241
314.287
314.331
314.376
314.42
314.464
314.507
314.55
314.593
314.635
314.677
314.719
314.761
314.803
314.844
314.885
314.926
314.967
315.007
315.048
315.088
315.128
315.168
315.207
315.246
315.284
315.322
315.359
315.396
315.431
315.466
315.499
315.532
315.563
315.593
315.623
315.653
315.688
310.211
310.408
310.585
310.746
310.894
311.033
311.162
311.284
311.399
311.508
311.612
311.711
311.805
311.896
311.984
312.068
312.15
312.229
312.306
312.381
312.454
312.525
312.595
312.663
312.729
312.795
312.859
312.922
312.984
313.044
313.104
313.163
313.221
313.279
313.335
313.391
313.446
313.5
313.554
313.607
313.659
313.71
313.762
313.812
313.862
313.911
313.96
314.008
314.056
314.103
314.15
314.196
314.242
314.287
314.332
314.377
314.421
314.465
314.508
314.552
314.594
314.637
314.68
314.722
314.764
314.806
314.848
314.889
314.931
314.972
315.014
315.055
315.096
315.137
315.178
315.218
315.258
315.298
315.338
315.376
315.415
315.452
315.489
315.524
315.559
315.593
315.625
315.657
315.69
315.728
310.211
310.408
310.585
310.746
310.894
311.033
311.162
311.284
311.399
311.508
311.612
311.711
311.805
311.896
311.984
312.069
312.15
312.23
312.307
312.381
312.454
312.526
312.595
312.663
312.73
312.795
312.859
312.922
312.984
313.045
313.105
313.164
313.222
313.279
313.336
313.392
313.447
313.501
313.554
313.607
313.66
313.711
313.762
313.813
313.863
313.912
313.96
314.009
314.056
314.103
314.15
314.196
314.242
314.287
314.332
314.377
314.421
314.465
314.508
314.551
314.594
314.637
314.679
314.722
314.764
314.806
314.848
314.889
314.931
314.973
315.015
315.056
315.098
315.139
315.181
315.222
315.263
315.304
315.345
315.385
315.425
315.464
315.503
315.541
315.578
315.615
315.65
315.686
315.722
315.764
310.211
310.408
310.585
310.746
310.895
311.033
311.162
311.284
311.399
311.508
311.612
311.711
311.806
311.897
311.984
312.069
312.15
312.23
312.307
312.382
312.455
312.526
312.595
312.663
312.73
312.796
312.86
312.923
312.985
313.045
313.105
313.164
313.222
313.28
313.336
313.392
313.447
313.501
313.554
313.607
313.659
313.711
313.762
313.812
313.862
313.911
313.959
314.007
314.055
314.102
314.148
314.194
314.24
314.285
314.329
314.373
314.417
314.461
314.504
314.546
314.589
314.631
314.673
314.715
314.757
314.798
314.84
314.881
314.922
314.964
315.005
315.046
315.087
315.128
315.17
315.211
315.252
315.293
315.333
315.374
315.414
315.454
315.493
315.532
315.571
315.609
315.647
315.685
315.725
315.77
310.211
310.408
310.585
310.746
310.895
311.033
311.163
311.284
311.399
311.508
311.612
311.711
311.806
311.897
311.985
312.07
312.152
312.231
312.308
312.383
312.456
312.528
312.597
312.666
312.732
312.798
312.862
312.925
312.987
313.049
313.109
313.168
313.226
313.283
313.34
313.396
313.451
313.505
313.559
313.612
313.664
313.716
313.767
313.817
313.867
313.916
313.965
314.013
314.06
314.107
314.154
314.2
314.245
314.29
314.335
314.379
314.422
314.465
314.508
314.551
314.593
314.635
314.676
314.718
314.759
314.8
314.841
314.882
314.922
314.963
315.003
315.044
315.084
315.124
315.165
315.205
315.245
315.285
315.324
315.364
315.403
315.442
315.48
315.518
315.556
315.593
315.63
315.667
315.706
315.751
310.211
310.408
310.585
310.746
310.896
311.035
311.165
311.287
311.402
311.512
311.616
311.716
311.812
311.903
311.992
312.077
312.16
312.24
312.318
312.394
312.467
312.54
312.61
312.679
312.747
312.813
312.878
312.942
313.005
313.067
313.128
313.188
313.247
313.306
313.363
313.42
313.476
313.531
313.586
313.639
313.693
313.745
313.797
313.848
313.899
313.949
313.999
314.047
314.096
314.144
314.191
314.237
314.284
314.329
314.375
314.419
314.464
314.507
314.551
314.594
314.637
314.679
314.721
314.763
314.804
314.846
314.887
314.928
314.968
315.009
315.05
315.09
315.13
315.17
315.21
315.25
315.29
315.329
315.368
315.407
315.445
315.483
315.521
315.557
315.594
315.63
315.665
315.7
315.737
315.779
)
;
        refGradient     nonuniform List<scalar> 
990
(
71.3842
69.164
67.4366
65.9217
64.6246
63.5081
62.5349
61.6688
60.8837
60.1681
59.5194
58.9348
58.4073
57.9279
57.4882
57.0819
56.7041
56.3506
56.018
55.7036
55.4055
55.1231
54.8563
54.605
54.3687
54.1463
53.9374
53.7422
53.5616
53.3955
53.2412
53.0988
52.9778
52.8355
52.6877
52.543
52.3973
52.2578
52.1248
51.9952
51.868
51.7431
51.6202
51.4978
51.3843
51.2706
51.1558
51.0414
50.9259
50.8078
50.688
50.5689
50.4529
50.3409
50.2321
50.1255
50.0201
49.9117
49.7873
49.6832
49.5883
49.4941
49.4018
49.307
49.2066
49.1042
49.0009
48.8969
48.7922
48.6869
48.5817
48.4773
48.3744
48.2732
48.1745
48.0792
47.9872
47.8945
47.794
47.681
47.5603
47.4461
47.3523
47.2787
47.2112
47.138
47.0654
47.0204
47.1319
48.2506
71.3412
69.1181
67.388
65.8713
64.5717
63.449
62.465
61.5876
60.7968
60.0829
59.4403
58.8613
58.3367
57.8575
57.4165
57.0086
56.6293
56.2747
55.9412
55.6261
55.3278
55.0458
54.7799
54.5299
54.2948
54.0736
53.8659
53.6721
53.4923
53.3248
53.1654
53.0107
52.8591
52.7059
52.5543
52.4074
52.2655
52.1275
51.9933
51.8622
51.7337
51.6079
51.4841
51.3619
51.2418
51.1233
51.0067
50.8917
50.7774
50.6626
50.5469
50.4312
50.3167
50.2044
50.0947
49.9871
49.8815
49.7778
49.6714
49.5715
49.4755
49.3797
49.2901
49.1939
49.0928
48.9897
48.8858
48.7816
48.677
48.5722
48.4676
48.3639
48.2616
48.1605
48.0605
47.962
47.8653
47.7692
47.6707
47.5681
47.4646
47.3688
47.2889
47.2231
47.1592
47.0878
47.0166
46.9735
47.0879
48.2124
71.3309
69.1064
67.3749
65.857
64.5548
63.4267
62.436
61.555
60.7659
60.0574
59.42
58.8435
58.3187
57.8379
57.3954
56.9864
56.6065
56.2514
55.9175
55.6024
55.3046
55.0238
54.7597
54.5114
54.2779
54.058
53.8516
53.6587
53.4787
53.3087
53.1445
52.9831
52.8235
52.6661
52.5131
52.365
52.225
52.0876
51.9523
51.8199
51.6905
51.5637
51.4392
51.3169
51.1929
51.0715
50.9532
50.8372
50.723
50.6099
50.4971
50.3841
50.2712
50.1593
50.0491
49.9409
49.8347
49.7308
49.6258
49.5248
49.4264
49.3284
49.2363
49.1385
49.0366
48.9328
48.828
48.7229
48.6177
48.5125
48.4075
48.3032
48.2005
48.0991
47.9987
47.8989
47.7995
47.7004
47.6012
47.5014
47.4038
47.3141
47.2373
47.1718
47.1076
47.0363
46.9651
46.9211
47.0362
48.1652
71.3339
69.1092
67.3776
65.8588
64.5542
63.422
62.4278
61.546
60.7589
60.0531
59.4167
58.8395
58.3131
57.8309
57.3877
56.9783
56.5981
56.2427
55.9088
55.5942
55.2976
55.0186
54.7565
54.51
54.2779
54.0593
53.8538
53.6612
53.4797
53.3065
53.1378
52.9718
52.8087
52.6498
52.4963
52.3476
52.2078
52.0701
51.934
51.8007
51.6704
51.5429
51.4176
51.2948
51.1691
51.0461
50.9267
50.8097
50.695
50.5824
50.471
50.3596
50.248
50.1366
50.0264
49.918
49.8115
49.7067
49.6019
49.4992
49.3985
49.2983
49.2021
49.1026
48.9998
48.8951
48.7895
48.6835
48.5775
48.4716
48.3659
48.2609
48.1575
48.0555
47.9548
47.8548
47.7549
47.6552
47.5557
47.4564
47.3594
47.2682
47.187
47.1155
47.0469
46.9743
46.9032
46.8588
46.9743
48.1056
71.3366
69.1123
67.3808
65.8613
64.5544
63.419
62.4222
61.5392
60.7518
60.0452
59.4075
58.8288
58.3013
57.8187
57.3752
56.9657
56.5852
56.2297
55.8961
55.5823
55.2873
55.0103
54.7501
54.5051
54.2742
54.0564
53.8512
53.6579
53.4742
53.2974
53.1249
52.9559
52.7912
52.6318
52.4782
52.3293
52.1885
52.0501
51.9133
51.7793
51.6484
51.5201
51.3941
51.2707
51.1446
51.0211
50.9011
50.7835
50.6682
50.5552
50.4439
50.3331
50.2221
50.1112
50.0012
49.8928
49.7859
49.6805
49.5756
49.4716
49.369
49.2669
49.1672
49.0658
48.962
48.8565
48.7499
48.6428
48.5356
48.4286
48.3219
48.2156
48.1107
48.0074
47.9056
47.805
47.7053
47.6062
47.5076
47.4093
47.3118
47.2175
47.1297
47.0495
46.9737
46.8977
46.8257
46.7811
46.8967
48.0289
71.3333
69.1089
67.3773
65.8568
64.5477
63.4094
62.4099
61.525
60.7358
60.0277
59.3887
58.8092
58.2814
57.7987
57.3551
56.9452
56.5644
56.2088
55.8755
55.5629
55.2695
54.9942
54.7354
54.4915
54.2612
54.0436
53.8381
53.6433
53.457
53.2768
53.1014
52.9307
52.7654
52.606
52.4523
52.3031
52.1609
52.0215
51.8841
51.7496
51.6182
51.4893
51.3627
51.2385
51.1127
50.9894
50.8692
50.7513
50.6356
50.522
50.4102
50.299
50.1881
50.0774
49.9676
49.8591
49.7519
49.6459
49.5405
49.4357
49.3318
49.2283
49.1263
49.0234
48.9188
48.8128
48.7055
48.5973
48.4887
48.38
48.2715
48.1631
48.0556
47.9496
47.8456
47.7435
47.6432
47.5442
47.4465
47.3495
47.2527
47.157
47.0647
46.9777
46.8951
46.8151
46.7416
46.6955
46.8101
47.9415
71.3251
69.0999
67.3674
65.8457
64.5346
63.394
62.3925
61.5059
60.7155
60.0065
59.367
58.7874
58.2595
57.7765
57.3325
56.9221
56.541
56.1854
55.8529
55.5415
55.2495
54.9756
54.7177
54.4743
54.2442
54.0264
53.82
53.6233
53.4344
53.2518
53.0746
52.9031
52.7378
52.5785
52.4248
52.2753
52.1317
51.9913
51.8535
51.7187
51.5868
51.4575
51.3304
51.2056
51.0805
50.9576
50.8376
50.7198
50.604
50.49
50.3774
50.2659
50.1548
50.0443
49.9347
49.826
49.7185
49.6119
49.5059
49.4003
49.2953
49.1909
49.0874
48.9835
48.8785
48.7725
48.6654
48.5571
48.4477
48.3374
48.2265
48.1153
48.0041
47.8937
47.7849
47.6785
47.5751
47.4743
47.3757
47.2787
47.1829
47.0885
46.9963
46.9074
46.8218
46.7395
46.6635
46.6121
46.7218
47.8489
71.3162
69.0894
67.3557
65.8328
64.5204
63.3784
62.3757
61.4883
60.6974
59.9881
59.3485
58.7686
58.2404
57.7569
57.3124
56.9016
56.5204
56.1652
55.8335
55.5232
55.2324
54.9593
54.702
54.4588
54.2286
54.0103
53.8027
53.6042
53.4134
53.2291
53.0512
52.8796
52.7146
52.5555
52.4016
52.2521
52.1073
51.9663
51.8283
51.6933
51.5613
51.4318
51.3045
51.1793
51.055
50.9329
50.8132
50.6956
50.58
50.4659
50.3531
50.2414
50.1306
50.0207
49.9117
49.8037
49.6964
49.5897
49.4835
49.3775
49.2718
49.1663
49.0613
48.9562
48.851
48.7453
48.6391
48.532
48.4239
48.3148
48.2044
48.0928
47.98
47.8665
47.7532
47.641
47.5309
47.4235
47.3188
47.2167
47.1172
47.0205
46.9272
46.8377
46.7523
46.6703
46.5936
46.5389
46.6423
47.7605
71.3091
69.0808
67.3457
65.8218
64.5086
63.3658
62.3626
61.4748
60.6838
59.9744
59.3346
58.7545
58.2261
57.7425
57.2978
56.8871
56.5063
56.1518
55.8212
55.5121
55.2224
54.95
54.6931
54.4501
54.2199
54.0011
53.7927
53.5931
53.4013
53.2166
53.0389
52.8679
52.7034
52.5447
52.391
52.2417
52.0967
51.9555
51.8177
51.6831
51.5514
51.4223
51.2953
51.1704
51.0474
50.9264
50.8076
50.6908
50.5757
50.4621
50.3496
50.2383
50.1282
50.0194
49.9117
49.805
49.6992
49.5941
49.4895
49.3852
49.281
49.1767
49.0722
48.9677
48.8629
48.7578
48.6521
48.5458
48.4387
48.3308
48.222
48.112
48.001
47.8892
47.7771
47.6655
47.555
47.4461
47.3391
47.2339
47.1306
47.0296
46.9317
46.8379
46.749
46.6648
46.5855
46.5233
46.6122
47.707
71.3056
69.079
67.3451
65.8225
64.5106
63.3693
62.3676
61.4815
60.6921
59.9844
59.3462
58.7679
58.2411
57.7592
57.3163
56.9075
56.5287
56.1766
55.8485
55.5418
55.2543
54.9839
54.7287
54.4872
54.2582
54.0405
53.8328
53.6339
53.4431
53.2599
53.0839
52.9149
52.7522
52.595
52.4428
52.295
52.1512
52.0113
51.8751
51.7421
51.612
51.4844
51.359
51.2358
51.115
50.9962
50.8794
50.7646
50.6513
50.5394
50.4286
50.319
50.2107
50.1038
49.9981
49.8936
49.7901
49.6875
49.5858
49.4845
49.3833
49.2823
49.1809
49.0795
48.9779
48.8761
48.7739
48.6711
48.5677
48.4636
48.3585
48.2525
48.1455
48.0378
47.9297
47.8218
47.7148
47.609
47.5048
47.402
47.3009
47.202
47.106
47.0139
46.9267
46.8444
46.7664
46.6999
46.7652
47.7946
71.348
69.1705
67.4769
65.9905
64.7116
63.6007
62.6272
61.7674
61.0027
60.3183
59.7023
59.1449
58.6382
58.1755
57.7511
57.3603
56.9992
56.6643
56.3528
56.0621
55.7898
55.534
55.2929
55.065
54.8491
54.6441
54.4489
54.2625
54.0843
53.9139
53.7507
53.594
53.4431
53.2975
53.1566
53.0201
52.8873
52.7584
52.633
52.5106
52.391
52.2739
52.159
52.0462
51.936
51.8276
51.7209
51.6158
51.5122
51.4098
51.3085
51.2085
51.1097
51.0121
50.9157
50.8204
50.726
50.6326
50.5401
50.4483
50.3569
50.2657
50.1744
50.0831
49.9918
49.9002
49.8083
49.7159
49.623
49.5295
49.4353
49.3404
49.2449
49.1489
49.0528
48.9569
48.8617
48.7675
48.6745
48.5828
48.4927
48.4048
48.3197
48.2382
48.1608
48.0878
48.019
47.957
47.986
48.785
)
;
        valueFraction   nonuniform List<scalar> 
990
(
0.185371
0.175269
0.167258
0.160726
0.155295
0.150712
0.146798
0.143421
0.140482
0.137905
0.135629
0.133607
0.131801
0.130181
0.128721
0.1274
0.1262
0.125106
0.124107
0.123191
0.122349
0.121573
0.120857
0.120194
0.119578
0.119006
0.118472
0.117973
0.117506
0.117068
0.116657
0.11627
0.115907
0.115562
0.115235
0.114924
0.114627
0.114342
0.114068
0.113803
0.113546
0.113295
0.113051
0.112812
0.112576
0.112343
0.112114
0.111888
0.111664
0.111443
0.111223
0.111006
0.11079
0.110576
0.110363
0.110151
0.10994
0.10973
0.109519
0.109308
0.109098
0.108886
0.108672
0.108455
0.108234
0.108008
0.107776
0.107538
0.107294
0.107042
0.106783
0.106518
0.106246
0.105968
0.105684
0.105397
0.105106
0.104814
0.104521
0.104229
0.103941
0.103658
0.10338
0.103108
0.10284
0.102575
0.102311
0.102034
0.101737
0.101161
0.185371
0.175269
0.167258
0.160727
0.155296
0.150713
0.146799
0.143423
0.140484
0.137907
0.135631
0.13361
0.131805
0.130185
0.128725
0.127404
0.126204
0.125111
0.124112
0.123196
0.122355
0.121579
0.120862
0.120198
0.119581
0.119007
0.118472
0.117971
0.117502
0.117062
0.116647
0.116258
0.11589
0.115542
0.115212
0.114897
0.114596
0.114308
0.11403
0.113762
0.113502
0.113249
0.113003
0.112761
0.112525
0.112292
0.112062
0.111836
0.111612
0.11139
0.111171
0.110954
0.110739
0.110525
0.110313
0.110101
0.109891
0.109681
0.109472
0.109262
0.10905
0.108838
0.108622
0.108404
0.108182
0.107955
0.107723
0.107485
0.107241
0.10699
0.106732
0.106468
0.106197
0.105921
0.105639
0.105354
0.105065
0.104775
0.104484
0.104195
0.10391
0.103629
0.103354
0.103083
0.102818
0.102555
0.102293
0.102017
0.10172
0.101143
0.185373
0.175271
0.16726
0.160729
0.155298
0.150716
0.146802
0.143426
0.140487
0.13791
0.135634
0.133613
0.131808
0.130189
0.12873
0.127409
0.12621
0.125117
0.124118
0.123203
0.122361
0.121584
0.120867
0.120202
0.119584
0.119009
0.118472
0.11797
0.117499
0.117057
0.116641
0.116249
0.115878
0.115528
0.115194
0.114877
0.114573
0.114281
0.114
0.113729
0.113467
0.113212
0.112964
0.112721
0.112483
0.112249
0.112019
0.111792
0.111568
0.111346
0.111126
0.110909
0.110694
0.11048
0.110268
0.110057
0.109846
0.109636
0.109426
0.109215
0.109003
0.108789
0.108572
0.108353
0.108129
0.107901
0.107668
0.107429
0.107184
0.106933
0.106675
0.106411
0.106141
0.105865
0.105585
0.1053
0.105012
0.104722
0.104432
0.104144
0.103858
0.103577
0.103302
0.103032
0.102766
0.102503
0.102241
0.101964
0.101665
0.101082
0.185375
0.175274
0.167263
0.160733
0.155302
0.150719
0.146805
0.143428
0.14049
0.137912
0.135637
0.133616
0.131812
0.130193
0.128734
0.127414
0.126215
0.125122
0.124124
0.123208
0.122365
0.121589
0.120871
0.120205
0.119586
0.11901
0.118472
0.117968
0.117496
0.117052
0.116634
0.11624
0.115868
0.115515
0.115179
0.114859
0.114552
0.114257
0.113974
0.113701
0.113437
0.113179
0.112929
0.112685
0.112446
0.112211
0.11198
0.111752
0.111528
0.111306
0.111086
0.110868
0.110653
0.110439
0.110226
0.110015
0.109804
0.109593
0.109382
0.10917
0.108957
0.108742
0.108524
0.108304
0.108079
0.10785
0.107616
0.107376
0.10713
0.106878
0.10662
0.106356
0.106086
0.10581
0.10553
0.105246
0.104958
0.104669
0.10438
0.104091
0.103806
0.103524
0.103248
0.102978
0.102712
0.10245
0.102188
0.101911
0.10161
0.101024
0.185376
0.175276
0.167265
0.160735
0.155304
0.150721
0.146807
0.14343
0.140492
0.137915
0.13564
0.133619
0.131816
0.130197
0.128738
0.127419
0.12622
0.125127
0.124129
0.123213
0.12237
0.121593
0.120874
0.120208
0.119588
0.119011
0.118471
0.117967
0.117493
0.117048
0.116629
0.116233
0.115859
0.115504
0.115166
0.114843
0.114534
0.114238
0.113952
0.113677
0.11341
0.113151
0.1129
0.112654
0.112413
0.112178
0.111946
0.111718
0.111492
0.11127
0.11105
0.110832
0.110616
0.110401
0.110188
0.109976
0.109764
0.109553
0.109341
0.109128
0.108914
0.108698
0.108478
0.108256
0.10803
0.107799
0.107564
0.107323
0.107076
0.106823
0.106563
0.106298
0.106027
0.105751
0.10547
0.105186
0.104898
0.104609
0.104319
0.10403
0.103743
0.10346
0.103183
0.102911
0.102645
0.102382
0.102119
0.101841
0.101539
0.100949
0.185377
0.175276
0.167266
0.160736
0.155305
0.150722
0.146808
0.143431
0.140493
0.137916
0.135641
0.133621
0.131818
0.130199
0.128741
0.127421
0.126223
0.12513
0.124131
0.123215
0.122372
0.121595
0.120875
0.120208
0.119587
0.119009
0.118469
0.117963
0.117489
0.117042
0.116622
0.116225
0.115849
0.115492
0.115152
0.114827
0.114516
0.114218
0.113931
0.113653
0.113385
0.113125
0.112872
0.112624
0.112383
0.112146
0.111914
0.111685
0.111459
0.111237
0.111016
0.110798
0.110582
0.110367
0.110154
0.109941
0.109729
0.109516
0.109303
0.10909
0.108875
0.108657
0.108437
0.108213
0.107986
0.107753
0.107516
0.107274
0.107025
0.10677
0.106509
0.106242
0.10597
0.105692
0.105409
0.105122
0.104833
0.104541
0.104249
0.103957
0.103668
0.103382
0.103101
0.102825
0.102554
0.102287
0.10202
0.101737
0.101428
0.100828
0.185377
0.175276
0.167266
0.160736
0.155305
0.150722
0.146808
0.143432
0.140494
0.137917
0.135643
0.133624
0.13182
0.130202
0.128744
0.127425
0.126226
0.125134
0.124135
0.123219
0.122376
0.121597
0.120878
0.12021
0.119589
0.11901
0.118469
0.117962
0.117487
0.117039
0.116618
0.116219
0.115841
0.115483
0.115141
0.114814
0.114502
0.114202
0.113913
0.113634
0.113365
0.113103
0.112848
0.1126
0.112358
0.11212
0.111887
0.111658
0.111432
0.111209
0.110988
0.11077
0.110554
0.110339
0.110125
0.109912
0.109699
0.109487
0.109273
0.109059
0.108843
0.108625
0.108403
0.108178
0.107949
0.107716
0.107477
0.107232
0.106982
0.106725
0.106462
0.106192
0.105917
0.105636
0.10535
0.105059
0.104765
0.104468
0.104171
0.103874
0.103578
0.103285
0.102996
0.102711
0.102431
0.102154
0.101876
0.101579
0.101257
0.100636
0.185376
0.175276
0.167266
0.160736
0.155305
0.150722
0.146808
0.143432
0.140494
0.137918
0.135644
0.133624
0.131821
0.130203
0.128745
0.127426
0.126228
0.125135
0.124136
0.123219
0.122376
0.121597
0.120877
0.120209
0.119587
0.119008
0.118466
0.117958
0.117482
0.117034
0.116611
0.116211
0.115832
0.115472
0.115129
0.114801
0.114487
0.114186
0.113896
0.113616
0.113345
0.113082
0.112827
0.112578
0.112335
0.112098
0.111864
0.111635
0.111409
0.111186
0.110966
0.110748
0.110532
0.110318
0.110105
0.109893
0.109681
0.109468
0.109256
0.109041
0.108826
0.108607
0.108386
0.108161
0.107932
0.107698
0.107459
0.107214
0.106963
0.106705
0.10644
0.106169
0.105892
0.105608
0.105318
0.105024
0.104725
0.104423
0.104119
0.103813
0.103509
0.103206
0.102905
0.102608
0.102313
0.102019
0.101723
0.101406
0.10106
0.100407
0.185376
0.175276
0.167266
0.160736
0.155306
0.150723
0.14681
0.143434
0.140496
0.13792
0.135647
0.133627
0.131825
0.130207
0.128749
0.12743
0.126232
0.12514
0.124141
0.123224
0.12238
0.121601
0.120881
0.120212
0.11959
0.11901
0.118468
0.117959
0.117482
0.117033
0.116609
0.116208
0.115828
0.115467
0.115122
0.114793
0.114478
0.114176
0.113884
0.113604
0.113332
0.113068
0.112812
0.112563
0.11232
0.112082
0.111848
0.111619
0.111394
0.111172
0.110952
0.110736
0.110521
0.110308
0.110097
0.109886
0.109676
0.109465
0.109254
0.109043
0.108829
0.108613
0.108394
0.108172
0.107945
0.107714
0.107477
0.107234
0.106985
0.106729
0.106467
0.106198
0.105922
0.105639
0.105351
0.105057
0.104757
0.104454
0.104148
0.10384
0.103531
0.103222
0.102914
0.102608
0.102302
0.101995
0.101682
0.101347
0.10098
0.100298
0.185376
0.175275
0.167265
0.160735
0.155304
0.150722
0.146808
0.143432
0.140494
0.137918
0.135644
0.133624
0.131821
0.130204
0.128746
0.127426
0.126228
0.125135
0.124136
0.123219
0.122375
0.121595
0.120874
0.120205
0.119583
0.119002
0.118459
0.11795
0.117472
0.117022
0.116598
0.116196
0.115815
0.115452
0.115107
0.114777
0.114461
0.114157
0.113865
0.113583
0.113311
0.113047
0.11279
0.112541
0.112297
0.112059
0.111826
0.111597
0.111372
0.111151
0.110932
0.110717
0.110504
0.110292
0.110082
0.109874
0.109666
0.109458
0.10925
0.109041
0.10883
0.108618
0.108403
0.108184
0.107962
0.107735
0.107503
0.107265
0.107021
0.106771
0.106513
0.10625
0.105979
0.105702
0.105419
0.105129
0.104835
0.104536
0.104234
0.10393
0.103624
0.103317
0.103011
0.102705
0.102399
0.10209
0.101775
0.101436
0.101065
0.10038
0.185374
0.175272
0.16726
0.160728
0.155296
0.150711
0.146796
0.143418
0.140478
0.137901
0.135625
0.133604
0.1318
0.130181
0.128721
0.1274
0.1262
0.125106
0.124105
0.123186
0.122341
0.12156
0.120837
0.120166
0.119541
0.118959
0.118414
0.117903
0.117423
0.11697
0.116543
0.116139
0.115755
0.11539
0.115041
0.114709
0.11439
0.114084
0.113789
0.113505
0.11323
0.112963
0.112705
0.112453
0.112207
0.111967
0.111733
0.111502
0.111277
0.111054
0.110836
0.11062
0.110407
0.110196
0.109987
0.109779
0.109572
0.109366
0.10916
0.108953
0.108746
0.108537
0.108325
0.108111
0.107893
0.107671
0.107444
0.107213
0.106975
0.106731
0.106481
0.106225
0.105962
0.105692
0.105417
0.105136
0.10485
0.10456
0.104266
0.10397
0.103672
0.103374
0.103077
0.10278
0.102483
0.102185
0.101881
0.101554
0.101201
0.10055
)
;
        value           nonuniform List<scalar> 
990
(
323.364
323.853
324.309
324.692
325.02
325.303
325.55
325.767
325.96
326.134
326.291
326.434
326.565
326.686
326.797
326.9
326.995
327.083
327.164
327.239
327.308
327.372
327.432
327.49
327.545
327.598
327.649
327.7
327.751
327.801
327.85
327.896
327.933
327.972
328.01
328.046
328.08
328.114
328.148
328.182
328.214
328.246
328.278
328.309
328.341
328.372
328.402
328.432
328.46
328.486
328.511
328.536
328.561
328.586
328.613
328.639
328.666
328.696
328.731
328.761
328.79
328.817
328.844
328.871
328.896
328.921
328.945
328.97
328.995
329.02
329.045
329.07
329.095
329.12
329.145
329.169
329.193
329.216
329.237
329.257
329.273
329.287
329.3
329.316
329.339
329.367
329.4
329.446
329.552
329.924
323.366
323.854
324.31
324.693
325.021
325.305
325.551
325.769
325.962
326.137
326.295
326.439
326.571
326.691
326.803
326.906
327
327.088
327.169
327.244
327.313
327.378
327.439
327.497
327.553
327.607
327.659
327.711
327.762
327.813
327.862
327.908
327.95
327.99
328.028
328.065
328.101
328.136
328.17
328.204
328.237
328.27
328.301
328.333
328.363
328.394
328.424
328.453
328.482
328.51
328.536
328.563
328.589
328.615
328.641
328.667
328.693
328.721
328.748
328.775
328.803
328.83
328.858
328.885
328.91
328.935
328.96
328.985
329.01
329.035
329.06
329.086
329.111
329.136
329.162
329.186
329.211
329.234
329.257
329.277
329.294
329.308
329.322
329.338
329.36
329.387
329.42
329.466
329.573
329.948
323.364
323.852
324.308
324.69
325.019
325.302
325.549
325.767
325.962
326.138
326.297
326.442
326.574
326.694
326.806
326.908
327.003
327.091
327.172
327.246
327.316
327.381
327.443
327.502
327.559
327.613
327.667
327.719
327.771
327.821
327.869
327.915
327.957
327.996
328.035
328.072
328.109
328.145
328.18
328.214
328.247
328.28
328.312
328.343
328.373
328.403
328.433
328.462
328.491
328.52
328.548
328.576
328.603
328.629
328.655
328.682
328.708
328.735
328.761
328.787
328.814
328.841
328.869
328.895
328.921
328.946
328.971
328.997
329.022
329.048
329.073
329.099
329.124
329.15
329.175
329.201
329.226
329.25
329.274
329.296
329.315
329.332
329.348
329.366
329.388
329.415
329.447
329.494
329.602
329.98
323.362
323.849
324.304
324.687
325.015
325.298
325.547
325.766
325.963
326.139
326.298
326.443
326.575
326.696
326.807
326.909
327.004
327.092
327.173
327.248
327.318
327.384
327.446
327.506
327.563
327.619
327.673
327.725
327.777
327.827
327.874
327.918
327.96
327.999
328.038
328.075
328.113
328.15
328.185
328.219
328.252
328.285
328.317
328.349
328.379
328.408
328.438
328.467
328.497
328.526
328.555
328.584
328.611
328.638
328.665
328.692
328.719
328.745
328.771
328.797
328.823
328.85
328.877
328.904
328.93
328.955
328.981
329.006
329.032
329.058
329.084
329.11
329.136
329.162
329.187
329.213
329.238
329.263
329.288
329.311
329.334
329.354
329.373
329.394
329.417
329.443
329.475
329.522
329.631
330.012
323.36
323.847
324.302
324.684
325.012
325.297
325.546
325.767
325.963
326.14
326.3
326.444
326.576
326.697
326.808
326.91
327.005
327.092
327.174
327.249
327.32
327.386
327.45
327.51
327.568
327.624
327.678
327.731
327.782
327.831
327.877
327.921
327.962
328.002
328.041
328.079
328.116
328.153
328.188
328.223
328.256
328.289
328.322
328.353
328.383
328.413
328.443
328.473
328.502
328.532
328.561
328.59
328.618
328.646
328.673
328.7
328.727
328.754
328.78
328.807
328.833
328.859
328.886
328.912
328.938
328.964
328.99
329.016
329.043
329.069
329.095
329.122
329.148
329.174
329.2
329.226
329.251
329.277
329.302
329.327
329.351
329.374
329.397
329.42
329.444
329.471
329.503
329.549
329.66
330.042
323.36
323.847
324.302
324.684
325.012
325.297
325.547
325.768
325.965
326.142
326.301
326.446
326.577
326.698
326.809
326.912
327.007
327.094
327.176
327.252
327.323
327.39
327.455
327.516
327.574
327.63
327.685
327.737
327.787
327.835
327.881
327.924
327.966
328.006
328.045
328.083
328.121
328.158
328.193
328.227
328.261
328.294
328.327
328.359
328.389
328.419
328.449
328.479
328.509
328.538
328.568
328.597
328.626
328.654
328.681
328.709
328.736
328.763
328.79
328.817
328.843
328.869
328.896
328.922
328.949
328.975
329.001
329.028
329.054
329.081
329.108
329.135
329.162
329.188
329.215
329.241
329.267
329.294
329.319
329.345
329.37
329.395
329.419
329.444
329.47
329.497
329.529
329.576
329.688
330.074
323.361
323.848
324.303
324.685
325.014
325.299
325.549
325.77
325.967
326.144
326.303
326.448
326.58
326.7
326.812
326.914
327.009
327.097
327.179
327.255
327.327
327.395
327.46
327.521
327.58
327.636
327.691
327.743
327.793
327.84
327.885
327.928
327.97
328.01
328.05
328.088
328.126
328.163
328.198
328.233
328.267
328.3
328.333
328.365
328.395
328.426
328.456
328.486
328.516
328.546
328.575
328.605
328.633
328.662
328.69
328.717
328.745
328.772
328.8
328.826
328.853
328.88
328.906
328.933
328.96
328.986
329.013
329.04
329.067
329.094
329.121
329.149
329.176
329.203
329.23
329.258
329.285
329.312
329.34
329.366
329.393
329.419
329.444
329.47
329.497
329.526
329.558
329.606
329.721
330.111
323.362
323.849
324.304
324.686
325.015
325.3
325.551
325.772
325.969
326.146
326.305
326.45
326.582
326.702
326.814
326.916
327.011
327.099
327.182
327.259
327.331
327.4
327.465
327.527
327.586
327.642
327.696
327.748
327.798
327.845
327.89
327.933
327.975
328.016
328.056
328.094
328.132
328.169
328.204
328.239
328.273
328.307
328.34
328.372
328.403
328.434
328.464
328.495
328.525
328.555
328.584
328.613
328.642
328.67
328.699
328.727
328.754
328.782
328.809
328.837
328.864
328.89
328.917
328.944
328.971
328.998
329.025
329.052
329.08
329.107
329.135
329.163
329.19
329.218
329.246
329.273
329.302
329.33
329.359
329.387
329.415
329.443
329.47
329.498
329.527
329.557
329.591
329.64
329.758
330.154
323.363
323.85
324.305
324.687
325.016
325.301
325.552
325.773
325.97
326.147
326.307
326.452
326.584
326.705
326.816
326.919
327.014
327.103
327.186
327.264
327.337
327.406
327.471
327.534
327.593
327.649
327.703
327.755
327.804
327.852
327.897
327.941
327.983
328.025
328.065
328.104
328.141
328.178
328.214
328.25
328.284
328.318
328.351
328.383
328.415
328.446
328.477
328.508
328.538
328.568
328.598
328.627
328.656
328.685
328.713
328.741
328.769
328.797
328.825
328.852
328.88
328.907
328.934
328.961
328.988
329.015
329.042
329.07
329.098
329.126
329.154
329.182
329.21
329.238
329.266
329.294
329.322
329.351
329.38
329.409
329.438
329.467
329.496
329.525
329.555
329.587
329.622
329.673
329.792
330.19
323.364
323.851
324.307
324.691
325.021
325.307
325.559
325.781
325.98
326.158
326.318
326.464
326.598
326.72
326.832
326.937
327.033
327.123
327.207
327.286
327.361
327.431
327.498
327.561
327.621
327.679
327.734
327.786
327.837
327.885
327.931
327.976
328.02
328.062
328.104
328.144
328.182
328.22
328.257
328.294
328.329
328.364
328.398
328.431
328.464
328.497
328.529
328.56
328.592
328.623
328.653
328.683
328.713
328.742
328.772
328.801
328.829
328.858
328.887
328.915
328.943
328.971
328.999
329.027
329.055
329.083
329.111
329.139
329.168
329.196
329.225
329.254
329.282
329.311
329.34
329.369
329.398
329.427
329.456
329.486
329.515
329.545
329.574
329.604
329.635
329.668
329.704
329.754
329.867
330.25
323.372
323.869
324.333
324.725
325.063
325.357
325.616
325.846
326.051
326.236
326.404
326.556
326.695
326.824
326.942
327.052
327.154
327.25
327.339
327.424
327.503
327.579
327.65
327.718
327.783
327.845
327.904
327.961
328.016
328.069
328.12
328.169
328.217
328.264
328.309
328.353
328.396
328.438
328.479
328.52
328.559
328.598
328.636
328.673
328.71
328.746
328.782
328.817
328.852
328.886
328.92
328.954
328.987
329.02
329.052
329.085
329.117
329.149
329.18
329.212
329.243
329.275
329.306
329.337
329.368
329.399
329.43
329.462
329.493
329.525
329.557
329.588
329.62
329.652
329.684
329.715
329.747
329.779
329.811
329.843
329.875
329.906
329.938
329.97
330.002
330.036
330.073
330.121
330.22
330.543
)
;
        Tnbr            T;
        qrNbr           qr;
        qr              none;
        thermalInertia  false;
        thicknessLayers List<scalar> 0();
        kappaLayers     List<scalar> 0();
        kappaMethod     solidThermo;
        kappa           none;
        alphaAni        none;
        alpha           none;
    }
    asphalt_to_concrete
    {
        type            compressible::turbulentTemperatureRadCoupledMixed;
        refValue        nonuniform List<scalar> 
52
(
325.561
325.583
325.615
325.648
325.676
325.706
325.736
325.766
325.796
325.825
325.853
325.882
325.913
325.944
325.972
325.998
326.022
326.045
326.067
326.089
326.111
326.135
326.16
326.185
326.214
326.258
327.187
327.218
327.254
327.289
327.32
327.351
327.384
327.416
327.448
327.479
327.509
327.539
327.573
327.605
327.635
327.663
327.689
327.713
327.736
327.759
327.783
327.808
327.834
327.861
327.89
327.928
)
;
        refGradient     uniform 0;
        valueFraction   nonuniform List<scalar> 
52
(
0.470588
0.470588
0.470588
0.470588
0.470588
0.470588
0.470588
0.470588
0.470588
0.470588
0.470588
0.470588
0.470588
0.470588
0.470588
0.470588
0.470588
0.470588
0.470588
0.470588
0.470588
0.470588
0.470588
0.470588
0.470588
0.470588
0.470588
0.470588
0.470588
0.470588
0.470588
0.470588
0.470588
0.470588
0.470588
0.470588
0.470588
0.470588
0.470588
0.470588
0.470588
0.470588
0.470588
0.470588
0.470588
0.470588
0.470588
0.470588
0.470588
0.470588
0.470588
0.470588
)
;
        value           nonuniform List<scalar> 
52
(
325.659
325.687
325.72
325.753
325.784
325.814
325.845
325.875
325.905
325.934
325.963
325.991
326.022
326.052
326.08
326.106
326.131
326.155
326.178
326.2
326.223
326.247
326.272
326.297
326.324
326.36
327.202
327.236
327.272
327.307
327.339
327.371
327.404
327.437
327.469
327.5
327.53
327.56
327.593
327.624
327.654
327.682
327.709
327.734
327.757
327.781
327.805
327.83
327.856
327.883
327.91
327.944
)
;
        Tnbr            T;
        qrNbr           none;
        qr              none;
        thermalInertia  false;
        thicknessLayers List<scalar> 0();
        kappaLayers     List<scalar> 0();
        kappaMethod     solidThermo;
        kappa           none;
        alphaAni        none;
        alpha           none;
    }
    asphalt_to_soil2
    {
        type            compressible::turbulentTemperatureRadCoupledMixed;
        refValue        nonuniform List<scalar> 
128
(
321.595
322.011
322.422
322.771
323.07
323.326
323.548
323.743
323.918
324.077
324.221
324.353
324.474
324.584
324.686
324.78
324.867
324.948
325.022
325.091
325.154
325.213
325.268
325.319
325.369
325.417
325.463
325.509
325.554
325.599
325.641
325.67
326.44
326.483
326.512
326.538
326.562
326.587
326.61
326.632
326.655
326.677
326.699
326.721
326.743
326.765
326.787
326.809
326.83
326.849
326.868
326.887
326.907
326.93
326.953
326.976
326.999
327.02
327.044
327.071
327.101
327.143
327.242
327.539
322.771
323.234
323.675
324.046
324.364
324.638
324.876
325.087
325.274
325.443
325.596
325.735
325.862
325.979
326.087
326.186
326.279
326.364
326.443
326.516
326.583
326.645
326.703
326.758
326.811
326.862
326.911
326.959
327.007
327.055
327.101
327.138
327.952
327.991
328.02
328.047
328.072
328.097
328.122
328.145
328.169
328.193
328.216
328.24
328.264
328.288
328.312
328.336
328.359
328.382
328.403
328.425
328.447
328.468
328.489
328.507
328.525
328.545
328.568
328.596
328.628
328.673
328.777
329.121
)
;
        refGradient     uniform 0;
        valueFraction   nonuniform List<scalar> 
128
(
0.5
0.5
0.5
0.5
0.5
0.5
0.5
0.5
0.5
0.5
0.5
0.5
0.5
0.5
0.5
0.5
0.5
0.5
0.5
0.5
0.5
0.5
0.5
0.5
0.5
0.5
0.5
0.5
0.5
0.5
0.5
0.5
0.5
0.5
0.5
0.5
0.5
0.5
0.5
0.5
0.5
0.5
0.5
0.5
0.5
0.5
0.5
0.5
0.5
0.5
0.5
0.5
0.5
0.5
0.5
0.5
0.5
0.5
0.5
0.5
0.5
0.5
0.5
0.5
0.5
0.5
0.5
0.5
0.5
0.5
0.5
0.5
0.5
0.5
0.5
0.5
0.5
0.5
0.5
0.5
0.5
0.5
0.5
0.5
0.5
0.5
0.5
0.5
0.5
0.5
0.5
0.5
0.5
0.5
0.5
0.5
0.5
0.5
0.5
0.5
0.5
0.5
0.5
0.5
0.5
0.5
0.5
0.5
0.5
0.5
0.5
0.5
0.5
0.5
0.5
0.5
0.5
0.5
0.5
0.5
0.5
0.5
0.5
0.5
0.5
0.5
0.5
0.5
)
;
        value           nonuniform List<scalar> 
128
(
321.603
322.02
322.431
322.781
323.08
323.336
323.559
323.755
323.931
324.09
324.235
324.367
324.488
324.599
324.701
324.795
324.882
324.963
325.037
325.106
325.169
325.228
325.283
325.335
325.385
325.433
325.48
325.526
325.572
325.617
325.661
325.695
326.467
326.503
326.531
326.557
326.581
326.606
326.629
326.652
326.674
326.697
326.719
326.742
326.764
326.786
326.808
326.83
326.851
326.87
326.889
326.908
326.927
326.947
326.969
326.989
327.009
327.03
327.052
327.078
327.108
327.15
327.249
327.546
322.78
323.243
323.684
324.057
324.375
324.649
324.887
325.098
325.285
325.454
325.607
325.747
325.874
325.991
326.099
326.199
326.291
326.377
326.456
326.529
326.596
326.658
326.717
326.772
326.825
326.876
326.926
326.975
327.024
327.072
327.119
327.159
327.974
328.008
328.037
328.064
328.089
328.115
328.139
328.163
328.187
328.211
328.235
328.259
328.283
328.307
328.331
328.355
328.379
328.401
328.423
328.444
328.465
328.485
328.503
328.519
328.533
328.55
328.572
328.599
328.632
328.677
328.781
329.126
)
;
        Tnbr            T;
        qrNbr           none;
        qr              none;
        thermalInertia  false;
        thicknessLayers List<scalar> 0();
        kappaLayers     List<scalar> 0();
        kappaMethod     solidThermo;
        kappa           none;
        alphaAni        none;
        alpha           none;
    }
}


// ************************************************************************* //
