/*--------------------------------*- C++ -*----------------------------------*\
| =========                 |                                                 |
| \\      /  F ield         | OpenFOAM: The Open Source CFD Toolbox           |
|  \\    /   O peration     | Version:  v2012                                 |
|   \\  /    A nd           | Website:  www.openfoam.com                      |
|    \\/     M anipulation  |                                                 |
\*---------------------------------------------------------------------------*/
FoamFile
{
    version     2.0;
    format      ascii;
    class       volScalarField;
    location    "200/concrete";
    object      T;
}
// * * * * * * * * * * * * * * * * * * * * * * * * * * * * * * * * * * * * * //

dimensions      [0 0 0 1 0 0 0];


internalField   nonuniform List<scalar> 
1924
(
322.909
323.26
323.688
323.916
324.229
323.392
310.844
309.665
309.559
310.408
321.625
322.173
321.73
321.406
320.982
320.741
320.674
320.699
320.751
320.814
320.886
320.958
321.021
321.065
321.089
321.1
322.95
323.268
323.668
323.837
324.299
323.594
311.371
310.206
310.142
311.144
323.194
323.85
323.227
322.794
322.199
321.815
321.645
321.58
321.541
321.51
321.488
321.474
321.461
321.445
321.427
321.415
322.862
323.029
323.281
323.419
324.208
323.542
311.074
309.825
309.798
310.992
323.7
324.466
323.502
323.015
322.373
321.928
321.704
321.604
321.553
321.527
321.52
321.522
321.528
321.533
321.537
321.549
322.524
322.501
322.547
322.612
323.103
322.311
311.647
310.515
310.507
311.72
323.571
324.904
324.227
323.676
322.808
321.931
321.329
321.165
321.093
321.116
321.195
321.266
321.31
321.344
321.372
321.404
321.867
321.798
321.719
320.63
302.854
300.168
298.461
298.01
298.016
298.505
300.365
303.197
322.177
322.914
322.239
321.67
321.36
321.228
321.16
321.127
321.123
321.142
321.174
321.217
321.27
321.318
321.128
321.295
321.526
320.373
300.154
297.034
296.202
295.975
295.976
296.21
297.064
300.257
321.599
322.797
322.232
321.703
321.398
321.247
321.156
321.1
321.072
321.067
321.078
321.117
321.168
321.217
320.551
320.99
321.485
320.479
299.664
296.416
295.69
295.516
295.515
295.685
296.405
299.684
321.401
322.676
322.165
321.665
321.351
321.193
321.102
321.045
321.017
321.014
321.032
321.076
321.12
321.163
320.251
320.8
321.425
320.562
299.562
296.28
295.568
295.404
295.402
295.558
296.257
299.556
321.345
322.627
322.162
321.7
321.429
321.287
321.198
321.139
321.11
321.108
321.131
321.172
321.208
321.252
320.006
320.542
321.168
320.395
299.511
296.246
295.541
295.381
295.378
295.53
296.226
299.534
321.364
322.674
322.277
321.906
321.69
321.566
321.48
321.417
321.381
321.372
321.396
321.43
321.466
321.529
319.924
320.307
320.778
319.996
299.457
296.252
295.56
295.401
295.395
295.544
296.237
299.548
321.434
322.826
322.547
322.291
322.097
321.963
321.871
321.802
321.754
321.744
321.765
321.808
321.88
321.991
320.25
320.293
320.397
319.477
299.484
296.393
295.722
295.557
295.54
295.677
296.353
299.631
321.506
323.096
323.005
322.719
322.449
322.266
322.163
322.098
322.056
322.049
322.088
322.189
322.348
322.538
320.872
320.615
320.229
318.989
300.151
297.34
296.705
296.507
296.44
296.523
297.117
300.181
321.479
323.061
322.863
322.605
322.401
322.279
322.212
322.175
322.161
322.185
322.282
322.483
322.767
323.044
321.489
321.166
320.543
319.07
306.493
304.808
304.206
303.808
303.488
303.286
303.449
305.246
320.191
321.734
321.926
321.937
321.95
321.989
322.041
322.091
322.14
322.221
322.398
322.713
323.129
323.473
321.875
321.633
321.072
319.528
307.198
305.735
305.282
305.037
304.88
304.829
305.057
306.477
319.499
320.986
321.35
321.529
321.679
321.826
321.959
322.069
322.162
322.281
322.515
322.915
323.428
323.81
322.084
321.936
321.504
319.986
307.235
305.829
305.457
305.274
305.17
305.155
305.367
306.685
319.644
321.092
321.453
321.634
321.782
321.924
322.055
322.165
322.258
322.379
322.62
323.041
323.589
323.953
322.217
322.122
321.8
320.379
307.322
305.933
305.602
305.452
305.376
305.383
305.59
306.87
319.865
321.262
321.591
321.758
321.897
322.03
322.154
322.261
322.354
322.467
322.682
323.066
323.593
323.959
322.333
322.256
322.005
320.757
308.622
307.34
307.051
306.927
306.869
306.883
307.07
308.24
320.277
321.546
321.836
321.983
322.106
322.221
322.328
322.424
322.51
322.604
322.766
323.06
323.484
323.594
322.438
322.374
322.19
321.239
311.877
310.876
310.656
310.567
310.528
310.539
310.684
311.596
320.904
321.896
322.123
322.241
322.34
322.434
322.522
322.605
322.683
322.761
322.866
323.043
323.291
322.955
322.522
322.476
322.364
321.792
316.356
315.75
315.619
315.573
315.555
315.564
315.657
316.217
321.645
322.263
322.416
322.5
322.574
322.645
322.713
322.78
322.849
322.916
322.983
323.055
323.085
322.241
322.582
322.557
322.509
322.28
320.382
320.138
320.09
320.081
320.081
320.091
320.14
320.379
322.298
322.571
322.657
322.712
322.763
322.814
322.865
322.919
322.975
323.035
323.087
323.103
322.96
321.709
322.63
322.619
322.614
322.6
322.763
322.746
322.751
322.765
322.779
322.791
322.811
322.849
322.719
322.778
322.821
322.857
322.895
322.934
322.976
323.019
323.065
323.114
323.159
323.161
322.957
321.561
322.678
322.675
322.69
322.754
323.495
323.56
323.589
323.615
323.635
323.648
323.656
323.621
322.917
322.9
322.923
322.951
322.983
323.018
323.055
323.093
323.132
323.172
323.205
323.2
323.002
321.635
322.737
322.738
322.758
322.819
323.334
323.396
323.43
323.458
323.48
323.494
323.5
323.469
322.992
322.98
323
323.025
323.055
323.088
323.123
323.16
323.196
323.231
323.258
323.244
323.037
321.678
322.811
322.813
322.832
322.869
323.029
323.065
323.095
323.122
323.144
323.16
323.169
323.164
323.045
323.059
323.08
323.105
323.134
323.166
323.201
323.236
323.27
323.303
323.326
323.313
323.126
321.874
322.9
322.904
322.923
322.946
322.918
322.936
322.963
322.987
323.009
323.027
323.042
323.055
323.125
323.156
323.178
323.203
323.23
323.261
323.293
323.328
323.361
323.392
323.415
323.408
323.259
322.252
323.004
323.01
323.031
323.052
322.998
323.011
323.035
323.058
323.079
323.1
323.119
323.139
323.239
323.274
323.295
323.318
323.344
323.372
323.403
323.436
323.468
323.499
323.523
323.527
323.435
322.781
323.122
323.13
323.154
323.18
323.157
323.172
323.194
323.216
323.237
323.26
323.282
323.304
323.374
323.408
323.427
323.448
323.472
323.499
323.528
323.558
323.589
323.62
323.646
323.661
323.627
323.326
323.254
323.264
323.291
323.321
323.325
323.34
323.362
323.383
323.405
323.429
323.453
323.476
323.523
323.555
323.573
323.591
323.613
323.638
323.665
323.694
323.724
323.754
323.782
323.806
323.815
323.766
323.398
323.411
323.441
323.474
323.485
323.501
323.522
323.543
323.565
323.59
323.615
323.639
323.681
323.713
323.731
323.748
323.767
323.79
323.816
323.843
323.872
323.901
323.93
323.959
323.991
324.061
323.557
323.572
323.604
323.637
323.648
323.662
323.684
323.706
323.729
323.753
323.779
323.804
323.849
323.883
323.902
323.917
323.935
323.957
323.98
324.006
324.033
324.061
324.091
324.122
324.161
324.254
323.729
323.746
323.779
323.812
323.821
323.836
323.858
323.881
323.904
323.929
323.955
323.981
324.029
324.065
324.085
324.101
324.117
324.137
324.159
324.183
324.209
324.237
324.265
324.297
324.336
324.412
323.914
323.933
323.966
323.998
324.008
324.023
324.046
324.07
324.095
324.12
324.146
324.172
324.22
324.257
324.279
324.296
324.312
324.331
324.351
324.374
324.399
324.425
324.454
324.485
324.521
324.579
324.109
324.128
324.16
324.192
324.204
324.221
324.246
324.271
324.296
324.322
324.348
324.375
324.42
324.456
324.481
324.5
324.517
324.535
324.554
324.576
324.6
324.626
324.653
324.683
324.717
324.767
324.309
324.328
324.36
324.391
324.406
324.426
324.451
324.478
324.504
324.53
324.556
324.583
324.625
324.661
324.686
324.708
324.727
324.745
324.764
324.785
324.808
324.833
324.86
324.889
324.922
324.97
324.51
324.528
324.559
324.589
324.609
324.631
324.658
324.685
324.713
324.739
324.766
324.793
324.831
324.865
324.892
324.915
324.936
324.956
324.975
324.996
325.019
325.044
325.07
325.098
325.13
325.179
324.707
324.725
324.755
324.786
324.809
324.834
324.862
324.89
324.918
324.946
324.973
325
325.035
325.067
325.095
325.12
325.143
325.164
325.185
325.206
325.229
325.253
325.279
325.306
325.337
325.385
324.907
324.927
324.958
324.989
325.015
325.043
325.072
325.101
325.129
325.158
325.185
325.213
325.245
325.276
325.304
325.33
325.355
325.378
325.4
325.423
325.446
325.47
325.496
325.522
325.552
325.596
324.597
324.981
325.445
325.679
326.098
325.647
311.146
310.304
310.197
310.72
323.702
323.873
323.311
322.966
322.506
322.256
322.197
322.234
322.299
322.378
322.469
322.565
322.653
322.723
322.77
322.794
324.641
324.98
325.397
325.543
326.129
325.819
311.728
310.903
310.841
311.51
325.453
325.748
324.993
324.542
323.899
323.497
323.327
323.265
323.226
323.193
323.173
323.165
323.161
323.157
323.151
323.146
324.542
324.698
324.93
325.043
326.073
325.814
311.338
310.396
310.368
311.245
326.009
326.417
325.226
324.717
324.04
323.595
323.376
323.276
323.216
323.183
323.176
323.187
323.206
323.23
323.253
323.277
324.172
324.112
324.12
324.269
325.552
325.186
312.652
311.743
311.728
312.691
326.644
327.676
326.237
325.56
324.622
323.708
322.972
322.79
322.693
322.702
322.787
322.883
322.946
322.995
323.037
323.077
323.446
323.345
323.281
322.651
301.594
299.216
297.707
297.322
297.327
297.744
299.39
301.904
324.602
324.807
323.99
323.388
323.071
322.935
322.855
322.807
322.791
322.804
322.838
322.885
322.949
323.001
322.631
322.805
323.139
322.61
299.191
296.432
295.72
295.527
295.529
295.727
296.458
299.287
324.223
324.791
324.049
323.463
323.139
322.977
322.869
322.796
322.753
322.737
322.74
322.777
322.833
322.88
322.008
322.485
323.123
322.806
298.773
295.904
295.284
295.136
295.135
295.279
295.894
298.796
324.08
324.688
323.989
323.429
323.086
322.912
322.805
322.733
322.692
322.679
322.688
322.73
322.774
322.811
321.708
322.295
323.072
322.93
298.687
295.788
295.179
295.041
295.039
295.171
295.768
298.688
324.041
324.641
323.985
323.459
323.164
323.008
322.905
322.833
322.793
322.781
322.798
322.837
322.869
322.905
321.458
322.022
322.797
322.754
298.643
295.759
295.157
295.021
295.018
295.148
295.742
298.669
324.065
324.687
324.096
323.666
323.432
323.298
323.202
323.13
323.085
323.07
323.091
323.123
323.156
323.211
321.381
321.779
322.38
322.311
298.595
295.764
295.173
295.038
295.033
295.16
295.752
298.681
324.139
324.837
324.361
324.063
323.85
323.705
323.607
323.531
323.477
323.467
323.489
323.533
323.607
323.716
321.759
321.788
321.985
321.732
298.617
295.885
295.312
295.172
295.157
295.273
295.851
298.753
324.213
325.139
324.886
324.536
324.216
324.005
323.895
323.823
323.776
323.769
323.813
323.924
324.098
324.295
322.462
322.174
321.826
321.148
299.216
296.731
296.188
296.018
295.96
296.029
296.535
299.249
324.183
325.109
324.712
324.388
324.146
324.002
323.923
323.879
323.861
323.885
323.99
324.208
324.519
324.807
323.149
322.799
322.193
321.085
306.862
305.559
305.021
304.618
304.269
304.023
304.062
305.421
322.413
323.514
323.612
323.601
323.61
323.651
323.707
323.762
323.815
323.901
324.088
324.426
324.875
325.225
323.566
323.313
322.782
321.564
307.452
306.347
305.966
305.736
305.58
305.513
305.66
306.689
321.556
322.671
322.968
323.143
323.303
323.463
323.61
323.731
323.83
323.956
324.2
324.618
325.156
325.525
323.783
323.639
323.261
322.079
307.426
306.384
306.084
305.914
305.808
305.776
305.911
306.848
321.729
322.814
323.107
323.279
323.432
323.583
323.723
323.84
323.939
324.064
324.307
324.73
325.284
325.614
323.916
323.833
323.579
322.511
307.448
306.42
306.16
306.02
305.943
305.935
306.067
306.976
321.956
322.994
323.254
323.412
323.555
323.696
323.828
323.943
324.043
324.16
324.373
324.744
325.262
325.578
324.032
323.971
323.786
322.87
308.837
307.883
307.657
307.542
307.482
307.482
307.602
308.435
322.35
323.292
323.519
323.658
323.785
323.906
324.02
324.123
324.215
324.315
324.471
324.746
325.166
325.284
324.14
324.092
323.962
323.271
312.459
311.712
311.541
311.461
311.42
311.42
311.511
312.162
322.911
323.649
323.826
323.937
324.04
324.138
324.232
324.32
324.405
324.489
324.592
324.754
325.012
324.807
324.227
324.196
324.12
323.709
317.48
317.03
316.933
316.894
316.875
316.876
316.935
317.334
323.554
324.017
324.138
324.218
324.294
324.369
324.441
324.513
324.587
324.661
324.73
324.801
324.864
324.259
324.292
324.278
324.249
324.09
321.978
321.802
321.77
321.766
321.768
321.774
321.808
321.979
324.113
324.322
324.394
324.447
324.5
324.554
324.608
324.664
324.725
324.79
324.85
324.883
324.802
323.864
324.345
324.344
324.346
324.342
324.603
324.596
324.607
324.625
324.64
324.651
324.669
324.699
324.474
324.528
324.567
324.604
324.644
324.686
324.729
324.775
324.825
324.879
324.932
324.958
324.837
323.822
324.401
324.407
324.423
324.476
325.368
325.423
325.453
325.481
325.503
325.517
325.527
325.506
324.654
324.652
324.678
324.708
324.741
324.778
324.818
324.858
324.901
324.945
324.986
325.002
324.889
323.916
324.469
324.478
324.498
324.549
325.15
325.202
325.236
325.266
325.289
325.305
325.314
325.296
324.736
324.739
324.762
324.79
324.822
324.858
324.896
324.935
324.974
325.013
325.047
325.054
324.929
323.957
324.554
324.564
324.585
324.619
324.795
324.828
324.859
324.888
324.911
324.929
324.94
324.941
324.808
324.83
324.854
324.881
324.912
324.946
324.983
325.022
325.059
325.095
325.125
325.131
325.019
324.125
324.655
324.667
324.689
324.714
324.674
324.693
324.722
324.748
324.771
324.791
324.807
324.821
324.907
324.941
324.964
324.99
325.02
325.053
325.088
325.125
325.162
325.196
325.225
325.234
325.147
324.429
324.771
324.785
324.81
324.836
324.769
324.785
324.811
324.835
324.858
324.881
324.901
324.921
325.036
325.072
325.095
325.119
325.147
325.178
325.211
325.246
325.282
325.315
325.345
325.36
325.311
324.85
324.901
324.918
324.946
324.976
324.949
324.966
324.991
325.014
325.037
325.061
325.085
325.107
325.186
325.22
325.241
325.262
325.288
325.317
325.348
325.382
325.415
325.449
325.479
325.502
325.492
325.288
325.045
325.064
325.095
325.129
325.133
325.15
325.174
325.197
325.22
325.246
325.272
325.295
325.346
325.38
325.399
325.419
325.442
325.469
325.498
325.53
325.562
325.594
325.626
325.655
325.674
325.651
325.2
325.222
325.256
325.293
325.305
325.322
325.346
325.369
325.392
325.419
325.446
325.47
325.516
325.551
325.569
325.587
325.608
325.633
325.661
325.69
325.721
325.752
325.785
325.817
325.852
325.914
325.369
325.394
325.43
325.467
325.477
325.493
325.517
325.541
325.565
325.592
325.619
325.645
325.695
325.732
325.751
325.768
325.787
325.81
325.836
325.863
325.893
325.923
325.955
325.989
326.029
326.107
325.55
325.577
325.614
325.651
325.66
325.676
325.7
325.725
325.75
325.777
325.804
325.831
325.884
325.923
325.944
325.961
325.979
326
326.024
326.05
326.078
326.108
326.139
326.173
326.212
326.278
325.743
325.771
325.809
325.845
325.854
325.871
325.896
325.923
325.949
325.976
326.003
326.031
326.084
326.123
326.146
326.164
326.182
326.202
326.224
326.249
326.276
326.305
326.336
326.369
326.407
326.459
325.944
325.973
326.01
326.045
326.058
326.076
326.103
326.13
326.158
326.185
326.213
326.241
326.29
326.33
326.355
326.375
326.394
326.413
326.434
326.458
326.484
326.512
326.542
326.575
326.611
326.656
326.148
326.177
326.213
326.247
326.264
326.285
326.313
326.342
326.37
326.398
326.426
326.454
326.499
326.538
326.565
326.588
326.608
326.628
326.648
326.671
326.696
326.724
326.754
326.785
326.82
326.865
326.348
326.377
326.412
326.445
326.466
326.49
326.519
326.549
326.578
326.607
326.636
326.664
326.705
326.742
326.771
326.796
326.818
326.839
326.86
326.882
326.907
326.935
326.964
326.994
327.028
327.073
326.538
326.567
326.601
326.634
326.659
326.686
326.716
326.747
326.777
326.806
326.836
326.864
326.902
326.936
326.966
326.993
327.018
327.041
327.063
327.086
327.111
327.138
327.166
327.196
327.228
327.273
326.718
326.747
326.781
326.815
326.844
326.873
326.905
326.936
326.967
326.997
327.027
327.056
327.09
327.123
327.153
327.181
327.208
327.233
327.257
327.281
327.307
327.333
327.361
327.39
327.421
327.463
)
;

boundaryField
{
    concrete_to_air
    {
        type            compressible::turbulentTemperatureRadCoupledMixed;
        refValue        nonuniform List<scalar> 
898
(
312.74
312.782
312.812
312.828
312.861
312.895
312.688
312.429
312.15
311.909
311.894
311.886
311.886
311.894
311.902
311.911
311.922
311.934
311.946
311.955
311.962
311.966
311.966
311.962
311.952
311.932
312.725
312.728
312.704
312.661
312.677
312.718
312.575
312.446
312.321
312.208
312.298
312.377
312.433
312.474
312.499
312.514
312.52
312.515
312.498
312.473
312.442
312.408
312.373
312.338
312.303
312.265
312.631
312.573
312.483
312.404
312.442
312.508
312.348
312.202
312.079
311.979
312.127
312.266
312.383
312.48
312.556
312.613
312.646
312.665
312.679
312.68
312.667
312.647
312.623
312.596
312.569
312.539
312.419
312.314
312.202
312.164
312.286
312.442
312.247
312.07
311.934
311.855
312.266
312.648
312.831
312.936
313.013
312.699
312.255
312.122
312.081
312.094
312.114
312.122
312.118
312.103
312.086
312.07
312.11
312.026
311.973
312.043
312.503
312.205
311.989
311.841
311.739
311.675
311.636
311.613
311.6
311.591
311.583
311.578
311.584
311.593
311.8
311.794
311.845
312.043
312.273
311.962
311.759
311.63
311.538
311.47
311.418
311.385
311.362
311.347
311.335
311.333
311.344
311.356
311.542
311.612
311.752
312.077
312.184
311.871
311.677
311.547
311.441
311.371
311.322
311.288
311.265
311.25
311.239
311.24
311.25
311.259
311.314
311.427
311.625
312.044
312.155
311.854
311.672
311.538
311.445
311.381
311.335
311.303
311.279
311.262
311.252
311.254
311.261
311.268
311.079
311.21
311.426
311.884
312.196
311.915
311.746
311.627
311.543
311.482
311.439
311.409
311.385
311.367
311.362
311.366
311.37
311.377
311.022
311.145
311.336
311.732
312.291
312.043
311.885
311.79
311.695
311.627
311.587
311.564
311.545
311.54
311.546
311.555
311.566
311.58
311.155
311.21
311.317
311.599
312.461
312.279
312.138
311.948
311.802
311.716
311.685
311.68
311.686
311.701
311.723
311.75
311.783
311.818
311.389
311.377
311.386
311.541
312.664
312.355
312.008
311.816
311.715
311.677
311.679
311.703
311.739
311.781
311.83
311.885
311.947
312.011
311.623
311.588
311.539
311.567
311.353
311.093
310.821
310.547
310.283
310.04
309.839
309.772
310.552
310.871
311.08
311.236
311.363
311.472
311.571
311.662
311.747
311.829
311.911
311.997
312.087
312.176
311.818
311.804
311.755
311.715
311.509
311.316
311.138
310.975
310.828
310.697
310.583
310.496
310.705
310.897
311.069
311.224
311.366
311.498
311.621
311.736
311.846
311.95
312.054
312.16
312.269
312.369
311.991
312.002
311.981
311.937
311.728
311.542
311.375
311.226
311.091
310.97
310.863
310.779
310.94
311.098
311.248
311.391
311.527
311.658
311.784
311.905
312.022
312.136
312.248
312.362
312.477
312.559
312.18
312.202
312.204
312.183
311.977
311.789
311.622
311.472
311.338
311.217
311.11
311.024
311.163
311.306
311.446
311.584
311.719
311.851
311.98
312.106
312.228
312.346
312.463
312.578
312.68
312.697
312.385
312.407
312.421
312.42
312.237
312.066
311.912
311.773
311.649
311.538
311.44
311.362
311.487
311.619
311.752
311.883
312.014
312.142
312.267
312.388
312.505
312.618
312.726
312.826
312.882
312.766
312.561
312.587
312.609
312.623
312.492
312.365
312.249
312.146
312.054
311.975
311.907
311.858
311.964
312.078
312.192
312.307
312.42
312.532
312.64
312.744
312.844
312.939
313.029
313.104
313.124
312.947
312.669
312.703
312.735
312.763
312.703
312.642
312.587
312.539
312.499
312.468
312.447
312.439
312.521
312.608
312.695
312.782
312.869
312.953
313.035
313.113
313.188
313.259
313.325
313.376
313.369
313.15
312.709
312.751
312.792
312.831
312.837
312.84
312.843
312.85
312.86
312.876
312.897
312.925
312.984
313.045
313.106
313.166
313.226
313.284
313.341
313.395
313.448
313.498
313.545
313.582
313.562
313.334
312.712
312.759
312.804
312.849
312.894
312.937
312.978
313.02
313.062
313.106
313.151
313.199
313.243
313.287
313.331
313.375
313.417
313.459
313.5
313.54
313.579
313.617
313.654
313.69
313.712
313.658
312.707
312.755
312.802
312.848
312.906
312.961
313.016
313.069
313.122
313.175
313.227
313.278
313.317
313.355
313.392
313.429
313.465
313.501
313.536
313.571
313.606
313.64
313.673
313.706
313.737
313.742
312.709
312.756
312.803
312.849
312.903
312.956
313.009
313.06
313.111
313.161
313.21
313.258
313.297
313.335
313.372
313.409
313.445
313.481
313.516
313.551
313.585
313.619
313.653
313.686
313.717
313.737
312.718
312.765
312.811
312.857
312.904
312.952
312.998
313.045
313.091
313.136
313.18
313.223
313.264
313.303
313.342
313.381
313.418
313.456
313.492
313.528
313.564
313.599
313.634
313.668
313.7
313.723
312.732
312.779
312.825
312.87
312.914
312.958
313.001
313.045
313.087
313.13
313.171
313.212
313.253
313.294
313.334
313.373
313.412
313.45
313.488
313.525
313.562
313.598
313.633
313.668
313.701
313.726
312.75
312.796
312.842
312.887
312.931
312.974
313.017
313.059
313.101
313.143
313.184
313.224
313.265
313.306
313.347
313.386
313.425
313.463
313.501
313.539
313.576
313.612
313.648
313.683
313.717
313.746
312.769
312.816
312.862
312.908
312.952
312.995
313.039
313.081
313.123
313.165
313.207
313.248
313.289
313.329
313.37
313.409
313.448
313.486
313.524
313.562
313.599
313.636
313.672
313.707
313.742
313.774
312.792
312.839
312.885
312.931
312.976
313.02
313.064
313.107
313.149
313.192
313.233
313.275
313.316
313.356
313.397
313.436
313.475
313.514
313.552
313.589
313.626
313.663
313.7
313.735
313.771
313.805
312.817
312.865
312.911
312.957
313.003
313.047
313.091
313.135
313.178
313.22
313.262
313.304
313.345
313.386
313.426
313.466
313.505
313.544
313.582
313.62
313.657
313.694
313.731
313.767
313.803
313.839
312.845
312.893
312.94
312.987
313.033
313.078
313.122
313.166
313.209
313.251
313.294
313.335
313.377
313.418
313.459
313.499
313.538
313.577
313.616
313.654
313.692
313.729
313.766
313.803
313.839
313.875
312.876
312.924
312.972
313.019
313.065
313.111
313.156
313.2
313.243
313.286
313.329
313.371
313.413
313.454
313.495
313.536
313.576
313.615
313.654
313.692
313.731
313.768
313.806
313.843
313.879
313.916
312.909
312.958
313.007
313.054
313.101
313.147
313.192
313.237
313.281
313.324
313.367
313.41
313.452
313.494
313.536
313.577
313.617
313.657
313.696
313.735
313.774
313.812
313.849
313.887
313.924
313.961
312.944
312.994
313.043
313.091
313.139
313.185
313.231
313.276
313.321
313.365
313.409
313.452
313.495
313.537
313.579
313.621
313.661
313.702
313.742
313.781
313.82
313.859
313.897
313.935
313.972
314.01
312.98
313.031
313.081
313.13
313.178
313.225
313.272
313.318
313.363
313.408
313.452
313.495
313.539
313.582
313.624
313.666
313.708
313.749
313.789
313.829
313.869
313.908
313.947
313.985
314.023
314.061
313.016
313.068
313.118
313.168
313.217
313.265
313.313
313.359
313.405
313.451
313.496
313.54
313.584
313.627
313.671
313.713
313.755
313.797
313.838
313.878
313.919
313.958
313.998
314.037
314.076
314.114
313.052
313.104
313.156
313.206
313.256
313.305
313.353
313.401
313.447
313.494
313.539
313.584
313.629
313.673
313.717
313.76
313.803
313.845
313.887
313.928
313.969
314.009
314.05
314.089
314.129
314.168
313.086
313.139
313.192
313.243
313.294
313.343
313.393
313.441
313.489
313.536
313.582
313.628
313.673
313.718
313.763
313.806
313.85
313.893
313.935
313.978
314.019
314.06
314.101
314.142
314.182
314.222
)
;
        refGradient     nonuniform List<scalar> 
898
(
53.4701
54.8936
56.8732
58.3091
61.3409
66.2134
-2.74877
0.48052
0.594714
-2.21249
73.8457
70.5469
67.843
66.5858
64.0904
62.5621
61.8767
61.5358
61.2545
60.9912
60.753
60.5137
60.263
60.0416
59.9188
59.9032
53.7463
55.3854
57.9712
60.1666
64.5556
69.951
-0.000765854
3.08808
3.33258
0.643098
71.2454
66.2995
62.2005
60.6666
58.109
56.7476
56.4365
56.667
57.0365
57.4172
57.7601
58.0066
58.1306
58.1646
58.1707
58.1887
54.3766
56.1072
59.3201
62.4633
69.8092
74.8876
-2.28297
-0.0099034
0.367239
-1.36153
74.9929
69.813
62.3367
60.0963
57.3579
56.1473
56.1585
56.7178
57.2478
57.6349
57.8646
57.9288
57.8484
57.6898
57.5322
57.414
56.0846
58.0036
61.5072
65.0917
82.575
85.9198
13.9573
15.0457
15.2737
14.2464
80.6691
75.1333
57.0282
55.0018
53.9906
56.127
58.0024
59.1183
59.8916
59.8896
59.5315
59.2779
59.0049
58.7105
58.4556
58.2479
58.714
60.2483
62.6669
66.9869
58.4907
55.4594
55.5845
56.0146
57.0747
58.2883
59.2728
59.8267
60.0221
59.9726
59.8133
59.5073
59.147
58.8581
62.1807
62.6603
63.3618
66.6479
59.9003
55.6507
55.4221
55.8406
56.933
58.2254
59.2897
59.9587
60.312
60.4343
60.3807
60.1098
59.7327
59.3991
64.0401
63.3549
62.7705
65.2208
60.167
55.5307
55.2119
55.7621
57.0755
58.3944
59.3978
60.0294
60.3812
60.5253
60.4905
60.2204
59.8857
59.587
64.2055
63.1653
62.1089
64.1254
59.955
54.9823
54.5551
55.3044
56.623
57.8784
58.7781
59.3237
59.6352
59.7856
59.7667
59.5734
59.3608
59.1923
64.3528
63.1068
62.0236
64.2536
59.2711
53.5688
53.0652
53.9215
55.2825
56.4909
57.2944
57.7523
58.0234
58.1793
58.1863
58.1622
58.1771
58.2492
64.2848
62.9646
62.1652
65.2668
57.9846
51.2121
50.7553
51.7723
53.3153
54.5689
55.323
55.7097
55.9577
56.068
56.1583
56.3547
56.6494
57.0031
62.7296
62.2649
62.2585
66.314
55.9959
48.0248
47.7303
49.6822
51.7388
53.2023
53.9948
54.2998
54.4207
54.4725
54.6042
54.933
55.4658
55.9799
59.8785
60.7784
62.2823
66.7532
53.4267
47.0709
48.93
50.9141
52.4531
53.4568
53.9567
54.1161
54.0578
53.9463
54.0075
54.4236
55.1611
55.6688
57.2825
58.712
60.9241
63.8737
-14.3407
-11.889
-10.873
-9.86595
-8.89365
-7.84184
-7.33469
-9.89166
56.9421
54.5332
54.7697
55.0656
55.2088
55.195
55.0235
54.7032
54.284
53.9122
53.8667
54.3459
55.2462
55.6304
55.3322
56.2787
58.2452
62.2607
-13.5228
-11.2108
-10.7454
-10.3846
-9.98266
-9.56224
-9.35925
-11.4071
61.6792
58.4852
57.5935
57.0101
56.501
56.0149
55.4974
54.91
54.2749
53.7437
53.6143
54.0531
54.9408
55.0584
54.433
54.8881
56.2064
60.2781
-14.074
-11.5555
-11.1234
-10.9001
-10.6128
-10.2748
-10.1882
-12.4527
61.2826
57.9564
57.0106
56.4553
56.002
55.5812
55.1318
54.6085
54.0251
53.5132
53.3191
53.5533
54.2062
54.0745
54.0815
54.2685
55.1079
58.7916
-14.6811
-12.0243
-11.5955
-11.4727
-11.2772
-11.0069
-11.0324
-13.4486
60.8276
57.5763
56.6848
56.2077
55.8182
55.4341
55.0122
54.5278
53.9916
53.4807
53.1321
53.0169
53.3571
53.1515
53.9773
54.052
54.6143
57.7254
-9.40577
-6.85237
-6.39208
-6.26938
-6.10832
-5.90312
-6.0107
-8.34077
59.7185
56.7547
55.9687
55.5805
55.2658
54.9349
54.5611
54.1425
53.6891
53.2168
52.7491
52.3621
52.5778
53.5177
54.0093
54.0367
54.4059
56.7109
5.94069
8.03677
8.4986
8.66606
8.80646
8.91884
8.74509
6.80955
58.1219
55.806
55.1695
54.8475
54.5812
54.2911
53.9608
53.6033
53.2326
52.831
52.34
51.8063
51.909
54.1956
54.1632
54.1596
54.356
55.7062
27.431
28.7596
29.1102
29.2623
29.3481
29.3603
29.1634
27.8747
56.2954
54.8473
54.3812
54.1087
53.8719
53.6163
53.3311
53.031
52.7325
52.4203
52.0249
51.5453
51.5605
54.6421
54.4158
54.3855
54.4356
54.9436
46.229
46.7594
46.9301
47.0038
47.0104
46.9409
46.7566
46.1303
54.7644
54.122
53.8228
53.6036
53.399
53.1807
52.9411
52.6882
52.4351
52.185
51.9231
51.6704
51.7881
55.0942
54.7273
54.6755
54.6278
54.616
56.6228
56.6151
56.6365
56.6318
56.5754
56.4584
56.296
56.1067
53.9293
53.7914
53.6066
53.4289
53.2521
53.0655
52.8633
52.6481
52.4283
52.2155
52.0316
51.9469
52.2713
55.515
55.0662
54.9994
54.904
54.7038
59.1116
58.8999
58.8478
58.7994
58.713
58.5794
58.4306
58.3936
53.7855
53.8273
53.6954
53.5434
53.3879
53.2265
53.0543
52.869
52.6756
52.4849
52.3169
52.2487
52.6496
55.9806
55.4261
55.3506
55.2414
55.0509
57.7078
57.5045
57.4366
57.3745
57.2829
57.1535
57.0117
56.9523
54.083
54.1067
53.9825
53.8396
53.6942
53.5464
53.3927
53.2281
53.0536
52.88
52.7316
52.6829
53.0709
56.3215
55.8132
55.7333
55.625
55.4985
56.025
55.8859
55.8203
55.7517
55.661
55.5421
55.4059
55.2817
54.5336
54.4853
54.3506
54.2084
54.067
53.9257
53.7829
53.6333
53.4747
53.3143
53.1763
53.1334
53.5006
56.5228
56.2311
56.1488
56.0444
55.9622
55.4872
55.3861
55.317
55.2377
55.1442
55.0345
54.9061
54.7444
54.9912
54.8937
54.7471
54.6024
54.4623
54.3235
54.1859
54.0463
53.9012
53.7537
53.6224
53.5676
53.8468
56.2773
56.6747
56.5912
56.49
56.4221
55.8675
55.7673
55.6857
55.5912
55.4905
55.3851
55.2651
55.0989
55.4225
55.3093
55.1537
55.005
54.8649
54.7274
54.592
54.4577
54.3219
54.1849
54.0588
53.9867
54.1441
55.7144
57.1348
57.0513
56.9527
56.8842
56.5369
56.4193
56.322
56.2131
56.104
55.9988
55.8855
55.7304
55.8475
55.7371
55.5754
55.4213
55.2793
55.1419
55.0072
54.8751
54.7446
54.6152
54.493
54.4026
54.4354
55.1409
57.6027
57.5209
57.4248
57.3523
57.1441
57.007
56.8959
56.7766
56.6603
56.5523
56.4423
56.2988
56.2787
56.176
56.0106
55.8498
55.7034
55.5646
55.4297
55.298
55.1697
55.0444
54.9244
54.82
54.7598
54.8511
58.0738
57.9949
57.9005
57.8237
57.6414
57.4889
57.3679
57.2427
57.1211
57.0085
56.8982
56.7617
56.7164
56.6211
56.4552
56.2887
56.1363
55.994
55.8577
55.7254
55.597
55.4728
55.3538
55.2419
55.1332
54.9374
58.5481
58.4724
58.3777
58.2948
58.0917
57.9284
57.8009
57.6727
57.5475
57.4297
57.3163
57.1823
57.156
57.0669
56.904
56.7342
56.5755
56.4279
56.2885
56.1543
56.0244
55.8994
55.7805
55.6666
55.544
55.2967
59.0283
58.9547
58.8567
58.765
58.5441
58.3739
58.2423
58.1128
57.985
57.8622
57.7442
57.6101
57.5965
57.5118
57.3549
57.1856
57.0224
56.8686
56.7242
56.5869
56.4547
56.3283
56.2089
56.0953
55.975
55.7714
59.5145
59.4406
59.3364
59.2334
59.01
58.8366
58.7023
58.5718
58.4419
58.3149
58.192
58.0564
58.0376
57.9541
57.8049
57.6398
57.4748
57.3156
57.1654
57.0237
56.8888
56.7605
56.6398
56.5258
56.4097
56.2507
59.9977
59.9205
59.8075
59.6922
59.4765
59.3031
59.1668
59.0351
58.9033
58.7728
58.6455
58.5081
58.4722
58.3859
58.2443
58.086
57.9226
57.7602
57.6046
57.4582
57.3201
57.1897
57.0668
56.9505
56.8343
56.6921
60.4548
60.3713
60.2482
60.1208
59.9168
59.7462
59.6079
59.4744
59.3406
59.2075
59.0765
58.9375
58.8799
58.7869
58.6512
58.5004
58.3415
58.179
58.0199
57.8692
57.728
57.595
57.4691
57.3487
57.2283
57.0829
60.848
60.7556
60.6222
60.4841
60.2927
60.1263
59.9859
59.85
59.7141
59.5787
59.4449
59.3049
59.2251
59.1226
58.9901
58.8459
58.6928
58.5332
58.3736
58.2203
58.0761
57.9403
57.8107
57.6853
57.559
57.4042
61.1258
61.0223
60.879
60.7321
60.5525
60.3906
60.2478
60.109
59.9707
59.8333
59.6971
59.5566
59.4564
59.3431
59.2111
59.0715
58.9241
58.7692
58.6117
58.458
58.3119
58.1733
58.0398
57.9093
57.777
57.615
61.214
61.0934
60.9406
60.7865
60.6166
60.4584
60.3129
60.1709
60.03
59.8904
59.752
59.6111
59.4937
59.3698
59.2361
59.0985
58.9554
58.8057
58.6522
58.5001
58.3532
58.2121
58.0752
57.9407
57.805
57.6442
)
;
        valueFraction   nonuniform List<scalar> 
898
(
0.124597
0.124714
0.125636
0.12788
0.129587
0.130686
0.137293
0.143762
0.154219
0.163863
0.16636
0.171891
0.175171
0.176414
0.176342
0.175299
0.173618
0.171516
0.169176
0.16668
0.164105
0.161554
0.159158
0.157066
0.155437
0.154467
0.124778
0.126029
0.129284
0.134876
0.137864
0.139118
0.144341
0.144511
0.144875
0.145246
0.140624
0.140787
0.141358
0.141907
0.142589
0.143239
0.143983
0.144976
0.146117
0.147192
0.148004
0.148437
0.148478
0.148214
0.147811
0.14747
0.1271
0.130732
0.138004
0.146296
0.148697
0.148505
0.152672
0.151601
0.150394
0.149116
0.142868
0.141839
0.141074
0.140642
0.140993
0.14215
0.14438
0.147161
0.149674
0.151264
0.151794
0.151421
0.150428
0.149107
0.147723
0.146497
0.134668
0.141319
0.151942
0.157591
0.15971
0.156766
0.155738
0.149055
0.142091
0.135283
0.124327
0.117805
0.112145
0.115898
0.124289
0.137211
0.151276
0.156416
0.159665
0.15977
0.157928
0.15514
0.152904
0.150987
0.149319
0.147997
0.149074
0.155078
0.162058
0.160183
0.105622
0.117556
0.127946
0.134348
0.139623
0.144044
0.147602
0.149843
0.150725
0.150558
0.149746
0.148196
0.146347
0.145119
0.167836
0.166946
0.162121
0.150478
0.103195
0.11272
0.122467
0.129498
0.135472
0.140549
0.144781
0.147618
0.149228
0.149859
0.14984
0.148779
0.147199
0.14607
0.179598
0.171127
0.158624
0.140806
0.102251
0.111828
0.121355
0.128672
0.135693
0.141146
0.145205
0.147918
0.14947
0.150087
0.150011
0.148847
0.147601
0.146765
0.180812
0.170541
0.155482
0.134232
0.100988
0.110304
0.119364
0.127073
0.133641
0.138699
0.142403
0.144845
0.146228
0.14679
0.146575
0.14567
0.14495
0.144544
0.181504
0.171522
0.156739
0.135079
0.0987351
0.106244
0.11474
0.121808
0.127796
0.132389
0.135639
0.137756
0.138989
0.139526
0.139276
0.138954
0.138888
0.138965
0.181337
0.173527
0.161665
0.142783
0.0946717
0.0991243
0.107018
0.112855
0.119087
0.12384
0.126855
0.12881
0.130079
0.130428
0.130492
0.130688
0.130946
0.131276
0.171427
0.171058
0.166693
0.153253
0.088984
0.0879862
0.0935098
0.102575
0.111676
0.117975
0.121246
0.123027
0.124002
0.124415
0.124529
0.124507
0.124454
0.12448
0.154237
0.161269
0.168953
0.164898
0.0818378
0.0848711
0.0981611
0.107293
0.114289
0.11893
0.121606
0.12291
0.12333
0.123186
0.122699
0.122041
0.121343
0.120784
0.139296
0.147691
0.159964
0.164815
0.17326
0.169332
0.161034
0.150564
0.139169
0.128322
0.119545
0.116022
0.110687
0.117312
0.122267
0.125288
0.126859
0.127356
0.127104
0.126359
0.125306
0.124072
0.122735
0.121377
0.120095
0.119117
0.130328
0.135775
0.145351
0.154533
0.162695
0.162145
0.159827
0.156888
0.153885
0.151172
0.14889
0.146863
0.140874
0.139787
0.138445
0.136682
0.134637
0.132464
0.130281
0.12816
0.126136
0.124216
0.122388
0.120679
0.11916
0.118151
0.127034
0.129596
0.134847
0.14235
0.151621
0.153437
0.153529
0.152651
0.151212
0.149496
0.147669
0.145687
0.138933
0.137197
0.135645
0.134068
0.132426
0.130723
0.12898
0.127225
0.125482
0.123762
0.122065
0.120425
0.118928
0.118158
0.126523
0.127521
0.129803
0.133864
0.14213
0.144396
0.145532
0.145919
0.145763
0.145231
0.14444
0.143334
0.137266
0.13605
0.134905
0.133655
0.132284
0.130807
0.129246
0.127628
0.125973
0.124291
0.122579
0.120867
0.119245
0.118809
0.126984
0.127376
0.128344
0.130253
0.136719
0.138439
0.139551
0.140206
0.140465
0.140399
0.140067
0.139388
0.134125
0.133258
0.132442
0.131525
0.130493
0.12935
0.128105
0.126768
0.125346
0.123837
0.122223
0.120516
0.118753
0.119514
0.127579
0.127745
0.128202
0.129129
0.133596
0.134627
0.13536
0.135862
0.136136
0.1362
0.136069
0.13566
0.131742
0.131144
0.130561
0.12987
0.129058
0.128128
0.127083
0.125927
0.124661
0.123279
0.121762
0.120103
0.11831
0.119269
0.128081
0.128143
0.128379
0.128865
0.131385
0.131971
0.132409
0.132724
0.132905
0.132946
0.132844
0.132543
0.130199
0.129707
0.12919
0.128577
0.12786
0.127041
0.126119
0.125094
0.123958
0.122703
0.121311
0.119778
0.1181
0.119067
0.128449
0.128438
0.128542
0.128778
0.129718
0.130026
0.130264
0.130431
0.130512
0.130499
0.130387
0.13015
0.129185
0.128779
0.128318
0.127772
0.127136
0.126409
0.125589
0.124673
0.123655
0.122525
0.121268
0.119886
0.118362
0.119032
0.128709
0.12864
0.128651
0.128732
0.128762
0.128902
0.129017
0.129088
0.1291
0.129047
0.128919
0.128713
0.128527
0.128164
0.127729
0.127219
0.126632
0.125968
0.125228
0.12441
0.123514
0.12254
0.121493
0.120409
0.119358
0.118784
0.128888
0.128768
0.128707
0.128688
0.128419
0.128449
0.128471
0.128464
0.128416
0.12832
0.128168
0.127962
0.127977
0.12764
0.127235
0.126767
0.126235
0.125639
0.12498
0.124259
0.123479
0.122644
0.121768
0.120885
0.120077
0.119617
0.129006
0.128843
0.128726
0.128641
0.1284
0.128356
0.128309
0.128243
0.128149
0.128018
0.127846
0.127631
0.127546
0.127221
0.126839
0.126404
0.125914
0.125372
0.124779
0.12414
0.123459
0.122745
0.122017
0.121309
0.120689
0.120383
0.129077
0.128877
0.128714
0.128581
0.128423
0.128324
0.128221
0.128106
0.127971
0.127809
0.127613
0.127383
0.127155
0.126834
0.126472
0.126065
0.125614
0.12512
0.124586
0.124016
0.123416
0.122796
0.122173
0.121574
0.121053
0.120799
0.129112
0.12888
0.12868
0.128506
0.128375
0.128232
0.128087
0.127934
0.127767
0.12758
0.127366
0.127124
0.126825
0.12651
0.126163
0.125779
0.125358
0.124902
0.124414
0.123898
0.123361
0.122813
0.122267
0.121745
0.121287
0.121035
0.129118
0.128859
0.128628
0.12842
0.12826
0.128082
0.127903
0.12772
0.127527
0.127318
0.127088
0.126836
0.126526
0.126215
0.125879
0.125513
0.125117
0.124693
0.124242
0.12377
0.123282
0.122786
0.122294
0.121821
0.121393
0.121102
0.129102
0.128821
0.128564
0.128327
0.128125
0.127917
0.127712
0.127505
0.127291
0.127064
0.126823
0.126563
0.126264
0.125958
0.125632
0.125281
0.124905
0.124506
0.124086
0.123648
0.123198
0.122742
0.122289
0.12185
0.12144
0.121104
0.12907
0.128769
0.12849
0.128229
0.127993
0.127763
0.127535
0.127308
0.127077
0.126836
0.126583
0.126317
0.126026
0.125722
0.125403
0.125065
0.124706
0.124327
0.123931
0.123521
0.1231
0.122674
0.122249
0.121832
0.121433
0.121063
0.129024
0.128707
0.128409
0.128129
0.127871
0.127622
0.127376
0.127133
0.126887
0.126634
0.126373
0.126102
0.125811
0.125508
0.125196
0.124868
0.124522
0.124161
0.123784
0.123395
0.122997
0.122594
0.122191
0.121791
0.121401
0.121017
0.128968
0.128636
0.128323
0.128027
0.127754
0.127489
0.127229
0.126971
0.126713
0.126451
0.126182
0.125906
0.125612
0.125311
0.125002
0.124682
0.124347
0.123999
0.123638
0.123266
0.122886
0.1225
0.122112
0.121725
0.121342
0.120958
0.128904
0.12856
0.128234
0.127925
0.127639
0.127361
0.127088
0.126818
0.12655
0.126279
0.126005
0.125724
0.125428
0.125128
0.124822
0.124508
0.124182
0.123844
0.123495
0.123136
0.12277
0.122398
0.122022
0.121645
0.121268
0.12089
0.128832
0.128478
0.128142
0.127822
0.127525
0.127235
0.126951
0.126672
0.126395
0.126117
0.125837
0.125554
0.125256
0.124956
0.124653
0.124342
0.124022
0.123693
0.123353
0.123005
0.122649
0.122287
0.12192
0.121551
0.121179
0.120806
0.128757
0.128394
0.128049
0.12772
0.127413
0.127114
0.12682
0.126532
0.126248
0.125964
0.12568
0.125393
0.125096
0.124796
0.124493
0.124186
0.12387
0.123547
0.123215
0.122875
0.122527
0.122173
0.121814
0.12145
0.121083
0.120713
0.128681
0.128311
0.127958
0.127622
0.127305
0.126997
0.126696
0.126401
0.12611
0.125821
0.125533
0.125244
0.124946
0.124646
0.124345
0.124039
0.123727
0.123408
0.123082
0.122748
0.122406
0.122058
0.121704
0.121345
0.120981
0.120614
0.128606
0.12823
0.127871
0.127528
0.127203
0.126888
0.12658
0.126279
0.125982
0.125689
0.125398
0.125106
0.124808
0.124509
0.124208
0.123903
0.123593
0.123277
0.122955
0.122626
0.122289
0.121945
0.121596
0.12124
0.12088
0.120514
0.128535
0.128154
0.12779
0.127441
0.127109
0.126787
0.126474
0.126167
0.125867
0.12557
0.125275
0.124981
0.124683
0.124384
0.124083
0.123779
0.12347
0.123157
0.122837
0.122511
0.122178
0.121838
0.121492
0.121139
0.120781
0.120417
0.12847
0.128084
0.127715
0.127361
0.127023
0.126696
0.126377
0.126067
0.125762
0.125461
0.125164
0.124867
0.124569
0.12427
0.12397
0.123666
0.123359
0.123046
0.122729
0.122405
0.122075
0.121737
0.121394
0.121044
0.120688
0.120326
)
;
        value           nonuniform List<scalar> 
898
(
325.432
325.834
326.32
326.556
327.033
326.841
311.22
310.612
310.506
310.807
324.807
324.729
324.1
323.744
323.263
323.007
322.953
322.996
323.066
323.152
323.253
323.361
323.464
323.549
323.609
323.64
325.479
325.83
326.259
326.391
327.046
327
311.844
311.251
311.191
311.63
326.655
326.707
325.879
325.42
324.75
324.339
324.169
324.108
324.067
324.031
324.011
324.006
324.008
324.011
324.011
324.01
325.375
325.528
325.753
325.85
327.013
327.025
311.393
310.667
310.638
311.293
327.233
327.396
326.077
325.561
324.866
324.423
324.21
324.109
324.044
324.006
323.998
324.013
324.041
324.074
324.108
324.14
324.99
324.912
324.903
325.094
326.902
326.811
313.178
312.431
312.412
313.194
328.383
329.205
327.247
326.504
325.532
324.592
323.782
323.595
323.483
323.484
323.575
323.684
323.756
323.814
323.864
323.909
324.229
324.112
324.059
323.753
325.914
325.749
324.856
324.238
323.921
323.784
323.698
323.64
323.617
323.628
323.662
323.713
323.783
323.837
323.375
323.555
323.946
323.839
325.647
325.788
324.95
324.335
324.003
323.836
323.72
323.638
323.586
323.565
323.564
323.599
323.659
323.706
322.729
323.228
323.943
324.085
325.533
325.692
324.893
324.302
323.946
323.764
323.65
323.571
323.522
323.503
323.507
323.549
323.593
323.629
322.43
323.039
323.898
324.233
325.503
325.645
324.887
324.329
324.023
323.861
323.752
323.673
323.627
323.611
323.624
323.661
323.692
323.724
322.178
322.758
323.612
324.053
325.529
325.689
324.995
324.536
324.294
324.157
324.057
323.98
323.93
323.912
323.931
323.962
323.992
324.044
322.102
322.508
323.181
323.585
325.603
325.835
325.254
324.938
324.717
324.567
324.468
324.389
324.332
324.322
324.343
324.388
324.463
324.571
322.506
322.527
322.775
322.97
325.675
326.153
325.818
325.437
325.091
324.865
324.754
324.678
324.629
324.622
324.667
324.784
324.966
325.167
323.251
322.947
322.618
322.328
325.648
326.131
325.626
325.271
325.009
324.854
324.77
324.723
324.703
324.726
324.835
325.062
325.387
325.681
323.973
323.61
323.012
322.148
307.011
305.965
305.461
305.051
304.685
304.413
304.378
305.442
323.585
324.394
324.442
324.421
324.429
324.472
324.531
324.588
324.644
324.731
324.924
325.274
325.74
326.094
324.404
324.146
323.633
322.64
307.511
306.647
306.304
306.083
305.927
305.851
305.956
306.723
322.64
323.503
323.765
323.938
324.104
324.272
324.426
324.552
324.655
324.784
325.033
325.46
326.014
326.376
324.624
324.483
324.135
323.185
307.446
306.651
306.389
306.227
306.12
306.079
306.171
306.852
322.832
323.671
323.926
324.093
324.248
324.404
324.548
324.669
324.77
324.896
325.141
325.566
326.127
326.441
324.756
324.681
324.464
323.639
307.426
306.645
306.423
306.289
306.211
306.195
306.287
306.943
323.062
323.854
324.076
324.229
324.375
324.52
324.656
324.774
324.877
324.996
325.207
325.574
326.092
326.38
324.872
324.819
324.671
323.982
308.859
308.13
307.939
307.828
307.768
307.761
307.844
308.447
323.442
324.16
324.351
324.486
324.615
324.74
324.857
324.963
325.058
325.159
325.313
325.58
326.003
326.135
324.982
324.942
324.841
324.329
312.684
312.11
311.968
311.891
311.849
311.843
311.905
312.377
323.955
324.519
324.669
324.776
324.88
324.981
325.077
325.169
325.256
325.343
325.444
325.598
325.868
325.766
325.071
325.047
324.989
324.687
318.007
317.662
317.583
317.547
317.528
317.526
317.566
317.857
324.528
324.886
324.99
325.068
325.145
325.221
325.295
325.369
325.446
325.523
325.594
325.663
325.748
325.322
325.138
325.13
325.11
324.995
322.767
322.633
322.611
322.609
322.612
322.617
322.642
322.77
325.021
325.189
325.253
325.305
325.359
325.414
325.469
325.527
325.59
325.658
325.722
325.763
325.716
325.003
325.193
325.197
325.202
325.203
325.523
325.521
325.535
325.555
325.571
325.582
325.598
325.625
325.342
325.393
325.431
325.468
325.508
325.551
325.596
325.643
325.694
325.751
325.808
325.847
325.77
325.018
325.252
325.262
325.279
325.323
326.304
326.349
326.379
326.409
326.432
326.446
326.458
326.447
325.508
325.518
325.545
325.575
325.61
325.648
325.689
325.731
325.774
325.821
325.866
325.893
325.827
325.123
325.324
325.337
325.358
325.401
326.051
326.095
326.129
326.16
326.185
326.201
326.211
326.202
325.595
325.608
325.633
325.662
325.695
325.732
325.771
325.811
325.852
325.892
325.93
325.948
325.868
325.162
325.414
325.429
325.451
325.483
325.667
325.697
325.729
325.759
325.783
325.801
325.814
325.818
325.678
325.704
325.729
325.758
325.79
325.825
325.864
325.903
325.942
325.98
326.013
326.029
325.958
325.311
325.521
325.538
325.561
325.588
325.539
325.56
325.589
325.616
325.64
325.661
325.678
325.692
325.787
325.822
325.846
325.873
325.904
325.938
325.975
326.013
326.051
326.087
326.119
326.135
326.082
325.564
325.644
325.662
325.688
325.717
325.642
325.66
325.687
325.713
325.737
325.76
325.781
325.8
325.924
325.961
325.983
326.008
326.037
326.069
326.104
326.14
326.177
326.212
326.244
326.265
326.239
325.911
325.78
325.801
325.831
325.863
325.834
325.852
325.878
325.902
325.926
325.951
325.976
325.997
326.08
326.115
326.136
326.158
326.185
326.215
326.247
326.282
326.317
326.352
326.384
326.411
326.413
326.274
325.929
325.953
325.986
326.023
326.026
326.045
326.07
326.093
326.117
326.144
326.171
326.194
326.247
326.282
326.301
326.321
326.346
326.373
326.404
326.436
326.47
326.504
326.537
326.568
326.592
326.586
326.091
326.118
326.154
326.192
326.205
326.222
326.247
326.271
326.295
326.322
326.351
326.376
326.423
326.459
326.478
326.496
326.518
326.544
326.572
326.603
326.635
326.668
326.701
326.735
326.771
326.827
326.265
326.294
326.332
326.372
326.382
326.399
326.424
326.448
326.474
326.501
326.529
326.556
326.608
326.646
326.666
326.682
326.702
326.726
326.753
326.782
326.812
326.844
326.877
326.913
326.952
327.02
326.451
326.483
326.522
326.562
326.57
326.586
326.611
326.637
326.664
326.691
326.72
326.747
326.803
326.843
326.864
326.881
326.9
326.921
326.946
326.974
327.003
327.034
327.067
327.102
327.141
327.2
326.648
326.682
326.722
326.76
326.769
326.786
326.813
326.84
326.867
326.895
326.924
326.952
327.007
327.048
327.072
327.09
327.109
327.129
327.152
327.178
327.206
327.236
327.268
327.303
327.341
327.39
326.853
326.888
326.927
326.964
326.976
326.996
327.023
327.052
327.08
327.109
327.137
327.166
327.218
327.258
327.285
327.306
327.325
327.344
327.366
327.391
327.418
327.447
327.479
327.513
327.549
327.594
327.06
327.095
327.133
327.169
327.186
327.208
327.237
327.266
327.296
327.325
327.354
327.382
327.43
327.47
327.498
327.521
327.542
327.562
327.584
327.607
327.634
327.663
327.693
327.726
327.762
327.806
327.262
327.295
327.332
327.368
327.389
327.414
327.444
327.475
327.505
327.535
327.565
327.594
327.637
327.674
327.704
327.73
327.753
327.775
327.796
327.82
327.846
327.874
327.905
327.937
327.971
328.014
327.449
327.482
327.519
327.554
327.579
327.607
327.639
327.67
327.702
327.732
327.762
327.792
327.831
327.866
327.897
327.925
327.951
327.974
327.997
328.021
328.047
328.075
328.105
328.136
328.169
328.212
327.62
327.653
327.69
327.725
327.754
327.785
327.818
327.85
327.882
327.913
327.944
327.974
328.01
328.044
328.075
328.104
328.131
328.157
328.182
328.207
328.234
328.262
328.291
328.321
328.353
328.393
)
;
        Tnbr            T;
        qrNbr           qr;
        qr              none;
        thermalInertia  false;
        thicknessLayers List<scalar> 0();
        kappaLayers     List<scalar> 0();
        kappaMethod     solidThermo;
        kappa           none;
        alphaAni        none;
        alpha           none;
    }
    concrete_to_asphalt
    {
        type            compressible::turbulentTemperatureRadCoupledMixed;
        refValue        nonuniform List<scalar> 
52
(
325.226
325.258
325.29
325.322
325.351
325.381
325.411
325.441
325.47
325.499
325.527
325.555
325.585
325.614
325.643
325.67
325.696
325.721
325.745
325.769
325.793
325.818
325.843
325.869
325.896
325.926
326.862
326.898
326.933
326.967
326.998
327.03
327.062
327.094
327.125
327.156
327.186
327.216
327.248
327.279
327.309
327.338
327.366
327.392
327.418
327.444
327.47
327.497
327.525
327.553
327.582
327.613
)
;
        refGradient     uniform 0;
        valueFraction   nonuniform List<scalar> 
52
(
0.529412
0.529412
0.529412
0.529412
0.529412
0.529412
0.529412
0.529412
0.529412
0.529412
0.529412
0.529412
0.529412
0.529412
0.529412
0.529412
0.529412
0.529412
0.529412
0.529412
0.529412
0.529412
0.529412
0.529412
0.529412
0.529412
0.529412
0.529412
0.529412
0.529412
0.529412
0.529412
0.529412
0.529412
0.529412
0.529412
0.529412
0.529412
0.529412
0.529412
0.529412
0.529412
0.529412
0.529412
0.529412
0.529412
0.529412
0.529412
0.529412
0.529412
0.529412
0.529412
)
;
        value           nonuniform List<scalar> 
52
(
325.062
325.088
325.12
325.151
325.179
325.208
325.237
325.267
325.296
325.324
325.352
325.38
325.411
325.441
325.469
325.496
325.522
325.546
325.569
325.592
325.616
325.641
325.666
325.692
325.72
325.757
326.787
326.819
326.854
326.888
326.918
326.949
326.98
327.012
327.043
327.074
327.104
327.133
327.166
327.198
327.228
327.257
327.285
327.311
327.335
327.361
327.386
327.414
327.441
327.47
327.5
327.536
)
;
        Tnbr            T;
        qrNbr           none;
        qr              none;
        thermalInertia  false;
        thicknessLayers List<scalar> 0();
        kappaLayers     List<scalar> 0();
        kappaMethod     solidThermo;
        kappa           none;
        alphaAni        none;
        alpha           none;
    }
    concrete_to_soil2
    {
        type            compressible::turbulentTemperatureRadCoupledMixed;
        refValue        nonuniform List<scalar> 
200
(
322.974
323.278
323.644
323.901
324.213
323.334
311.029
309.923
309.741
310.296
319.7
320.393
320.309
320.31
320.212
320.209
320.292
320.406
320.52
320.629
320.732
320.822
320.889
320.931
320.948
320.949
322.91
321.209
323.045
321.525
323.124
321.682
322.971
321.555
322.384
321.476
321.472
321.371
320.587
321.315
320.121
321.416
319.773
321.732
319.692
322.269
320.247
322.92
321.034
323.539
321.629
324.051
321.949
324.571
322.13
324.496
322.286
325.3
322.444
322.617
322.581
317.101
322.674
312.011
322.73
309.11
322.768
308.047
322.81
308.155
322.866
308.233
322.939
309.315
323.028
312.11
323.132
316.283
323.249
320.458
323.38
323.371
323.524
324.701
323.682
324.961
323.853
324.852
324.037
324.808
324.231
324.925
324.431
325.136
324.633
325.367
324.83
325.583
325.019
325.781
324.518
324.847
325.244
325.515
325.912
325.332
311.208
310.412
310.236
310.533
321.295
321.735
321.605
321.628
321.535
321.549
321.653
321.786
321.916
322.043
322.168
322.281
322.372
322.433
322.465
322.473
324.451
322.775
324.597
323.121
324.684
323.28
324.521
323.096
323.878
323.021
322.872
322.894
321.917
322.822
321.463
322.926
321.124
323.272
321.058
323.858
321.698
324.552
322.579
325.185
323.23
325.684
323.563
326.2
323.732
326.002
323.87
327.041
324.014
324.099
324.141
317.919
324.231
312.298
324.289
309.231
324.333
308.215
324.383
308.388
324.448
308.442
324.531
309.592
324.631
312.659
324.746
317.279
324.875
321.893
325.016
325.083
325.17
326.505
325.336
326.744
325.515
326.594
325.706
326.529
325.906
326.647
326.109
326.866
326.31
327.1
326.501
327.311
326.675
327.495
)
;
        refGradient     uniform 0;
        valueFraction   nonuniform List<scalar> 
200
(
0.529412
0.529412
0.529412
0.529412
0.529412
0.529412
0.529412
0.529412
0.529412
0.529412
0.529412
0.529412
0.529412
0.529412
0.529412
0.529412
0.529412
0.529412
0.529412
0.529412
0.529412
0.529412
0.529412
0.529412
0.529412
0.529412
0.529412
0.529412
0.529412
0.529412
0.529412
0.529412
0.529412
0.529412
0.529412
0.529412
0.529412
0.529412
0.529412
0.529412
0.529412
0.529412
0.529412
0.529412
0.529412
0.529412
0.529412
0.529412
0.529412
0.529412
0.529412
0.529412
0.529412
0.529412
0.529412
0.529412
0.529412
0.529412
0.529412
0.529412
0.529412
0.529412
0.529412
0.529412
0.529412
0.529412
0.529412
0.529412
0.529412
0.529412
0.529412
0.529412
0.529412
0.529412
0.529412
0.529412
0.529412
0.529412
0.529412
0.529412
0.529412
0.529412
0.529412
0.529412
0.529412
0.529412
0.529412
0.529412
0.529412
0.529412
0.529412
0.529412
0.529412
0.529412
0.529412
0.529412
0.529412
0.529412
0.529412
0.529412
0.529412
0.529412
0.529412
0.529412
0.529412
0.529412
0.529412
0.529412
0.529412
0.529412
0.529412
0.529412
0.529412
0.529412
0.529412
0.529412
0.529412
0.529412
0.529412
0.529412
0.529412
0.529412
0.529412
0.529412
0.529412
0.529412
0.529412
0.529412
0.529412
0.529412
0.529412
0.529412
0.529412
0.529412
0.529412
0.529412
0.529412
0.529412
0.529412
0.529412
0.529412
0.529412
0.529412
0.529412
0.529412
0.529412
0.529412
0.529412
0.529412
0.529412
0.529412
0.529412
0.529412
0.529412
0.529412
0.529412
0.529412
0.529412
0.529412
0.529412
0.529412
0.529412
0.529412
0.529412
0.529412
0.529412
0.529412
0.529412
0.529412
0.529412
0.529412
0.529412
0.529412
0.529412
0.529412
0.529412
0.529412
0.529412
0.529412
0.529412
0.529412
0.529412
0.529412
0.529412
0.529412
0.529412
0.529412
0.529412
0.529412
0.529412
0.529412
0.529412
0.529412
0.529412
0.529412
0.529412
0.529412
0.529412
0.529412
0.529412
)
;
        value           nonuniform List<scalar> 
200
(
322.927
323.254
323.65
323.894
324.207
323.349
310.93
309.789
309.643
310.338
320.596
321.221
320.967
320.815
320.563
320.447
320.459
320.53
320.614
320.701
320.788
320.869
320.934
320.977
320.997
321.001
322.894
321.139
322.985
321.454
322.986
321.601
322.747
321.467
322.127
321.383
321.297
321.279
320.557
321.224
320.169
321.319
319.869
321.617
319.788
322.118
320.233
322.721
320.942
323.288
321.547
323.763
321.898
324.2
322.091
324.232
322.236
324.663
322.375
323.071
322.496
319.849
322.585
316.815
322.642
315.024
322.685
314.387
322.73
314.48
322.787
314.541
322.86
315.206
322.949
316.863
323.052
319.321
323.17
321.788
323.301
323.536
323.445
324.38
323.603
324.608
323.775
324.625
323.96
324.681
324.155
324.832
324.356
325.04
324.558
325.261
324.757
325.474
324.952
325.679
324.54
324.895
325.326
325.58
325.989
325.471
311.169
310.352
310.208
310.613
322.422
322.738
322.403
322.251
321.984
321.873
321.899
321.985
322.082
322.183
322.292
322.399
322.492
322.562
322.603
322.619
324.505
322.779
324.603
323.126
324.603
323.271
324.343
323.076
323.66
322.999
322.744
322.873
321.944
322.801
321.562
322.899
321.264
323.227
321.192
323.776
321.707
324.417
322.504
324.993
323.172
325.453
323.544
325.87
323.736
325.812
323.872
326.347
324.002
324.652
324.121
321.153
324.209
317.915
324.27
316.099
324.318
315.537
324.37
315.674
324.436
315.721
324.519
316.408
324.619
318.175
324.735
320.819
324.864
323.468
325.007
325.328
325.162
326.205
325.331
326.424
325.512
326.427
325.705
326.479
325.907
326.636
326.113
326.852
326.316
327.076
326.509
327.284
326.688
327.473
)
;
        Tnbr            T;
        qrNbr           none;
        qr              none;
        thermalInertia  false;
        thicknessLayers List<scalar> 0();
        kappaLayers     List<scalar> 0();
        kappaMethod     solidThermo;
        kappa           none;
        alphaAni        none;
        alpha           none;
    }
    concrete_to_buildings
    {
        type            externalWallHeatFluxTemperature;
        mode            coefficient;
        kappaMethod     solidThermo;
        kappa           none;
        alphaAni        none;
        alpha           none;
        h               constant 10;
        Ta              constant 293.15;
        thicknessLayers List<scalar> 1(0.3);
        kappaLayers     List<scalar> 1(1.6);
        qr              none;
        refValue        uniform 293.15;
        refGradient     uniform 0;
        valueFraction   nonuniform List<scalar> 
64
(
0.0980392
0.0980392
0.0980392
0.0980392
0.0980392
0.0980392
0.0980392
0.0980392
0.0980392
0.0980392
0.0980392
0.0980392
0.0980392
0.0980392
0.0980392
0.0980392
0.0980392
0.0980392
0.0980392
0.0980392
0.0980392
0.0980392
0.0980392
0.0980392
0.0980392
0.0980392
0.0980392
0.0980392
0.0980392
0.0980392
0.0980392
0.0980392
0.0980392
0.0980392
0.0980392
0.0980392
0.0980392
0.0980392
0.0980392
0.0980392
0.0980392
0.0980392
0.0980392
0.0980392
0.0980392
0.0980392
0.0980392
0.0980392
0.0980392
0.0980392
0.0980392
0.0980392
0.0980392
0.0980392
0.0980392
0.0980392
0.0980392
0.0980392
0.0980392
0.0980392
0.0980392
0.0980392
0.0980392
0.0980392
)
;
        value           nonuniform List<scalar> 
64
(
300.766
298.621
297.26
296.913
296.917
297.294
298.778
301.046
298.599
296.111
295.468
295.294
295.295
295.475
296.134
298.685
298.221
295.634
295.074
294.941
294.94
295.071
295.625
298.243
298.144
295.529
294.98
294.856
294.854
294.973
295.512
298.145
298.104
295.503
294.96
294.837
294.835
294.952
295.488
298.128
298.061
295.508
294.975
294.853
294.848
294.963
295.497
298.139
298.081
295.617
295.1
294.973
294.96
295.065
295.586
298.204
298.621
296.38
295.89
295.737
295.684
295.747
296.203
298.651
)
;
    }
    concrete_to_soil1
    {
        type            compressible::turbulentTemperatureRadCoupledMixed;
        refValue        nonuniform List<scalar> 
962
(
321.366
321.686
322.08
322.297
322.515
321.409
310.496
309.09
308.983
310.055
319.793
320.606
320.267
319.967
319.577
319.345
319.274
319.29
319.334
319.387
319.444
319.496
319.536
319.558
319.563
319.565
321.402
321.7
322.078
322.257
322.606
321.619
310.965
309.571
309.506
310.734
321.2
322.11
321.607
321.197
320.646
320.28
320.112
320.048
320.012
319.984
319.963
319.944
319.921
319.894
319.865
319.849
321.324
321.494
321.751
321.897
322.475
321.518
310.725
309.276
309.25
310.652
321.648
322.667
321.906
321.447
320.842
320.403
320.178
320.082
320.04
320.022
320.015
320.011
320.004
319.993
319.982
319.983
321.015
321.016
321.081
321.062
320.976
319.875
310.738
309.467
309.465
310.833
320.969
322.515
322.391
321.962
321.16
320.338
319.837
319.685
319.638
319.671
319.741
319.793
319.824
319.844
319.858
319.883
320.418
320.369
320.265
318.868
303.757
300.891
299.065
298.561
298.568
299.114
301.101
304.115
320.102
321.199
320.649
320.115
319.817
319.69
319.634
319.615
319.621
319.643
319.672
319.71
319.752
319.796
319.746
319.898
320.032
318.441
300.897
297.561
296.634
296.378
296.38
296.644
297.595
301.002
319.374
321.006
320.596
320.119
319.833
319.692
319.615
319.574
319.559
319.562
319.579
319.619
319.664
319.711
319.211
319.607
319.97
318.471
300.349
296.874
296.062
295.865
295.864
296.057
296.861
300.364
319.131
320.872
320.524
320.08
319.791
319.647
319.568
319.525
319.508
319.514
319.538
319.583
319.625
319.671
318.914
319.42
319.901
318.519
300.232
296.719
295.923
295.738
295.736
295.913
296.694
300.22
319.062
320.822
320.521
320.117
319.868
319.738
319.66
319.613
319.593
319.599
319.628
319.67
319.707
319.756
318.675
319.176
319.662
318.361
300.175
296.681
295.893
295.712
295.708
295.881
296.659
300.194
319.078
320.87
320.638
320.319
320.12
320.005
319.926
319.872
319.843
319.84
319.866
319.902
319.942
320.01
318.592
318.953
319.298
318.001
300.118
296.688
295.915
295.735
295.728
295.898
296.672
300.21
319.145
321.022
320.907
320.689
320.512
320.388
320.301
320.239
320.196
320.188
320.208
320.251
320.32
320.432
318.873
318.923
318.937
317.538
300.152
296.846
296.097
295.91
295.891
296.047
296.802
300.303
319.215
321.264
321.309
321.077
320.849
320.69
320.593
320.533
320.495
320.488
320.525
320.617
320.764
320.946
319.424
319.194
318.77
317.135
300.852
297.849
297.141
296.919
296.847
296.944
297.61
300.879
319.197
321.228
321.195
320.992
320.82
320.715
320.658
320.626
320.615
320.638
320.729
320.914
321.175
321.439
319.982
319.682
319.045
317.319
306.156
304.21
303.557
303.166
302.87
302.709
302.979
305.073
318.27
320.118
320.392
320.423
320.439
320.475
320.522
320.568
320.614
320.69
320.856
321.151
321.536
321.871
320.339
320.109
319.521
317.757
306.927
305.219
304.709
304.453
304.297
304.263
304.56
306.25
317.713
319.455
319.876
320.059
320.199
320.333
320.455
320.555
320.641
320.754
320.977
321.358
321.844
322.228
320.541
320.39
319.913
318.17
307.015
305.361
304.93
304.737
304.635
304.635
304.914
306.493
317.838
319.533
319.951
320.138
320.281
320.415
320.538
320.641
320.728
320.845
321.08
321.491
322.025
322.406
320.673
320.567
320.189
318.531
307.152
305.519
305.13
304.97
304.897
304.918
305.188
306.722
318.054
319.693
320.08
320.255
320.389
320.515
320.631
320.731
320.818
320.927
321.14
321.526
322.047
322.435
320.788
320.697
320.392
318.92
308.369
306.868
306.526
306.394
306.34
306.366
306.61
308.008
318.476
319.965
320.307
320.461
320.58
320.689
320.79
320.88
320.959
321.05
321.213
321.513
321.928
322.023
320.89
320.814
320.585
319.456
311.307
310.135
309.873
309.777
309.74
309.762
309.951
311.042
319.145
320.308
320.577
320.7
320.796
320.885
320.968
321.045
321.117
321.191
321.297
321.48
321.706
321.278
320.971
320.914
320.772
320.089
315.32
314.606
314.448
314.396
314.378
314.394
314.516
315.188
319.95
320.673
320.853
320.94
321.011
321.078
321.143
321.206
321.269
321.331
321.395
321.465
321.459
320.456
321.028
320.993
320.93
320.651
318.938
318.646
318.583
318.569
318.569
318.582
318.645
318.932
320.663
320.983
321.08
321.136
321.186
321.234
321.283
321.333
321.386
321.439
321.484
321.487
321.29
319.833
321.072
321.053
321.042
321.018
321.106
321.079
321.078
321.09
321.102
321.114
321.137
321.183
321.125
321.191
321.235
321.271
321.307
321.345
321.383
321.424
321.467
321.512
321.548
321.53
321.257
319.611
321.114
321.105
321.119
321.188
321.804
321.876
321.903
321.926
321.945
321.957
321.962
321.92
321.338
321.311
321.332
321.358
321.388
321.42
321.455
321.49
321.527
321.563
321.589
321.564
321.294
319.664
321.166
321.16
321.179
321.247
321.69
321.759
321.792
321.818
321.839
321.851
321.855
321.815
321.407
321.385
321.401
321.425
321.452
321.483
321.516
321.55
321.583
321.614
321.635
321.602
321.326
319.71
321.231
321.227
321.244
321.283
321.428
321.467
321.495
321.521
321.541
321.555
321.563
321.554
321.446
321.454
321.473
321.496
321.523
321.553
321.585
321.617
321.649
321.678
321.696
321.665
321.414
319.926
321.31
321.307
321.324
321.344
321.327
321.344
321.369
321.392
321.412
321.428
321.442
321.455
321.511
321.54
321.561
321.583
321.609
321.637
321.667
321.699
321.73
321.758
321.776
321.754
321.553
320.354
321.404
321.402
321.42
321.438
321.394
321.405
321.427
321.448
321.468
321.487
321.505
321.526
321.611
321.645
321.666
321.687
321.711
321.737
321.766
321.796
321.826
321.854
321.874
321.866
321.738
320.955
321.511
321.511
321.532
321.554
321.536
321.548
321.569
321.589
321.609
321.629
321.65
321.672
321.735
321.767
321.786
321.805
321.827
321.852
321.879
321.907
321.936
321.963
321.986
321.994
321.939
321.572
321.631
321.634
321.657
321.684
321.688
321.702
321.722
321.742
321.762
321.784
321.806
321.828
321.872
321.902
321.919
321.936
321.957
321.98
322.005
322.031
322.059
322.086
322.111
322.131
322.131
322.061
321.765
321.77
321.796
321.826
321.837
321.851
321.87
321.89
321.911
321.933
321.956
321.979
322.018
322.049
322.066
322.081
322.099
322.121
322.144
322.169
322.196
322.222
322.249
322.275
322.304
322.377
321.914
321.921
321.949
321.979
321.989
322.002
322.022
322.042
322.064
322.086
322.11
322.134
322.176
322.207
322.225
322.24
322.256
322.276
322.298
322.322
322.347
322.372
322.399
322.428
322.467
322.569
322.076
322.085
322.114
322.144
322.152
322.166
322.186
322.207
322.229
322.252
322.276
322.301
322.345
322.378
322.397
322.412
322.428
322.446
322.466
322.488
322.512
322.537
322.564
322.593
322.631
322.714
322.252
322.262
322.291
322.32
322.329
322.344
322.365
322.387
322.41
322.433
322.457
322.482
322.526
322.56
322.581
322.597
322.612
322.629
322.648
322.669
322.692
322.716
322.742
322.771
322.805
322.867
322.438
322.448
322.477
322.506
322.517
322.533
322.555
322.579
322.602
322.626
322.65
322.676
322.717
322.751
322.774
322.792
322.808
322.824
322.842
322.862
322.884
322.907
322.933
322.96
322.993
323.045
322.631
322.642
322.67
322.698
322.712
322.731
322.754
322.779
322.803
322.827
322.852
322.877
322.915
322.948
322.973
322.992
323.01
323.027
323.044
323.063
323.085
323.108
323.132
323.159
323.19
323.241
322.828
322.838
322.866
322.893
322.911
322.932
322.957
322.982
323.007
323.032
323.057
323.082
323.117
323.149
323.175
323.196
323.216
323.234
323.251
323.271
323.291
323.314
323.338
323.364
323.394
323.445
323.027
323.037
323.064
323.092
323.114
323.137
323.163
323.189
323.215
323.24
323.266
323.291
323.323
323.353
323.379
323.403
323.424
323.443
323.462
323.482
323.503
323.525
323.549
323.574
323.603
323.653
323.239
323.252
323.279
323.308
323.333
323.358
323.385
323.412
323.438
323.465
323.491
323.516
323.546
323.575
323.601
323.625
323.648
323.67
323.69
323.711
323.732
323.754
323.778
323.802
323.829
323.875
)
;
        refGradient     uniform 0;
        valueFraction   nonuniform List<scalar> 
962
(
0.52519
0.52519
0.52519
0.52519
0.52519
0.52519
0.52519
0.52519
0.52519
0.52519
0.52519
0.52519
0.52519
0.52519
0.52519
0.52519
0.52519
0.52519
0.52519
0.52519
0.52519
0.52519
0.52519
0.52519
0.52519
0.52519
0.52519
0.52519
0.52519
0.52519
0.52519
0.52519
0.52519
0.52519
0.52519
0.52519
0.52519
0.52519
0.52519
0.52519
0.52519
0.52519
0.52519
0.52519
0.52519
0.52519
0.52519
0.52519
0.52519
0.52519
0.52519
0.52519
0.52519
0.52519
0.52519
0.52519
0.52519
0.52519
0.52519
0.52519
0.52519
0.52519
0.52519
0.52519
0.52519
0.52519
0.52519
0.52519
0.52519
0.52519
0.52519
0.52519
0.52519
0.52519
0.52519
0.52519
0.52519
0.52519
0.52519
0.52519
0.52519
0.52519
0.52519
0.52519
0.52519
0.52519
0.52519
0.52519
0.52519
0.52519
0.52519
0.52519
0.52519
0.52519
0.52519
0.52519
0.52519
0.52519
0.52519
0.52519
0.52519
0.52519
0.52519
0.52519
0.52519
0.52519
0.52519
0.52519
0.52519
0.52519
0.52519
0.52519
0.52519
0.52519
0.52519
0.52519
0.52519
0.52519
0.52519
0.52519
0.52519
0.52519
0.52519
0.52519
0.52519
0.52519
0.52519
0.52519
0.52519
0.52519
0.52519
0.52519
0.52519
0.52519
0.52519
0.52519
0.52519
0.52519
0.52519
0.52519
0.52519
0.52519
0.52519
0.52519
0.52519
0.52519
0.52519
0.52519
0.52519
0.52519
0.52519
0.52519
0.52519
0.52519
0.52519
0.52519
0.52519
0.52519
0.52519
0.52519
0.52519
0.52519
0.52519
0.52519
0.52519
0.52519
0.52519
0.52519
0.52519
0.52519
0.52519
0.52519
0.52519
0.52519
0.52519
0.52519
0.52519
0.52519
0.52519
0.52519
0.52519
0.52519
0.52519
0.52519
0.52519
0.52519
0.52519
0.52519
0.52519
0.52519
0.52519
0.52519
0.52519
0.52519
0.52519
0.52519
0.52519
0.52519
0.52519
0.52519
0.52519
0.52519
0.52519
0.52519
0.52519
0.52519
0.52519
0.52519
0.52519
0.52519
0.52519
0.52519
0.52519
0.52519
0.52519
0.52519
0.52519
0.52519
0.52519
0.52519
0.52519
0.52519
0.52519
0.52519
0.52519
0.52519
0.52519
0.52519
0.52519
0.52519
0.52519
0.52519
0.52519
0.52519
0.52519
0.52519
0.52519
0.52519
0.52519
0.52519
0.52519
0.52519
0.52519
0.52519
0.52519
0.52519
0.52519
0.52519
0.52519
0.52519
0.52519
0.52519
0.52519
0.52519
0.52519
0.52519
0.52519
0.52519
0.52519
0.52519
0.52519
0.52519
0.52519
0.52519
0.52519
0.52519
0.52519
0.52519
0.52519
0.52519
0.52519
0.52519
0.52519
0.52519
0.52519
0.52519
0.52519
0.52519
0.52519
0.52519
0.52519
0.52519
0.52519
0.52519
0.52519
0.52519
0.52519
0.52519
0.52519
0.52519
0.52519
0.52519
0.52519
0.52519
0.52519
0.52519
0.52519
0.52519
0.52519
0.52519
0.52519
0.52519
0.52519
0.52519
0.52519
0.52519
0.52519
0.52519
0.52519
0.52519
0.52519
0.52519
0.52519
0.52519
0.52519
0.52519
0.52519
0.52519
0.52519
0.52519
0.52519
0.52519
0.52519
0.52519
0.52519
0.52519
0.52519
0.52519
0.52519
0.52519
0.52519
0.52519
0.52519
0.52519
0.52519
0.52519
0.52519
0.52519
0.52519
0.52519
0.52519
0.52519
0.52519
0.52519
0.52519
0.52519
0.52519
0.52519
0.52519
0.52519
0.52519
0.52519
0.52519
0.52519
0.52519
0.52519
0.52519
0.52519
0.52519
0.52519
0.52519
0.52519
0.52519
0.52519
0.52519
0.52519
0.52519
0.52519
0.52519
0.52519
0.52519
0.52519
0.52519
0.52519
0.52519
0.52519
0.52519
0.52519
0.52519
0.52519
0.52519
0.52519
0.52519
0.52519
0.52519
0.52519
0.52519
0.52519
0.52519
0.52519
0.52519
0.52519
0.52519
0.52519
0.52519
0.52519
0.52519
0.52519
0.52519
0.52519
0.52519
0.52519
0.52519
0.52519
0.52519
0.52519
0.52519
0.52519
0.52519
0.52519
0.52519
0.52519
0.52519
0.52519
0.52519
0.52519
0.52519
0.52519
0.52519
0.52519
0.52519
0.52519
0.52519
0.52519
0.52519
0.52519
0.52519
0.52519
0.52519
0.52519
0.52519
0.52519
0.52519
0.52519
0.52519
0.52519
0.52519
0.52519
0.52519
0.52519
0.52519
0.52519
0.52519
0.52519
0.52519
0.52519
0.52519
0.52519
0.52519
0.52519
0.52519
0.52519
0.52519
0.52519
0.52519
0.52519
0.52519
0.52519
0.52519
0.52519
0.52519
0.52519
0.52519
0.52519
0.52519
0.52519
0.52519
0.52519
0.52519
0.52519
0.52519
0.52519
0.52519
0.52519
0.52519
0.52519
0.52519
0.52519
0.52519
0.52519
0.52519
0.52519
0.52519
0.52519
0.52519
0.52519
0.52519
0.52519
0.52519
0.52519
0.52519
0.52519
0.52519
0.52519
0.52519
0.52519
0.52519
0.52519
0.52519
0.52519
0.52519
0.52519
0.52519
0.52519
0.52519
0.52519
0.52519
0.52519
0.52519
0.52519
0.52519
0.52519
0.52519
0.52519
0.52519
0.52519
0.52519
0.52519
0.52519
0.52519
0.52519
0.52519
0.52519
0.52519
0.52519
0.52519
0.52519
0.52519
0.52519
0.52519
0.52519
0.52519
0.52519
0.52519
0.52519
0.52519
0.52519
0.52519
0.52519
0.52519
0.52519
0.52519
0.52519
0.52519
0.52519
0.52519
0.52519
0.52519
0.52519
0.52519
0.52519
0.52519
0.52519
0.52519
0.52519
0.52519
0.52519
0.52519
0.52519
0.52519
0.52519
0.52519
0.52519
0.52519
0.52519
0.52519
0.52519
0.52519
0.52519
0.52519
0.52519
0.52519
0.52519
0.52519
0.52519
0.52519
0.52519
0.52519
0.52519
0.52519
0.52519
0.52519
0.52519
0.52519
0.52519
0.52519
0.52519
0.52519
0.52519
0.52519
0.52519
0.52519
0.52519
0.52519
0.52519
0.52519
0.52519
0.52519
0.52519
0.52519
0.52519
0.52519
0.52519
0.52519
0.52519
0.52519
0.52519
0.52519
0.52519
0.52519
0.52519
0.52519
0.52519
0.52519
0.52519
0.52519
0.52519
0.52519
0.52519
0.52519
0.52519
0.52519
0.52519
0.52519
0.52519
0.52519
0.52519
0.52519
0.52519
0.52519
0.52519
0.52519
0.52519
0.52519
0.52519
0.52519
0.52519
0.52519
0.52519
0.52519
0.52519
0.52519
0.52519
0.52519
0.52519
0.52519
0.52519
0.52519
0.52519
0.52519
0.52519
0.52519
0.52519
0.52519
0.52519
0.52519
0.52519
0.52519
0.52519
0.52519
0.52519
0.52519
0.52519
0.52519
0.52519
0.52519
0.52519
0.52519
0.52519
0.52519
0.52519
0.52519
0.52519
0.52519
0.52519
0.52519
0.52519
0.52519
0.52519
0.52519
0.52519
0.52519
0.52519
0.52519
0.52519
0.52519
0.52519
0.52519
0.52519
0.52519
0.52519
0.52519
0.52519
0.52519
0.52519
0.52519
0.52519
0.52519
0.52519
0.52519
0.52519
0.52519
0.52519
0.52519
0.52519
0.52519
0.52519
0.52519
0.52519
0.52519
0.52519
0.52519
0.52519
0.52519
0.52519
0.52519
0.52519
0.52519
0.52519
0.52519
0.52519
0.52519
0.52519
0.52519
0.52519
0.52519
0.52519
0.52519
0.52519
0.52519
0.52519
0.52519
0.52519
0.52519
0.52519
0.52519
0.52519
0.52519
0.52519
0.52519
0.52519
0.52519
0.52519
0.52519
0.52519
0.52519
0.52519
0.52519
0.52519
0.52519
0.52519
0.52519
0.52519
0.52519
0.52519
0.52519
0.52519
0.52519
0.52519
0.52519
0.52519
0.52519
0.52519
0.52519
0.52519
0.52519
0.52519
0.52519
0.52519
0.52519
0.52519
0.52519
0.52519
0.52519
0.52519
0.52519
0.52519
0.52519
0.52519
0.52519
0.52519
0.52519
0.52519
0.52519
0.52519
0.52519
0.52519
0.52519
0.52519
0.52519
0.52519
0.52519
0.52519
0.52519
0.52519
0.52519
0.52519
0.52519
0.52519
0.52519
0.52519
0.52519
0.52519
0.52519
0.52519
0.52519
0.52519
0.52519
0.52519
0.52519
0.52519
0.52519
0.52519
0.52519
0.52519
0.52519
0.52519
0.52519
0.52519
0.52519
0.52519
0.52519
0.52519
0.52519
0.52519
0.52519
0.52519
0.52519
0.52519
0.52519
0.52519
0.52519
0.52519
0.52519
0.52519
0.52519
0.52519
0.52519
0.52519
0.52519
0.52519
0.52519
0.52519
0.52519
0.52519
0.52519
0.52519
0.52519
0.52519
0.52519
0.52519
0.52519
0.52519
0.52519
0.52519
0.52519
0.52519
0.52519
0.52519
0.52519
0.52519
0.52519
0.52519
0.52519
0.52519
0.52519
0.52519
0.52519
0.52519
0.52519
0.52519
0.52519
0.52519
0.52519
0.52519
0.52519
0.52519
0.52519
0.52519
0.52519
0.52519
0.52519
0.52519
0.52519
0.52519
0.52519
0.52519
0.52519
0.52519
0.52519
0.52519
0.52519
0.52519
0.52519
0.52519
0.52519
0.52519
0.52519
0.52519
0.52519
0.52519
0.52519
0.52519
0.52519
0.52519
0.52519
0.52519
0.52519
0.52519
0.52519
0.52519
0.52519
0.52519
0.52519
0.52519
0.52519
0.52519
0.52519
0.52519
0.52519
0.52519
0.52519
0.52519
0.52519
0.52519
0.52519
0.52519
0.52519
0.52519
0.52519
0.52519
0.52519
0.52519
0.52519
0.52519
0.52519
0.52519
0.52519
0.52519
0.52519
0.52519
0.52519
0.52519
0.52519
0.52519
0.52519
0.52519
0.52519
0.52519
0.52519
0.52519
0.52519
0.52519
0.52519
0.52519
0.52519
0.52519
0.52519
0.52519
0.52519
0.52519
0.52519
)
;
        value           nonuniform List<scalar> 
962
(
322.083
322.418
322.829
323.052
323.315
322.338
310.649
309.351
309.245
310.211
320.653
321.34
320.951
320.639
320.232
319.995
319.926
319.945
319.992
320.049
320.112
320.173
320.224
320.256
320.27
320.275
322.122
322.43
322.821
322.997
323.401
322.549
311.151
309.865
309.8
310.92
322.137
322.925
322.364
321.943
321.37
320.995
320.825
320.76
320.722
320.692
320.67
320.653
320.634
320.612
320.588
320.573
322.039
322.211
322.469
322.614
323.293
322.475
310.887
309.533
309.506
310.809
322.616
323.512
322.651
322.178
321.555
321.112
320.887
320.789
320.743
320.72
320.713
320.712
320.711
320.707
320.702
320.708
321.717
321.71
321.77
321.793
321.983
321.03
311.168
309.963
309.958
311.252
322.203
323.645
323.25
322.761
321.926
321.071
320.526
320.37
320.311
320.34
320.416
320.476
320.513
320.539
320.56
320.588
321.092
321.036
320.949
319.7
303.325
300.546
298.777
298.299
298.306
298.824
300.75
303.675
321.069
321.994
321.384
320.833
320.529
320.399
320.337
320.312
320.314
320.335
320.366
320.406
320.453
320.499
320.389
320.551
320.734
319.354
300.542
297.311
296.43
296.188
296.19
296.439
297.342
300.644
320.41
321.834
321.351
320.849
320.554
320.408
320.325
320.278
320.256
320.256
320.271
320.31
320.359
320.407
319.834
320.253
320.683
319.421
300.022
296.657
295.887
295.701
295.7
295.882
296.645
300.038
320.188
321.706
321.281
320.81
320.509
320.358
320.275
320.226
320.204
320.206
320.227
320.272
320.316
320.36
319.535
320.065
320.618
319.485
299.913
296.511
295.756
295.582
295.58
295.746
296.487
299.902
320.125
321.656
321.277
320.846
320.587
320.451
320.368
320.316
320.292
320.295
320.321
320.363
320.4
320.447
319.293
319.814
320.37
319.322
299.858
296.475
295.728
295.557
295.554
295.716
296.454
299.877
320.142
321.703
321.393
321.05
320.844
320.725
320.643
320.585
320.552
320.547
320.572
320.607
320.645
320.711
319.21
319.584
319.993
318.943
299.803
296.482
295.748
295.578
295.572
295.732
296.466
299.892
320.21
321.856
321.665
321.429
321.244
321.116
321.026
320.962
320.916
320.907
320.927
320.97
321.04
321.152
319.512
319.559
319.62
318.453
299.833
296.631
295.92
295.744
295.726
295.872
296.588
299.98
320.281
322.111
322.094
321.836
321.59
321.42
321.32
321.257
321.218
321.211
321.248
321.345
321.497
321.682
320.096
319.853
319.449
318.005
300.515
297.605
296.932
296.721
296.652
296.742
297.372
300.541
320.258
322.077
321.967
321.738
321.552
321.44
321.379
321.345
321.332
321.355
321.449
321.641
321.913
322.183
320.681
320.371
319.74
318.135
306.301
304.478
303.849
303.454
303.146
302.964
303.182
305.135
319.165
320.868
321.103
321.125
321.139
321.177
321.227
321.274
321.322
321.401
321.572
321.876
322.276
322.616
321.051
320.816
320.241
318.582
307.04
305.447
304.964
304.713
304.556
304.514
304.778
306.339
318.544
320.165
320.559
320.74
320.885
321.025
321.153
321.258
321.346
321.463
321.691
322.082
322.583
322.967
321.256
321.107
320.652
319.016
307.103
305.567
305.163
304.975
304.871
304.865
305.111
306.567
318.678
320.256
320.647
320.831
320.977
321.115
321.242
321.348
321.438
321.557
321.795
322.213
322.757
323.132
321.389
321.288
320.937
319.392
307.216
305.698
305.337
305.181
305.107
305.121
305.361
306.774
318.897
320.421
320.781
320.951
321.088
321.218
321.337
321.441
321.53
321.641
321.856
322.243
322.772
323.153
321.504
321.42
321.141
319.775
308.471
307.075
306.758
306.629
306.573
306.594
306.811
308.1
319.314
320.699
321.015
321.166
321.287
321.399
321.503
321.596
321.678
321.77
321.933
322.233
322.657
322.763
321.608
321.537
321.33
320.285
311.56
310.469
310.227
310.134
310.096
310.113
310.281
311.287
319.963
321.045
321.293
321.414
321.512
321.603
321.688
321.768
321.843
321.919
322.024
322.207
322.447
322.067
321.69
321.638
321.51
320.88
315.794
315.131
314.986
314.937
314.919
314.931
315.04
315.658
320.737
321.41
321.577
321.663
321.735
321.804
321.87
321.936
322.001
322.066
322.131
322.203
322.217
321.293
321.748
321.718
321.661
321.407
319.605
319.336
319.28
319.269
319.269
319.281
319.337
319.601
321.421
321.719
321.811
321.866
321.916
321.966
322.016
322.068
322.122
322.179
322.227
322.236
322.065
320.708
321.793
321.778
321.77
321.751
321.874
321.852
321.854
321.867
321.88
321.892
321.914
321.956
321.863
321.926
321.97
322.006
322.043
322.081
322.121
322.163
322.207
322.254
322.294
322.286
322.045
320.517
321.838
321.832
321.846
321.913
322.588
322.657
322.685
322.709
322.728
322.741
322.748
322.709
322.069
322.047
322.069
322.096
322.126
322.16
322.196
322.232
322.27
322.308
322.338
322.322
322.087
320.582
321.893
321.89
321.91
321.974
322.452
322.518
322.551
322.578
322.599
322.612
322.617
322.581
322.141
322.123
322.141
322.166
322.194
322.226
322.26
322.295
322.33
322.363
322.386
322.362
322.119
320.625
321.962
321.961
321.979
322.017
322.169
322.206
322.236
322.262
322.283
322.298
322.306
322.299
322.186
322.197
322.217
322.241
322.269
322.299
322.332
322.366
322.399
322.43
322.45
322.428
322.207
320.831
322.046
322.046
322.063
322.085
322.063
322.081
322.106
322.13
322.15
322.168
322.182
322.195
322.258
322.287
322.309
322.332
322.359
322.388
322.42
322.453
322.485
322.514
322.534
322.52
322.344
321.235
322.144
322.145
322.165
322.184
322.135
322.148
322.171
322.192
322.213
322.233
322.251
322.272
322.364
322.398
322.419
322.441
322.466
322.494
322.523
322.555
322.586
322.615
322.637
322.634
322.524
321.802
322.256
322.26
322.282
322.306
322.286
322.299
322.32
322.341
322.362
322.383
322.405
322.427
322.493
322.526
322.545
322.565
322.588
322.613
322.641
322.671
322.701
322.729
322.754
322.765
322.72
322.385
322.381
322.387
322.413
322.441
322.445
322.46
322.481
322.501
322.522
322.544
322.568
322.59
322.635
322.666
322.684
322.702
322.723
322.747
322.773
322.801
322.829
322.858
322.884
322.906
322.91
322.85
322.521
322.529
322.557
322.588
322.599
322.614
322.634
322.655
322.676
322.699
322.724
322.747
322.787
322.819
322.836
322.852
322.871
322.893
322.918
322.944
322.971
322.999
323.027
323.054
323.085
323.156
322.674
322.685
322.715
322.746
322.756
322.771
322.791
322.812
322.834
322.858
322.882
322.907
322.95
322.983
323.001
323.016
323.034
323.054
323.077
323.101
323.127
323.154
323.182
323.212
323.251
323.349
322.842
322.854
322.885
322.916
322.925
322.939
322.96
322.982
323.005
323.029
323.054
323.079
323.125
323.159
323.179
323.194
323.21
323.229
323.25
323.274
323.298
323.324
323.352
323.382
323.421
323.501
323.022
323.036
323.067
323.098
323.107
323.122
323.144
323.167
323.191
323.215
323.24
323.266
323.311
323.346
323.368
323.384
323.4
323.418
323.438
323.459
323.483
323.509
323.536
323.565
323.601
323.661
323.213
323.227
323.258
323.288
323.3
323.316
323.339
323.364
323.388
323.413
323.438
323.464
323.507
323.542
323.566
323.584
323.601
323.618
323.636
323.657
323.68
323.705
323.731
323.76
323.793
323.844
323.41
323.425
323.454
323.484
323.499
323.518
323.542
323.568
323.593
323.618
323.643
323.669
323.709
323.743
323.768
323.789
323.807
323.825
323.843
323.863
323.885
323.909
323.935
323.963
323.995
324.044
323.61
323.624
323.653
323.682
323.7
323.722
323.747
323.774
323.8
323.826
323.851
323.878
323.914
323.947
323.973
323.996
324.016
324.034
324.053
324.073
324.095
324.118
324.144
324.17
324.201
324.251
323.809
323.823
323.852
323.881
323.903
323.927
323.954
323.981
324.008
324.034
324.06
324.087
324.12
324.151
324.178
324.202
324.224
324.245
324.264
324.285
324.307
324.33
324.355
324.381
324.411
324.46
324.017
324.033
324.062
324.092
324.117
324.144
324.172
324.2
324.227
324.254
324.281
324.308
324.338
324.368
324.395
324.421
324.444
324.467
324.488
324.509
324.532
324.555
324.579
324.605
324.633
324.678
)
;
        Tnbr            T;
        qrNbr           none;
        qr              none;
        thermalInertia  false;
        thicknessLayers List<scalar> 0();
        kappaLayers     List<scalar> 0();
        kappaMethod     solidThermo;
        kappa           none;
        alphaAni        none;
        alpha           none;
    }
}


// ************************************************************************* //
