/*--------------------------------*- C++ -*----------------------------------*\
| =========                 |                                                 |
| \\      /  F ield         | OpenFOAM: The Open Source CFD Toolbox           |
|  \\    /   O peration     | Version:  v2012                                 |
|   \\  /    A nd           | Website:  www.openfoam.com                      |
|    \\/     M anipulation  |                                                 |
\*---------------------------------------------------------------------------*/
FoamFile
{
    version     2.0;
    format      ascii;
    class       volScalarField;
    location    "150/concrete";
    object      T;
}
// * * * * * * * * * * * * * * * * * * * * * * * * * * * * * * * * * * * * * //

dimensions      [0 0 0 1 0 0 0];


internalField   nonuniform List<scalar> 
1924
(
320.859
321.246
321.707
321.967
322.344
321.596
309.121
308.006
307.93
308.756
320.006
320.449
319.927
319.55
319.039
318.72
318.6
318.591
318.617
318.641
318.638
318.595
318.519
318.431
318.36
318.325
320.947
321.366
321.883
322.139
322.753
322.244
310.17
309.078
309.002
309.897
321.807
322.22
321.404
320.856
320.11
319.623
319.392
319.297
319.244
319.197
319.136
319.043
318.918
318.781
318.662
318.588
320.935
321.274
321.742
322.025
323.088
322.703
310.37
309.181
309.138
310.238
322.825
323.259
321.919
321.223
320.32
319.734
319.497
319.432
319.414
319.395
319.353
319.274
319.157
319.021
318.895
318.812
320.704
320.88
321.201
321.463
322.432
321.917
311.31
310.22
310.211
311.405
323.517
324.594
322.816
321.693
320.277
319.383
319.054
319.052
319.121
319.188
319.223
319.212
319.157
319.073
318.987
318.933
320.176
320.272
320.461
319.602
302.322
299.94
298.412
298.037
298.039
298.444
300.13
302.55
320.272
320.679
319.739
319.068
318.784
318.728
318.754
318.82
318.901
318.97
318.988
318.966
318.929
318.91
319.565
319.846
320.32
319.411
299.829
297.06
296.408
296.249
296.248
296.406
297.056
299.767
319.591
320.4
319.615
319.016
318.748
318.665
318.66
318.693
318.747
318.802
318.864
318.9
318.901
318.9
319.052
319.581
320.309
319.55
299.441
296.57
296.021
295.91
295.907
296.01
296.528
299.297
319.39
320.242
319.509
318.937
318.68
318.607
318.6
318.628
318.681
318.749
318.833
318.892
318.912
318.927
318.742
319.393
320.256
319.653
299.383
296.48
295.944
295.841
295.838
295.93
296.428
299.207
319.327
320.17
319.475
318.951
318.741
318.686
318.678
318.698
318.748
318.819
318.911
318.977
319.01
319.048
318.457
319.113
319.984
319.483
299.342
296.456
295.926
295.825
295.822
295.911
296.406
299.189
319.345
320.186
319.56
319.138
318.98
318.935
318.917
318.92
318.952
319.01
319.092
319.155
319.205
319.28
318.321
318.821
319.531
319.047
299.27
296.443
295.922
295.82
295.815
295.902
296.395
299.181
319.407
320.321
319.851
319.579
319.44
319.365
319.307
319.273
319.27
319.304
319.354
319.416
319.502
319.629
318.56
318.686
318.998
318.428
299.222
296.492
295.977
295.861
295.845
295.927
296.415
299.186
319.407
320.525
320.296
320.072
319.94
319.85
319.748
319.671
319.633
319.627
319.657
319.747
319.896
320.083
319.073
318.862
318.618
317.698
299.628
297.106
296.572
296.38
296.298
296.343
296.807
299.461
319.201
320.578
320.374
320.182
320.066
320.007
319.966
319.92
319.884
319.877
319.943
320.112
320.366
320.618
319.602
319.319
318.766
317.377
304.812
303.131
302.447
301.875
301.389
300.934
301.096
302.994
318.19
319.602
319.765
319.783
319.807
319.852
319.903
319.942
319.968
320.02
320.171
320.469
320.874
321.2
319.914
319.709
319.217
317.755
305.375
303.92
303.439
303.144
302.94
302.867
303.087
304.467
317.529
318.95
319.286
319.46
319.61
319.752
319.878
319.974
320.046
320.144
320.374
320.805
321.378
321.784
320.082
319.952
319.568
318.123
305.337
303.961
303.589
303.39
303.264
303.225
303.401
304.666
317.717
319.113
319.439
319.603
319.74
319.873
319.994
320.091
320.167
320.276
320.539
321.055
321.76
322.205
320.196
320.109
319.819
318.452
305.349
303.996
303.679
303.524
303.437
303.425
303.599
304.83
317.921
319.277
319.577
319.729
319.859
319.984
320.098
320.193
320.267
320.368
320.62
321.142
321.899
322.383
320.301
320.229
320
318.789
306.596
305.344
305.069
304.945
304.881
304.881
305.041
306.169
318.297
319.533
319.798
319.933
320.05
320.16
320.259
320.342
320.408
320.486
320.679
321.11
321.784
322.029
320.398
320.338
320.169
319.241
309.819
308.837
308.627
308.539
308.496
308.496
308.619
309.502
318.889
319.858
320.066
320.173
320.268
320.357
320.438
320.51
320.569
320.627
320.744
321.023
321.498
321.354
320.471
320.428
320.324
319.763
314.27
313.671
313.547
313.501
313.48
313.481
313.559
314.102
319.596
320.201
320.341
320.416
320.484
320.549
320.611
320.669
320.723
320.771
320.829
320.946
321.133
320.506
320.516
320.491
320.446
320.218
318.269
318.023
317.977
317.968
317.967
317.971
318.012
318.245
320.213
320.484
320.561
320.609
320.654
320.699
320.743
320.787
320.833
320.878
320.914
320.924
320.829
319.719
320.543
320.531
320.525
320.505
320.634
320.61
320.614
320.629
320.64
320.649
320.665
320.703
320.601
320.663
320.7
320.731
320.762
320.795
320.828
320.862
320.898
320.937
320.97
320.96
320.746
319.368
320.564
320.559
320.572
320.63
321.358
321.418
321.445
321.47
321.488
321.498
321.503
321.469
320.769
320.755
320.774
320.797
320.822
320.85
320.879
320.907
320.936
320.965
320.989
320.98
320.796
319.464
320.59
320.588
320.606
320.664
321.185
321.244
321.276
321.303
321.322
321.333
321.336
321.303
320.814
320.801
320.817
320.837
320.861
320.887
320.914
320.941
320.968
320.992
321.01
320.99
320.792
319.46
320.627
320.626
320.643
320.679
320.849
320.884
320.913
320.939
320.957
320.97
320.976
320.966
320.831
320.842
320.86
320.879
320.902
320.926
320.953
320.979
321.004
321.026
321.041
321.023
320.842
319.614
320.675
320.675
320.692
320.714
320.691
320.709
320.734
320.756
320.775
320.789
320.8
320.808
320.869
320.897
320.915
320.933
320.955
320.978
321.003
321.028
321.052
321.073
321.087
321.073
320.926
319.934
320.735
320.737
320.755
320.776
320.718
320.73
320.752
320.772
320.79
320.807
320.822
320.838
320.937
320.969
320.986
321.003
321.022
321.043
321.066
321.09
321.114
321.134
321.148
321.142
321.047
320.395
320.808
320.812
320.834
320.858
320.828
320.84
320.861
320.88
320.898
320.916
320.934
320.952
321.025
321.056
321.071
321.086
321.104
321.123
321.144
321.166
321.188
321.208
321.223
321.226
321.182
320.871
320.896
320.903
320.927
320.956
320.952
320.965
320.985
321.003
321.021
321.041
321.061
321.08
321.129
321.159
321.172
321.184
321.2
321.218
321.237
321.257
321.278
321.297
321.313
321.323
321.318
321.249
321.002
321.011
321.038
321.069
321.075
321.087
321.106
321.124
321.143
321.164
321.185
321.205
321.246
321.276
321.289
321.3
321.313
321.329
321.347
321.366
321.385
321.403
321.419
321.434
321.449
321.497
321.128
321.139
321.168
321.199
321.204
321.216
321.234
321.254
321.273
321.294
321.316
321.337
321.38
321.411
321.425
321.435
321.447
321.461
321.477
321.494
321.512
321.528
321.544
321.561
321.582
321.655
321.275
321.289
321.318
321.349
321.352
321.363
321.382
321.403
321.423
321.444
321.466
321.488
321.534
321.566
321.581
321.591
321.602
321.615
321.629
321.645
321.661
321.677
321.692
321.708
321.729
321.787
321.446
321.461
321.49
321.519
321.524
321.535
321.555
321.576
321.598
321.619
321.641
321.664
321.709
321.742
321.759
321.77
321.781
321.793
321.806
321.82
321.835
321.849
321.864
321.879
321.898
321.938
321.64
321.656
321.685
321.713
321.719
321.732
321.753
321.775
321.798
321.82
321.842
321.865
321.907
321.94
321.96
321.973
321.984
321.995
322.007
322.02
322.034
322.047
322.061
322.076
322.093
322.124
321.858
321.874
321.902
321.929
321.939
321.954
321.976
322
322.023
322.046
322.068
322.091
322.13
322.162
322.183
322.199
322.212
322.223
322.234
322.246
322.259
322.272
322.285
322.298
322.314
322.343
322.102
322.116
322.143
322.17
322.184
322.202
322.225
322.249
322.273
322.296
322.32
322.343
322.378
322.408
322.43
322.449
322.464
322.476
322.488
322.499
322.511
322.523
322.535
322.548
322.562
322.591
322.372
322.386
322.413
322.439
322.457
322.478
322.502
322.527
322.552
322.576
322.6
322.623
322.654
322.683
322.706
322.726
322.743
322.758
322.77
322.782
322.793
322.805
322.817
322.828
322.841
322.87
322.685
322.701
322.727
322.754
322.776
322.8
322.825
322.85
322.876
322.9
322.925
322.949
322.977
323.004
323.028
323.049
323.068
323.085
323.098
323.111
323.123
323.134
323.145
323.156
323.167
323.192
322.568
323.002
323.515
323.789
324.272
323.884
309.389
308.596
308.53
309.061
322.184
322.27
321.635
321.236
320.677
320.341
320.225
320.228
320.268
320.303
320.31
320.272
320.195
320.101
320.019
319.969
322.662
323.132
323.707
323.961
324.71
324.592
310.609
309.844
309.77
310.34
324.182
324.226
323.277
322.713
321.901
321.392
321.16
321.068
321.013
320.962
320.896
320.797
320.662
320.512
320.376
320.281
322.636
323.017
323.531
323.809
325.121
325.135
310.744
309.845
309.804
310.6
325.277
325.331
323.76
323.064
322.095
321.477
321.239
321.181
321.167
321.15
321.109
321.028
320.906
320.761
320.625
320.525
322.369
322.567
322.917
323.274
325.051
324.93
312.395
311.51
311.495
312.459
326.766
327.56
324.946
323.675
322.047
321.049
320.655
320.686
320.774
320.863
320.915
320.917
320.868
320.786
320.699
320.636
321.765
321.88
322.139
321.736
301.14
299.023
297.666
297.345
297.347
297.694
299.193
301.351
322.632
322.551
321.447
320.712
320.403
320.336
320.35
320.408
320.493
320.58
320.619
320.607
320.577
320.558
321.072
321.403
322.024
321.723
298.912
296.456
295.897
295.762
295.761
295.895
296.452
298.863
322.085
322.315
321.35
320.685
320.394
320.297
320.279
320.302
320.351
320.406
320.474
320.524
320.536
320.534
320.504
321.111
322.022
321.933
298.582
296.035
295.566
295.472
295.47
295.557
295.999
298.46
321.914
322.156
321.24
320.599
320.314
320.229
320.21
320.228
320.276
320.342
320.43
320.503
320.531
320.546
320.185
320.914
321.969
322.062
298.533
295.959
295.501
295.414
295.411
295.489
295.915
298.384
321.858
322.083
321.207
320.613
320.377
320.308
320.287
320.296
320.338
320.406
320.505
320.581
320.621
320.658
319.892
320.616
321.675
321.879
298.498
295.939
295.486
295.4
295.397
295.473
295.896
298.369
321.885
322.105
321.305
320.826
320.646
320.584
320.548
320.535
320.557
320.609
320.696
320.765
320.819
320.894
319.762
320.31
321.188
321.402
298.435
295.928
295.482
295.396
295.391
295.465
295.887
298.363
321.967
322.268
321.643
321.337
321.175
321.077
320.994
320.937
320.916
320.941
320.988
321.05
321.138
321.267
320.055
320.181
320.611
320.719
298.391
295.97
295.529
295.431
295.417
295.487
295.905
298.367
321.977
322.515
322.166
321.895
321.739
321.631
321.502
321.398
321.34
321.318
321.337
321.424
321.577
321.765
320.652
320.407
320.202
319.869
298.763
296.526
296.068
295.904
295.832
295.866
296.261
298.621
321.753
322.592
322.231
321.99
321.853
321.783
321.734
321.676
321.626
321.605
321.663
321.836
322.103
322.355
321.257
320.946
320.397
319.343
305.066
303.73
303.099
302.522
302.02
301.466
301.405
302.946
320.423
321.416
321.501
321.506
321.531
321.582
321.639
321.681
321.706
321.754
321.908
322.224
322.659
322.985
321.601
321.387
320.924
319.774
305.553
304.435
304.013
303.731
303.523
303.419
303.56
304.576
319.586
320.667
320.953
321.133
321.3
321.461
321.601
321.707
321.783
321.882
322.121
322.582
323.199
323.6
321.779
321.654
321.319
320.198
305.462
304.43
304.119
303.927
303.795
303.737
303.841
304.744
319.798
320.858
321.13
321.294
321.443
321.59
321.724
321.831
321.91
322.018
322.292
322.841
323.602
324.035
321.896
321.821
321.592
320.564
305.41
304.401
304.143
303.993
303.902
303.876
303.983
304.86
320.003
321.023
321.266
321.418
321.56
321.698
321.825
321.93
322.009
322.109
322.368
322.921
323.739
324.2
322.003
321.945
321.776
320.883
306.749
305.809
305.589
305.469
305.401
305.389
305.489
306.295
320.359
321.288
321.501
321.636
321.763
321.884
321.995
322.088
322.159
322.238
322.433
322.885
323.624
323.895
322.103
322.056
321.935
321.258
310.352
309.612
309.446
309.363
309.317
309.308
309.383
310.015
320.888
321.618
321.786
321.893
321.996
322.095
322.186
322.267
322.333
322.394
322.511
322.801
323.346
323.353
322.177
322.146
322.075
321.67
315.367
314.919
314.824
314.784
314.762
314.757
314.805
315.195
321.504
321.964
322.078
322.154
322.229
322.303
322.372
322.439
322.5
322.553
322.613
322.736
322.988
322.619
322.223
322.208
322.18
322.02
319.858
319.68
319.65
319.646
319.647
319.65
319.677
319.846
322.033
322.244
322.311
322.361
322.411
322.463
322.513
322.564
322.618
322.67
322.712
322.732
322.691
321.884
322.249
322.247
322.247
322.24
322.475
322.464
322.476
322.495
322.51
322.52
322.534
322.565
322.362
322.419
322.457
322.49
322.527
322.565
322.604
322.644
322.687
322.733
322.775
322.783
322.63
321.588
322.272
322.276
322.29
322.339
323.229
323.28
323.31
323.339
323.361
323.374
323.382
323.362
322.507
322.508
322.533
322.56
322.59
322.623
322.658
322.692
322.727
322.762
322.794
322.806
322.698
321.735
322.302
322.308
322.326
322.375
322.986
323.036
323.071
323.101
323.124
323.138
323.145
323.126
322.552
322.557
322.578
322.603
322.632
322.664
322.697
322.73
322.762
322.792
322.818
322.817
322.69
321.721
322.344
322.351
322.37
322.404
322.59
322.622
322.654
322.682
322.705
322.72
322.73
322.728
322.582
322.604
322.626
322.651
322.678
322.709
322.741
322.773
322.804
322.832
322.854
322.853
322.74
321.848
322.4
322.409
322.429
322.453
322.415
322.434
322.463
322.489
322.51
322.528
322.542
322.553
322.635
322.669
322.691
322.714
322.74
322.769
322.8
322.831
322.861
322.888
322.908
322.909
322.818
322.099
322.471
322.481
322.504
322.529
322.456
322.472
322.497
322.521
322.542
322.562
322.581
322.598
322.717
322.754
322.774
322.795
322.82
322.847
322.876
322.905
322.934
322.96
322.98
322.986
322.93
322.462
322.557
322.57
322.596
322.625
322.59
322.605
322.629
322.651
322.672
322.694
322.717
322.736
322.821
322.857
322.875
322.894
322.916
322.941
322.968
322.995
323.023
323.048
323.069
323.081
323.06
322.843
322.661
322.677
322.706
322.74
322.736
322.751
322.774
322.795
322.817
322.84
322.865
322.886
322.942
322.976
322.993
323.01
323.03
323.053
323.078
323.103
323.129
323.153
323.175
323.192
323.198
323.158
322.786
322.805
322.836
322.872
322.879
322.893
322.915
322.936
322.958
322.983
323.008
323.031
323.079
323.114
323.13
323.145
323.163
323.184
323.207
323.231
323.255
323.278
323.3
323.32
323.34
323.385
322.932
322.954
322.988
323.024
323.03
323.043
323.064
323.086
323.109
323.134
323.16
323.184
323.235
323.271
323.289
323.302
323.318
323.337
323.359
323.381
323.403
323.426
323.447
323.469
323.493
323.555
323.103
323.127
323.161
323.196
323.201
323.213
323.235
323.258
323.282
323.307
323.333
323.358
323.412
323.45
323.469
323.483
323.498
323.515
323.534
323.555
323.576
323.597
323.618
323.64
323.664
323.714
323.297
323.323
323.358
323.392
323.396
323.41
323.432
323.457
323.482
323.507
323.533
323.559
323.612
323.651
323.672
323.688
323.703
323.718
323.736
323.755
323.775
323.795
323.816
323.837
323.859
323.895
323.517
323.543
323.577
323.609
323.617
323.632
323.656
323.682
323.708
323.733
323.76
323.786
323.836
323.875
323.898
323.916
323.932
323.947
323.963
323.981
324
324.019
324.039
324.059
324.08
324.11
323.759
323.785
323.818
323.849
323.861
323.879
323.904
323.931
323.958
323.984
324.011
324.037
324.083
324.121
324.147
324.167
324.184
324.2
324.216
324.233
324.251
324.269
324.288
324.307
324.327
324.355
324.024
324.05
324.082
324.112
324.128
324.149
324.176
324.203
324.231
324.258
324.286
324.312
324.354
324.39
324.417
324.44
324.459
324.476
324.493
324.509
324.527
324.545
324.563
324.581
324.599
324.627
324.314
324.339
324.37
324.4
324.421
324.444
324.472
324.501
324.529
324.557
324.585
324.613
324.65
324.684
324.712
324.737
324.759
324.778
324.796
324.813
324.83
324.848
324.865
324.882
324.899
324.926
324.638
324.664
324.694
324.725
324.75
324.777
324.806
324.835
324.864
324.893
324.922
324.95
324.984
325.016
325.045
325.071
325.096
325.117
325.136
325.154
325.172
325.19
325.207
325.222
325.238
325.262
)
;

boundaryField
{
    concrete_to_air
    {
        type            compressible::turbulentTemperatureRadCoupledMixed;
        refValue        nonuniform List<scalar> 
898
(
312.359
312.398
312.428
312.446
312.478
312.515
312.318
312.088
311.84
311.616
311.611
311.613
311.617
311.621
311.612
311.592
311.566
311.533
311.495
311.449
311.397
311.34
311.281
311.222
311.167
311.118
312.364
312.371
312.355
312.324
312.345
312.389
312.242
312.108
311.984
311.874
311.968
312.047
312.101
312.139
312.153
312.143
312.102
312.035
311.951
311.859
311.764
311.669
311.576
311.487
311.404
311.33
312.304
312.255
312.183
312.121
312.167
312.242
312.083
311.934
311.804
311.697
311.854
312.004
312.128
312.205
312.221
312.219
312.217
312.184
312.126
312.05
311.965
311.875
311.785
311.697
311.615
311.54
312.138
312.044
311.949
311.921
312.051
312.224
312.029
311.848
311.705
311.627
312.184
312.729
312.499
312.243
311.859
311.677
311.663
311.804
311.882
311.913
311.897
311.857
311.806
311.752
311.696
311.642
311.877
311.797
311.75
311.816
311.752
311.515
311.352
311.276
311.253
311.261
311.282
311.305
311.323
311.324
311.314
311.305
311.299
311.295
311.603
311.587
311.632
311.816
311.541
311.288
311.127
311.036
310.985
310.955
310.942
310.939
310.939
310.937
310.939
310.955
310.968
310.98
311.354
311.408
311.536
311.841
311.444
311.178
311.013
310.903
310.836
310.8
310.781
310.773
310.771
310.771
310.778
310.798
310.814
310.828
311.124
311.222
311.409
311.808
311.402
311.147
310.988
310.873
310.807
310.769
310.747
310.735
310.73
310.728
310.737
310.757
310.773
310.789
310.875
310.992
311.198
311.639
311.439
311.207
311.066
310.966
310.896
310.848
310.815
310.793
310.78
310.772
310.779
310.796
310.811
310.827
310.804
310.917
311.103
311.485
311.559
311.4
311.294
311.211
311.119
311.046
310.99
310.949
310.919
310.903
310.905
310.913
310.925
310.941
310.92
310.971
311.076
311.349
311.711
311.611
311.502
311.365
311.292
311.244
311.189
311.144
311.113
311.101
311.096
311.099
311.109
311.125
311.128
311.12
311.131
311.279
311.876
311.741
311.389
311.245
311.208
311.216
311.233
311.242
311.251
311.259
311.27
311.287
311.31
311.337
311.328
311.303
311.263
311.291
311.055
310.763
310.441
310.089
309.702
309.256
308.93
309.038
310.389
310.623
310.765
310.878
310.978
311.069
311.151
311.222
311.282
311.334
311.382
311.43
311.482
311.533
311.493
311.487
311.449
311.414
311.196
310.986
310.785
310.596
310.419
310.259
310.129
310.031
310.253
310.453
310.63
310.787
310.928
311.054
311.168
311.269
311.359
311.44
311.516
311.591
311.668
311.739
311.648
311.661
311.645
311.606
311.389
311.191
311.009
310.843
310.69
310.55
310.426
310.327
310.488
310.646
310.794
310.934
311.066
311.191
311.308
311.418
311.52
311.615
311.706
311.797
311.886
311.95
311.83
311.847
311.847
311.826
311.611
311.413
311.234
311.071
310.922
310.788
310.667
310.567
310.703
310.842
310.978
311.112
311.242
311.369
311.491
311.608
311.719
311.823
311.923
312.021
312.104
312.116
312.033
312.048
312.055
312.049
311.855
311.673
311.506
311.354
311.216
311.092
310.981
310.89
311.011
311.139
311.269
311.397
311.524
311.648
311.768
311.883
311.99
312.091
312.186
312.267
312.312
312.202
312.21
312.227
312.242
312.247
312.104
311.965
311.837
311.721
311.616
311.524
311.445
311.384
311.486
311.595
311.707
311.818
311.929
312.036
312.139
312.237
312.328
312.412
312.489
312.546
312.556
312.386
312.318
312.344
312.368
312.387
312.316
312.244
312.177
312.118
312.067
312.025
311.993
311.976
312.053
312.136
312.219
312.303
312.384
312.463
312.539
312.609
312.675
312.734
312.786
312.817
312.796
312.583
312.358
312.392
312.424
312.455
312.451
312.445
312.439
312.436
312.438
312.444
312.457
312.478
312.531
312.586
312.641
312.696
312.749
312.8
312.848
312.892
312.934
312.971
313.004
313.018
312.981
312.753
312.358
312.396
312.434
312.471
312.508
312.543
312.577
312.611
312.645
312.682
312.72
312.761
312.799
312.836
312.872
312.908
312.943
312.976
313.007
313.036
313.063
313.088
313.11
313.129
313.125
313.052
312.348
312.388
312.427
312.467
312.516
312.565
312.612
312.659
312.705
312.751
312.797
312.842
312.873
312.903
312.933
312.962
312.989
313.016
313.041
313.064
313.086
313.107
313.126
313.142
313.151
313.131
312.344
312.383
312.422
312.461
312.508
312.555
312.6
312.645
312.69
312.733
312.776
312.817
312.848
312.879
312.909
312.937
312.965
312.991
313.016
313.04
313.062
313.083
313.102
313.119
313.133
313.131
312.346
312.385
312.423
312.462
312.502
312.543
312.583
312.623
312.662
312.701
312.738
312.775
312.808
312.841
312.872
312.903
312.932
312.96
312.987
313.012
313.036
313.058
313.078
313.097
313.112
313.116
312.352
312.391
312.429
312.467
312.504
312.541
312.577
312.614
312.65
312.685
312.72
312.755
312.789
312.823
312.855
312.887
312.918
312.947
312.974
313.001
313.025
313.048
313.07
313.089
313.105
313.112
312.361
312.399
312.437
312.475
312.511
312.547
312.583
312.618
312.654
312.688
312.723
312.757
312.791
312.825
312.858
312.89
312.921
312.95
312.978
313.005
313.03
313.053
313.075
313.094
313.112
313.122
312.372
312.41
312.448
312.486
312.523
312.559
312.595
312.631
312.666
312.701
312.736
312.77
312.804
312.838
312.871
312.902
312.933
312.962
312.99
313.017
313.042
313.066
313.087
313.107
313.125
313.139
312.385
312.424
312.462
312.5
312.537
312.574
312.61
312.646
312.682
312.717
312.752
312.787
312.821
312.855
312.887
312.919
312.949
312.979
313.007
313.033
313.059
313.082
313.104
313.124
313.143
313.159
312.402
312.441
312.479
312.517
312.555
312.592
312.629
312.665
312.701
312.736
312.771
312.806
312.84
312.874
312.907
312.938
312.969
312.998
313.026
313.053
313.078
313.102
313.124
313.144
313.163
313.18
312.423
312.462
312.501
312.539
312.577
312.614
312.65
312.687
312.723
312.758
312.794
312.828
312.863
312.897
312.93
312.962
312.993
313.022
313.05
313.077
313.103
313.126
313.149
313.169
313.188
313.205
312.448
312.487
312.526
312.565
312.603
312.64
312.677
312.714
312.75
312.786
312.821
312.856
312.891
312.925
312.958
312.99
313.021
313.051
313.08
313.107
313.132
313.156
313.179
313.199
313.218
313.236
312.477
312.517
312.556
312.595
312.634
312.672
312.709
312.746
312.782
312.818
312.854
312.889
312.924
312.959
312.992
313.025
313.056
313.086
313.115
313.142
313.168
313.192
313.215
313.236
313.255
313.272
312.511
312.552
312.592
312.631
312.67
312.708
312.746
312.783
312.82
312.857
312.893
312.928
312.964
312.998
313.032
313.065
313.097
313.127
313.157
313.184
313.21
313.235
313.258
313.279
313.298
313.315
312.55
312.591
312.632
312.672
312.711
312.75
312.789
312.826
312.864
312.901
312.938
312.974
313.009
313.044
313.079
313.112
313.144
313.175
313.205
313.233
313.259
313.284
313.307
313.329
313.348
313.365
312.594
312.636
312.677
312.718
312.758
312.798
312.837
312.875
312.914
312.951
312.988
313.025
313.061
313.097
313.132
313.166
313.198
313.23
313.26
313.288
313.315
313.34
313.364
313.386
313.405
313.422
312.643
312.686
312.728
312.77
312.811
312.851
312.891
312.931
312.969
313.008
313.046
313.083
313.12
313.156
313.192
313.226
313.259
313.291
313.322
313.351
313.379
313.404
313.428
313.45
313.47
313.488
312.698
312.742
312.786
312.828
312.87
312.912
312.952
312.993
313.033
313.072
313.111
313.149
313.187
313.223
313.26
313.295
313.329
313.361
313.392
313.422
313.45
313.477
313.501
313.524
313.544
313.561
)
;
        refGradient     nonuniform List<scalar> 
898
(
49.3771
51.0575
53.3251
54.8541
58.0428
62.7869
-7.34203
-4.36683
-4.41113
-7.30115
68.7014
65.0661
62.0588
60.6193
57.9314
56.4969
56.153
56.3424
56.6772
57.0315
57.3531
57.596
57.7572
57.8904
58.0542
58.2367
49.6822
51.9621
55.3658
57.8721
62.7864
68.6965
-1.34153
1.82629
1.98432
-1.12558
68.6196
62.755
58.1628
56.3663
53.2153
51.7275
51.7625
52.5606
53.5266
54.4522
55.2532
55.8644
56.282
56.5793
56.8512
57.1238
50.2611
53.0574
57.6673
61.2482
69.4233
75.1124
-1.93014
0.380259
0.783921
-1.15765
74.061
67.1685
58.3861
56.0789
52.6794
51.1876
51.1877
51.8994
52.7621
53.615
54.3815
54.9795
55.3868
55.6648
55.9126
56.1654
51.7102
54.8192
59.9321
64.0657
83.2562
86.7763
14.7263
15.7288
15.9824
14.9289
79.0082
71.4313
52.9079
52.8845
52.6799
53.0388
53.3332
53.8207
54.2354
54.6463
55.0271
55.3247
55.5072
55.6032
55.676
55.7587
53.8366
56.4751
60.4818
65.486
57.2164
54.0935
53.6677
53.5963
54.4807
55.6088
56.3544
56.6652
56.6281
56.545
56.4983
56.4089
56.2954
56.1744
56.688
58.343
60.8463
64.9601
59.2224
55.1651
54.1879
54.0159
54.9062
56.1129
56.9803
57.4413
57.6164
57.6471
57.34
57.0019
56.7397
56.4898
58.0744
58.7792
60.1546
63.5551
59.6362
55.2268
54.1681
54.2162
55.2531
56.4001
57.1687
57.5424
57.6682
57.6391
57.3153
56.9654
56.6719
56.3841
57.9858
58.4999
59.4771
62.479
59.5478
54.7834
53.6508
53.9107
55.0224
56.1273
56.7766
57.0182
57.0414
56.9422
56.6206
56.3346
56.1083
55.9052
57.9108
58.3058
59.3056
62.5347
58.8597
53.4175
52.2506
52.6944
53.9768
55.1232
55.7403
55.9193
55.8814
55.7311
55.4734
55.3408
55.2975
55.3164
57.7083
57.7567
58.9607
63.3265
57.3713
50.6772
49.6144
50.283
51.8983
53.2325
54.0007
54.281
54.3055
54.181
54.144
54.2764
54.5415
54.8803
56.3811
56.439
57.8695
63.7568
55.0003
46.8872
46.2998
47.8683
49.5678
50.8764
51.8738
52.3913
52.5446
52.6317
52.8691
53.3296
54.0107
54.673
54.1069
54.6961
56.375
62.636
52.0097
44.4141
46.0566
47.9791
49.3325
50.2032
50.7759
51.1403
51.3038
51.4476
51.8097
52.5689
53.6785
54.5335
52.2041
53.2498
54.8307
57.3276
-21.8445
-19.5608
-18.2689
-16.7121
-14.8159
-12.4369
-12.7064
-15.568
51.5477
49.9317
50.4685
50.8652
51.0763
51.1602
51.1343
50.9987
50.7946
50.6863
51.0042
51.9775
53.4636
54.3248
50.6012
51.3662
53.0048
56.6071
-20.2764
-18.1084
-17.6444
-17.1888
-16.6621
-16.2671
-16.0452
-17.8829
56.6417
53.6969
52.8894
52.3626
51.9397
51.5737
51.2031
50.7743
50.2959
49.96
50.2135
51.3685
53.233
54.0222
49.8666
50.2045
51.2952
55.0369
-20.3763
-18.0321
-17.6725
-17.445
-17.1076
-16.6941
-16.4786
-18.5288
55.9787
52.8523
52.0441
51.6072
51.2742
50.9761
50.6479
50.2279
49.7049
49.2713
49.455
50.6999
52.909
53.771
49.5532
49.6832
50.3928
53.8466
-20.7233
-18.2372
-17.9068
-17.822
-17.6096
-17.2762
-17.1883
-19.4269
55.6612
52.5644
51.771
51.3796
51.0827
50.7948
50.4655
50.0454
49.5034
48.9773
48.9667
50.0334
52.33
53.3423
49.4123
49.4513
49.9299
52.8809
-15.2881
-12.8751
-12.4993
-12.4192
-12.2548
-12.0027
-12.0184
-14.1986
54.7208
51.8902
51.18
50.853
50.6056
50.3482
50.0488
49.6816
49.2094
48.6857
48.4704
49.1732
51.3293
53.5865
49.3689
49.3713
49.684
51.8797
0.284341
2.28501
2.69533
2.83715
2.97921
3.12241
3.01355
1.1885
53.2143
51.0006
50.4189
50.1386
49.9198
49.6864
49.4196
49.1166
48.7525
48.3134
47.9653
48.2253
49.998
53.7578
49.4148
49.3959
49.5581
50.8491
22.0884
23.3677
23.6949
23.8369
23.9241
23.9522
23.7926
22.566
51.4059
50.0206
49.5911
49.3479
49.1465
48.9363
48.7063
48.4656
48.2113
47.9094
47.5632
47.4619
48.5708
53.0946
49.5291
49.4929
49.5284
50.0216
41.1592
41.679
41.8442
41.9157
41.9213
41.8548
41.6832
41.0714
49.83
49.2146
48.9375
48.7401
48.5647
48.3858
48.196
48.0039
47.8223
47.6415
47.4148
47.1948
47.5506
51.5308
49.6777
49.6271
49.578
49.577
51.6432
51.646
51.672
51.669
51.6103
51.4887
51.3233
51.1223
48.8904
48.7598
48.5884
48.4289
48.2786
48.1294
47.9755
47.819
47.6702
47.5425
47.4406
47.3743
47.5348
50.3896
49.8396
49.7781
49.6871
49.5022
54.0192
53.8207
53.7781
53.7349
53.6474
53.5078
53.3509
53.2983
48.5954
48.6431
48.5214
48.3862
48.2562
48.1308
48.0058
47.8772
47.7469
47.6232
47.5279
47.5436
48.0256
51.3391
50.0201
49.9517
49.8479
49.6666
52.3896
52.1931
52.1363
52.0816
51.9912
51.8578
51.7096
51.6423
48.7206
48.758
48.6447
48.5189
48.3986
48.2855
48.1767
48.0665
47.954
47.8477
47.7673
47.7747
48.1773
51.3432
50.2377
50.1657
50.0629
49.941
50.4751
50.3379
50.2833
50.2229
50.1352
50.0155
49.8772
49.7535
49.0101
48.9824
48.8605
48.736
48.6197
48.5122
48.4127
48.3151
48.2153
48.119
48.0479
48.0665
48.4628
51.4215
50.5089
50.4357
50.3382
50.2621
49.7622
49.6626
49.6038
49.5321
49.4427
49.3352
49.2088
49.0514
49.337
49.262
49.1292
49.003
48.8882
48.7828
48.687
48.5973
48.509
48.4242
48.3594
48.3683
48.6864
51.0843
50.843
50.7705
50.6793
50.6229
50.0405
49.9442
49.8717
49.7835
49.6874
49.5866
49.4716
49.3103
49.6795
49.5876
49.4464
49.3166
49.202
49.0973
49.0025
48.9165
48.836
48.7611
48.7029
48.7002
48.9142
50.5023
51.2455
51.1757
51.0911
51.0396
50.6762
50.5641
50.4745
50.3708
50.2665
50.1674
50.0611
49.9111
50.0662
49.9756
49.8285
49.6932
49.5765
49.4714
49.3762
49.2911
49.2154
49.1487
49.0971
49.0831
49.1913
49.9664
51.7206
51.6555
51.5773
51.5254
51.3131
51.1814
51.0767
50.9618
50.8506
50.7495
50.6477
50.5104
50.5196
50.4364
50.2857
50.1436
50.0221
49.9149
49.8186
49.7332
49.6595
49.598
49.5515
49.5296
49.5595
49.7559
52.2711
52.2119
52.1385
52.0841
51.9038
51.756
51.6406
51.5195
51.4032
51.298
51.1967
51.0679
51.0478
50.9727
50.8217
50.6735
50.5453
50.4338
50.3353
50.2488
50.1752
50.116
50.0731
50.0482
50.0379
49.9601
52.897
52.8435
52.7719
52.7119
52.5123
52.3531
52.2312
52.1075
51.9879
51.8776
51.7736
51.6486
51.6471
51.5788
51.4313
51.2797
51.1445
51.0266
50.9243
50.8356
50.761
50.7022
50.6613
50.637
50.6157
50.4842
53.5939
53.5443
53.4704
53.4013
53.1838
53.0181
52.8927
52.7686
52.6467
52.5314
52.4228
52.2983
52.3101
52.2465
52.1058
51.9547
51.8141
51.6891
51.5812
51.4892
51.4129
51.3539
51.3142
51.2916
51.273
51.1795
54.3525
54.3033
54.2232
54.1421
53.9227
53.7547
53.6276
53.5036
53.3801
53.2605
53.1467
53.021
53.0272
52.9645
52.8322
52.6854
52.5426
52.4113
52.297
52.2009
52.1227
52.0632
52.0236
52.0016
51.9869
51.9356
55.1579
55.1055
55.0159
54.9214
54.7111
54.5446
54.4166
54.2925
54.1677
54.0447
53.9262
53.7985
53.7857
53.7196
53.5952
53.4554
53.314
53.1792
53.0593
52.9588
52.8786
52.8182
52.7777
52.7543
52.7398
52.7065
55.9925
55.933
55.8322
55.7244
55.5278
55.3655
55.2366
55.1116
54.9854
54.8598
54.7374
54.6079
54.5706
54.4966
54.3781
54.246
54.1091
53.9742
53.8512
53.7473
53.665
53.6035
53.561
53.5341
53.5161
53.4819
56.8392
56.7697
56.657
56.5373
56.3552
56.1983
56.0681
55.9413
55.8134
55.6857
55.5601
55.4293
55.3669
55.2817
55.1659
55.0404
54.9096
54.7782
54.6553
54.5499
54.4659
54.4029
54.3576
54.3262
54.3028
54.2609
57.6841
57.6019
57.478
57.3482
57.1793
57.0278
56.8954
56.7659
56.6359
56.5061
56.378
56.2461
56.1605
56.0624
55.946
55.8247
55.7001
55.5743
55.4548
55.3501
55.2653
55.2003
55.1516
55.1155
55.0866
55.0378
58.4985
58.3981
58.2634
58.1252
57.9668
57.8192
57.6838
57.5507
57.4179
57.2858
57.155
57.0221
56.9165
56.8054
56.686
56.5661
56.4462
56.3269
56.213
56.1114
56.0269
55.9604
55.909
55.8693
55.8371
55.789
)
;
        valueFraction   nonuniform List<scalar> 
898
(
0.124793
0.124841
0.125721
0.127957
0.129651
0.130711
0.136919
0.141661
0.150067
0.159057
0.161704
0.167013
0.170092
0.171471
0.172141
0.172381
0.17213
0.17159
0.170891
0.170315
0.170054
0.170265
0.170978
0.172085
0.173394
0.174706
0.124932
0.126092
0.129293
0.134803
0.137664
0.138735
0.143728
0.143646
0.143448
0.143128
0.138156
0.138211
0.13871
0.139314
0.140312
0.141732
0.144178
0.147205
0.150326
0.153211
0.155789
0.15817
0.160495
0.162822
0.165111
0.167264
0.127209
0.130726
0.137879
0.145862
0.147965
0.147382
0.151105
0.149632
0.148176
0.14671
0.140325
0.139153
0.137544
0.136873
0.138147
0.140846
0.143517
0.146044
0.148393
0.150615
0.152722
0.154758
0.156768
0.158769
0.160736
0.16263
0.134684
0.141179
0.151535
0.156634
0.158413
0.154899
0.15292
0.144893
0.136034
0.12692
0.113526
0.104233
0.104332
0.115774
0.134518
0.148873
0.158435
0.159578
0.160247
0.159844
0.15941
0.159318
0.159569
0.160091
0.160777
0.16154
0.14891
0.154724
0.161337
0.158833
0.114747
0.127517
0.141749
0.151632
0.15929
0.16451
0.167484
0.168216
0.167102
0.165059
0.163173
0.162393
0.161983
0.161786
0.167323
0.166199
0.161061
0.14883
0.117917
0.129071
0.140883
0.149377
0.156263
0.161721
0.165164
0.166719
0.166797
0.166026
0.163851
0.161606
0.160303
0.159633
0.178811
0.170075
0.157265
0.138953
0.118463
0.129632
0.140837
0.149762
0.157075
0.162057
0.165046
0.166278
0.166172
0.165193
0.162743
0.160296
0.158796
0.157855
0.180037
0.169491
0.154148
0.132147
0.117878
0.128532
0.139061
0.148095
0.154912
0.159549
0.16224
0.163207
0.162869
0.161659
0.159045
0.156896
0.15558
0.154663
0.180706
0.170429
0.15538
0.132854
0.115092
0.124073
0.133472
0.141339
0.147829
0.152485
0.155294
0.156388
0.156201
0.15506
0.152929
0.151506
0.150691
0.150048
0.18049
0.172376
0.160239
0.140786
0.109425
0.114026
0.121219
0.127109
0.134334
0.14007
0.143974
0.145987
0.146644
0.146015
0.145388
0.14509
0.144894
0.144674
0.170625
0.170031
0.165419
0.151423
0.10182
0.0990334
0.103624
0.112014
0.119722
0.125633
0.130869
0.134315
0.135919
0.136888
0.137765
0.138382
0.138766
0.139002
0.153583
0.160414
0.167822
0.163456
0.0942275
0.0885785
0.10121
0.110712
0.117323
0.121638
0.124774
0.127291
0.129051
0.130368
0.131345
0.132048
0.132539
0.132953
0.138855
0.147024
0.159042
0.163582
0.171807
0.167276
0.157705
0.144969
0.129811
0.114066
0.103229
0.106354
0.106076
0.116225
0.121894
0.124942
0.12648
0.127093
0.127217
0.127142
0.127032
0.126949
0.126885
0.126832
0.126802
0.126961
0.130119
0.135359
0.144726
0.153616
0.16154
0.160647
0.157892
0.154494
0.151139
0.148439
0.146774
0.14551
0.140019
0.138887
0.137165
0.134941
0.132573
0.130314
0.128302
0.126593
0.125187
0.124051
0.123123
0.122377
0.121832
0.121796
0.126969
0.12937
0.134462
0.141781
0.150875
0.152475
0.152301
0.151124
0.149383
0.147397
0.145353
0.143199
0.136362
0.134554
0.132914
0.131236
0.129509
0.127771
0.126071
0.124462
0.122982
0.121647
0.120441
0.1194
0.118629
0.118813
0.126532
0.127407
0.129562
0.133507
0.141664
0.143805
0.144789
0.144995
0.144634
0.143882
0.142865
0.141536
0.135288
0.133889
0.132559
0.131121
0.129571
0.127941
0.126275
0.124618
0.123013
0.121482
0.120018
0.118655
0.117573
0.118332
0.127029
0.12732
0.128178
0.129983
0.136356
0.137978
0.138984
0.139518
0.139639
0.13942
0.138923
0.138072
0.132642
0.131595
0.130592
0.129478
0.128249
0.12692
0.125519
0.124073
0.122609
0.121142
0.119653
0.11819
0.116897
0.119599
0.127645
0.127725
0.128084
0.128912
0.133288
0.134222
0.134856
0.135252
0.135412
0.135349
0.13508
0.134521
0.130444
0.129675
0.128911
0.128029
0.127023
0.125907
0.124698
0.123417
0.122082
0.120705
0.119271
0.117807
0.116422
0.119311
0.128164
0.128148
0.128296
0.128687
0.131119
0.131604
0.131936
0.132141
0.132203
0.132118
0.131881
0.131434
0.128929
0.128271
0.127581
0.126787
0.125889
0.124897
0.123822
0.122678
0.121472
0.120213
0.118896
0.117544
0.116245
0.119001
0.128545
0.128463
0.128485
0.128633
0.129489
0.129695
0.129825
0.129877
0.129836
0.129694
0.129443
0.129057
0.127926
0.127353
0.12672
0.126
0.125192
0.124304
0.123345
0.122323
0.121243
0.120111
0.118928
0.117724
0.116575
0.118797
0.128819
0.128681
0.128615
0.128612
0.128556
0.128595
0.128601
0.128554
0.128442
0.128254
0.127983
0.127625
0.127273
0.126743
0.12614
0.125462
0.124713
0.123901
0.123036
0.122125
0.121179
0.120208
0.119231
0.118295
0.117508
0.117435
0.12901
0.128824
0.128688
0.128587
0.128228
0.128158
0.12807
0.127944
0.127769
0.127537
0.12724
0.126882
0.126735
0.126232
0.125663
0.125033
0.124348
0.123614
0.122841
0.122038
0.121216
0.12039
0.119581
0.11883
0.118222
0.118062
0.129141
0.128913
0.128723
0.128557
0.128222
0.128077
0.12792
0.127734
0.127511
0.127242
0.126923
0.126555
0.126314
0.125825
0.125281
0.124689
0.124053
0.123381
0.122683
0.121969
0.121253
0.120552
0.11989
0.119306
0.118871
0.118808
0.129224
0.12896
0.128726
0.128511
0.128259
0.128059
0.127846
0.12761
0.127345
0.127044
0.126701
0.126317
0.125933
0.125452
0.12493
0.12437
0.123778
0.12316
0.122526
0.121888
0.121257
0.120652
0.120093
0.119612
0.119262
0.11923
0.129272
0.128977
0.128705
0.128451
0.128227
0.127984
0.127727
0.127454
0.127156
0.126828
0.126467
0.126071
0.125614
0.125139
0.124635
0.124101
0.123542
0.122967
0.122384
0.121803
0.121238
0.120706
0.120223
0.119815
0.11952
0.119481
0.12929
0.128969
0.128666
0.128378
0.128129
0.12785
0.127559
0.127255
0.12693
0.12658
0.126203
0.125796
0.125327
0.124857
0.124365
0.123852
0.123321
0.12278
0.122238
0.121704
0.12119
0.120711
0.12028
0.119918
0.119649
0.119565
0.129286
0.128942
0.128614
0.128296
0.128006
0.127698
0.127381
0.127053
0.126707
0.12634
0.125949
0.125536
0.125077
0.124612
0.124132
0.123636
0.123127
0.122614
0.122104
0.121607
0.121133
0.120694
0.120302
0.119971
0.119717
0.119585
0.129263
0.1289
0.12855
0.128209
0.127884
0.127554
0.127215
0.126866
0.126503
0.126121
0.12572
0.1253
0.12485
0.124388
0.123917
0.123435
0.122945
0.122454
0.121971
0.121503
0.121059
0.12065
0.120286
0.119977
0.119732
0.119564
0.129225
0.128845
0.128477
0.128116
0.12777
0.12742
0.127064
0.126698
0.126321
0.125928
0.125518
0.125093
0.124645
0.124186
0.123723
0.123252
0.122777
0.122305
0.121843
0.121398
0.120979
0.120593
0.12025
0.119957
0.11972
0.119537
0.129173
0.128779
0.128395
0.12802
0.127658
0.127293
0.126921
0.126542
0.126153
0.12575
0.125334
0.124904
0.124454
0.123998
0.123539
0.123078
0.122615
0.122158
0.121713
0.121286
0.120886
0.120518
0.120191
0.11991
0.11968
0.119495
0.129109
0.128703
0.128307
0.127919
0.127544
0.127167
0.126783
0.126393
0.125993
0.125583
0.125161
0.124728
0.124276
0.123821
0.123367
0.122912
0.12246
0.122015
0.121583
0.121171
0.120785
0.120431
0.120116
0.119845
0.11962
0.119441
0.129035
0.128619
0.128213
0.127814
0.127429
0.12704
0.126646
0.126246
0.125838
0.125421
0.124994
0.124558
0.124106
0.123652
0.123201
0.122751
0.122306
0.121871
0.12145
0.121049
0.120674
0.120331
0.120025
0.119761
0.119542
0.119367
0.128952
0.128528
0.128113
0.127706
0.12731
0.126913
0.12651
0.126101
0.125687
0.125264
0.124833
0.124395
0.123943
0.12349
0.12304
0.122594
0.122155
0.121727
0.121314
0.120922
0.120556
0.120222
0.119924
0.119666
0.119451
0.119279
0.128862
0.128431
0.128009
0.127595
0.12719
0.126784
0.126374
0.125959
0.125538
0.125111
0.124677
0.124237
0.123785
0.123333
0.122885
0.122442
0.122007
0.121584
0.121178
0.120792
0.120434
0.120106
0.119814
0.119561
0.11935
0.119181
0.128765
0.128328
0.127901
0.12748
0.127068
0.126655
0.126238
0.125818
0.125393
0.124962
0.124524
0.124082
0.123631
0.123181
0.122733
0.122292
0.12186
0.121441
0.12104
0.12066
0.120307
0.119985
0.119698
0.119451
0.119244
0.119078
0.128662
0.128221
0.127788
0.127363
0.126944
0.126525
0.126103
0.125678
0.125249
0.124814
0.124375
0.123931
0.123481
0.123031
0.122585
0.122145
0.121715
0.121299
0.120901
0.120526
0.120178
0.119861
0.119578
0.119335
0.119132
0.118968
0.128552
0.128106
0.12767
0.127239
0.126815
0.126391
0.125965
0.125536
0.125103
0.124666
0.124224
0.123779
0.12333
0.122881
0.122436
0.121997
0.121569
0.121155
0.120761
0.12039
0.120046
0.119733
0.119455
0.119216
0.119018
0.118859
)
;
        value           nonuniform List<scalar> 
898
(
323.41
323.868
324.409
324.689
325.229
325.087
309.437
308.87
308.811
309.138
323.337
323.183
322.484
322.076
321.491
321.144
321.031
321.04
321.087
321.128
321.139
321.104
321.026
320.929
320.842
320.783
323.506
324.006
324.613
324.863
325.686
325.83
310.762
310.224
310.153
310.497
325.441
325.236
324.212
323.643
322.795
322.273
322.041
321.95
321.894
321.84
321.771
321.668
321.528
321.37
321.227
321.12
323.476
323.881
324.422
324.691
326.142
326.424
310.853
310.162
310.122
310.702
326.573
326.37
324.671
323.98
322.977
322.343
322.106
322.052
322.04
322.023
321.983
321.9
321.775
321.626
321.484
321.375
323.192
323.403
323.771
324.172
326.489
326.627
312.96
312.229
312.211
313.001
328.599
329.198
326.025
324.671
322.924
321.87
321.447
321.495
321.594
321.695
321.756
321.763
321.717
321.636
321.548
321.481
322.55
322.677
322.973
322.892
323.907
323.482
322.29
321.523
321.204
321.133
321.139
321.193
321.28
321.379
321.427
321.42
321.394
321.374
321.816
322.174
322.875
322.985
323.443
323.272
322.209
321.512
321.21
321.108
321.083
321.101
321.147
321.201
321.271
321.329
321.346
321.344
321.221
321.869
322.878
323.233
323.289
323.113
322.097
321.422
321.124
321.033
321.009
321.022
321.067
321.131
321.221
321.3
321.333
321.347
320.898
321.668
322.824
323.376
323.234
323.038
322.064
321.434
321.187
321.112
321.084
321.087
321.126
321.192
321.294
321.375
321.417
321.454
320.601
321.361
322.518
323.184
323.265
323.061
322.166
321.659
321.469
321.4
321.355
321.335
321.351
321.401
321.489
321.562
321.617
321.692
320.474
321.045
322.013
322.688
323.355
323.234
322.525
322.204
322.033
321.924
321.828
321.761
321.731
321.751
321.796
321.857
321.945
322.074
320.795
320.918
321.413
321.969
323.368
323.501
323.088
322.795
322.629
322.514
322.372
322.254
322.186
322.156
322.168
322.252
322.406
322.594
321.433
321.169
320.985
321.051
323.131
323.589
323.144
322.881
322.735
322.662
322.611
322.547
322.49
322.462
322.515
322.689
322.962
323.212
322.075
321.75
321.204
320.379
305.15
304.052
303.447
302.863
302.354
301.725
301.546
302.837
321.602
322.309
322.354
322.353
322.38
322.436
322.497
322.541
322.566
322.613
322.769
323.093
323.543
323.867
322.433
322.216
321.77
320.839
305.572
304.683
304.295
304.021
303.809
303.692
303.791
304.558
320.668
321.514
321.773
321.955
322.131
322.303
322.452
322.563
322.641
322.741
322.986
323.462
324.105
324.5
322.615
322.493
322.186
321.292
305.446
304.652
304.375
304.187
304.052
303.983
304.047
304.702
320.897
321.722
321.964
322.128
322.283
322.437
322.578
322.689
322.77
322.879
323.159
323.726
324.52
324.945
322.732
322.664
322.469
321.679
305.352
304.581
304.357
304.211
304.117
304.084
304.153
304.786
321.102
321.887
322.099
322.25
322.397
322.542
322.676
322.785
322.866
322.967
323.231
323.801
324.656
325.097
322.84
322.789
322.653
321.983
306.736
306.015
305.825
305.707
305.637
305.62
305.686
306.269
321.442
322.156
322.341
322.474
322.606
322.734
322.85
322.948
323.022
323.1
323.296
323.762
324.54
324.828
322.942
322.902
322.808
322.305
310.549
309.977
309.836
309.755
309.708
309.694
309.743
310.202
321.926
322.489
322.633
322.74
322.847
322.951
323.047
323.133
323.202
323.263
323.38
323.678
324.262
324.378
323.018
322.993
322.939
322.64
315.876
315.531
315.453
315.416
315.394
315.386
315.417
315.702
322.475
322.834
322.935
323.011
323.089
323.167
323.24
323.311
323.376
323.432
323.492
323.617
323.906
323.722
323.063
323.054
323.035
322.919
320.64
320.504
320.484
320.483
320.484
320.486
320.507
320.633
322.941
323.113
323.174
323.225
323.278
323.332
323.386
323.44
323.497
323.554
323.599
323.622
323.612
323.023
323.09
323.092
323.096
323.095
323.394
323.389
323.404
323.426
323.442
323.452
323.466
323.494
323.23
323.286
323.323
323.358
323.397
323.438
323.48
323.523
323.569
323.618
323.666
323.683
323.563
322.761
323.114
323.121
323.136
323.178
324.161
324.204
324.236
324.267
324.29
324.304
324.315
324.305
323.36
323.373
323.4
323.429
323.462
323.498
323.535
323.573
323.61
323.648
323.684
323.706
323.641
322.937
323.145
323.155
323.174
323.215
323.878
323.921
323.956
323.989
324.014
324.029
324.039
324.029
323.406
323.422
323.446
323.474
323.505
323.539
323.575
323.612
323.646
323.68
323.709
323.718
323.631
322.916
323.19
323.201
323.221
323.252
323.447
323.477
323.51
323.541
323.565
323.582
323.593
323.596
323.444
323.472
323.497
323.524
323.554
323.587
323.623
323.658
323.692
323.722
323.748
323.756
323.68
323.025
323.25
323.263
323.284
323.31
323.263
323.283
323.313
323.341
323.364
323.383
323.399
323.411
323.505
323.542
323.566
323.591
323.62
323.652
323.686
323.72
323.753
323.782
323.806
323.814
323.754
323.227
323.325
323.34
323.364
323.392
323.311
323.328
323.356
323.381
323.404
323.426
323.446
323.464
323.595
323.633
323.655
323.678
323.706
323.735
323.767
323.799
323.831
323.859
323.883
323.895
323.861
323.521
323.418
323.436
323.463
323.495
323.457
323.474
323.499
323.522
323.545
323.57
323.594
323.614
323.706
323.743
323.763
323.784
323.809
323.837
323.866
323.896
323.926
323.954
323.978
323.995
323.987
323.833
323.53
323.55
323.581
323.617
323.614
323.63
323.654
323.677
323.7
323.726
323.752
323.774
323.834
323.871
323.889
323.908
323.931
323.956
323.984
324.012
324.04
324.067
324.092
324.113
324.125
324.103
323.663
323.687
323.721
323.759
323.766
323.781
323.804
323.827
323.851
323.877
323.905
323.929
323.98
324.018
324.036
324.053
324.073
324.097
324.122
324.149
324.175
324.202
324.226
324.249
324.272
324.312
323.82
323.846
323.882
323.921
323.927
323.941
323.964
323.987
324.012
324.038
324.066
324.092
324.147
324.186
324.205
324.221
324.239
324.26
324.284
324.309
324.334
324.359
324.384
324.408
324.434
324.487
324.001
324.03
324.067
324.105
324.109
324.122
324.146
324.171
324.196
324.222
324.251
324.278
324.335
324.377
324.397
324.413
324.43
324.45
324.471
324.495
324.519
324.543
324.566
324.591
324.617
324.661
324.208
324.239
324.276
324.312
324.317
324.331
324.355
324.381
324.408
324.435
324.463
324.491
324.548
324.59
324.613
324.631
324.647
324.665
324.685
324.707
324.73
324.753
324.776
324.8
324.825
324.858
324.44
324.471
324.507
324.542
324.55
324.566
324.592
324.619
324.646
324.674
324.702
324.73
324.784
324.826
324.852
324.872
324.89
324.907
324.926
324.946
324.968
324.99
325.013
325.035
325.059
325.087
324.694
324.726
324.761
324.794
324.806
324.825
324.852
324.881
324.909
324.938
324.966
324.995
325.044
325.085
325.113
325.135
325.155
325.173
325.191
325.21
325.231
325.253
325.275
325.297
325.319
325.346
324.971
325.002
325.036
325.068
325.085
325.107
325.136
325.165
325.195
325.224
325.253
325.282
325.326
325.365
325.395
325.42
325.442
325.462
325.48
325.499
325.52
325.541
325.562
325.583
325.603
325.63
325.271
325.301
325.334
325.366
325.388
325.413
325.443
325.473
325.504
325.534
325.564
325.593
325.633
325.67
325.701
325.728
325.753
325.774
325.794
325.814
325.835
325.856
325.876
325.895
325.915
325.94
325.602
325.632
325.665
325.697
325.723
325.752
325.783
325.814
325.845
325.876
325.907
325.938
325.974
326.009
326.04
326.069
326.096
326.12
326.142
326.163
326.184
326.205
326.225
326.243
326.261
326.284
)
;
        Tnbr            T;
        qrNbr           qr;
        qr              none;
        thermalInertia  false;
        thicknessLayers List<scalar> 0();
        kappaLayers     List<scalar> 0();
        kappaMethod     solidThermo;
        kappa           none;
        alphaAni        none;
        alpha           none;
    }
    concrete_to_asphalt
    {
        type            compressible::turbulentTemperatureRadCoupledMixed;
        refValue        nonuniform List<scalar> 
52
(
323.172
323.2
323.228
323.255
323.281
323.306
323.333
323.359
323.385
323.41
323.436
323.46
323.487
323.512
323.536
323.559
323.579
323.597
323.612
323.625
323.637
323.649
323.659
323.668
323.677
323.688
324.977
325.009
325.041
325.071
325.1
325.129
325.159
325.189
325.219
325.248
325.277
325.306
325.337
325.368
325.396
325.423
325.449
325.472
325.492
325.511
325.529
325.546
325.562
325.576
325.589
325.603
)
;
        refGradient     uniform 0;
        valueFraction   nonuniform List<scalar> 
52
(
0.529412
0.529412
0.529412
0.529412
0.529412
0.529412
0.529412
0.529412
0.529412
0.529412
0.529412
0.529412
0.529412
0.529412
0.529412
0.529412
0.529412
0.529412
0.529412
0.529412
0.529412
0.529412
0.529412
0.529412
0.529412
0.529412
0.529412
0.529412
0.529412
0.529412
0.529412
0.529412
0.529412
0.529412
0.529412
0.529412
0.529412
0.529412
0.529412
0.529412
0.529412
0.529412
0.529412
0.529412
0.529412
0.529412
0.529412
0.529412
0.529412
0.529412
0.529412
0.529412
)
;
        value           nonuniform List<scalar> 
52
(
322.915
322.938
322.965
322.992
323.016
323.04
323.066
323.092
323.118
323.143
323.167
323.192
323.219
323.245
323.269
323.291
323.31
323.327
323.341
323.354
323.366
323.377
323.387
323.397
323.407
323.424
324.79
324.819
324.85
324.881
324.908
324.936
324.965
324.995
325.025
325.054
325.083
325.112
325.144
325.176
325.204
325.231
325.256
325.279
325.299
325.318
325.337
325.354
325.371
325.386
325.4
325.418
)
;
        Tnbr            T;
        qrNbr           none;
        qr              none;
        thermalInertia  false;
        thicknessLayers List<scalar> 0();
        kappaLayers     List<scalar> 0();
        kappaMethod     solidThermo;
        kappa           none;
        alphaAni        none;
        alpha           none;
    }
    concrete_to_soil2
    {
        type            compressible::turbulentTemperatureRadCoupledMixed;
        refValue        nonuniform List<scalar> 
200
(
320.909
321.215
321.573
321.848
322.254
321.555
309.675
308.784
308.639
309.069
318.196
318.731
318.549
318.49
318.317
318.24
318.263
318.333
318.402
318.446
318.454
318.425
318.374
318.322
318.288
318.278
320.831
318.429
320.994
318.671
321.144
318.89
321.135
319.037
320.757
319.04
320.043
319.033
319.254
319.069
318.76
319.217
318.321
319.508
318.122
319.945
318.553
320.493
319.241
321.122
319.739
321.795
319.996
322.622
320.145
322.949
320.283
324.068
320.43
321.486
320.556
316.055
320.637
310.903
320.677
307.579
320.695
305.825
320.71
305.942
320.733
305.948
320.768
306.987
320.815
309.724
320.874
313.832
320.946
317.944
321.033
320.809
321.137
322.112
321.261
322.352
321.406
322.223
321.575
322.158
321.769
322.265
321.988
322.488
322.232
322.759
322.504
323.049
322.805
323.36
322.472
322.807
323.198
323.488
323.991
323.603
309.904
309.316
309.18
309.352
319.851
320.155
319.929
319.891
319.716
319.649
319.69
319.782
319.868
319.926
319.943
319.918
319.865
319.808
319.768
319.751
322.388
319.928
322.558
320.208
322.712
320.448
322.692
320.593
322.258
320.551
321.451
320.531
320.586
320.552
320.09
320.693
319.65
320.994
319.464
321.459
319.986
322.055
320.774
322.742
321.329
323.46
321.601
324.352
321.742
324.623
321.867
326.006
322.001
323.125
322.119
317.003
322.196
311.278
322.233
307.69
322.251
305.843
322.269
306.073
322.295
306.047
322.336
307.163
322.39
310.194
322.459
314.783
322.543
319.375
322.645
322.549
322.766
323.959
322.909
324.187
323.075
324.025
323.267
323.952
323.483
324.077
323.724
324.329
323.989
324.626
324.279
324.937
324.595
325.265
)
;
        refGradient     uniform 0;
        valueFraction   nonuniform List<scalar> 
200
(
0.529412
0.529412
0.529412
0.529412
0.529412
0.529412
0.529412
0.529412
0.529412
0.529412
0.529412
0.529412
0.529412
0.529412
0.529412
0.529412
0.529412
0.529412
0.529412
0.529412
0.529412
0.529412
0.529412
0.529412
0.529412
0.529412
0.529412
0.529412
0.529412
0.529412
0.529412
0.529412
0.529412
0.529412
0.529412
0.529412
0.529412
0.529412
0.529412
0.529412
0.529412
0.529412
0.529412
0.529412
0.529412
0.529412
0.529412
0.529412
0.529412
0.529412
0.529412
0.529412
0.529412
0.529412
0.529412
0.529412
0.529412
0.529412
0.529412
0.529412
0.529412
0.529412
0.529412
0.529412
0.529412
0.529412
0.529412
0.529412
0.529412
0.529412
0.529412
0.529412
0.529412
0.529412
0.529412
0.529412
0.529412
0.529412
0.529412
0.529412
0.529412
0.529412
0.529412
0.529412
0.529412
0.529412
0.529412
0.529412
0.529412
0.529412
0.529412
0.529412
0.529412
0.529412
0.529412
0.529412
0.529412
0.529412
0.529412
0.529412
0.529412
0.529412
0.529412
0.529412
0.529412
0.529412
0.529412
0.529412
0.529412
0.529412
0.529412
0.529412
0.529412
0.529412
0.529412
0.529412
0.529412
0.529412
0.529412
0.529412
0.529412
0.529412
0.529412
0.529412
0.529412
0.529412
0.529412
0.529412
0.529412
0.529412
0.529412
0.529412
0.529412
0.529412
0.529412
0.529412
0.529412
0.529412
0.529412
0.529412
0.529412
0.529412
0.529412
0.529412
0.529412
0.529412
0.529412
0.529412
0.529412
0.529412
0.529412
0.529412
0.529412
0.529412
0.529412
0.529412
0.529412
0.529412
0.529412
0.529412
0.529412
0.529412
0.529412
0.529412
0.529412
0.529412
0.529412
0.529412
0.529412
0.529412
0.529412
0.529412
0.529412
0.529412
0.529412
0.529412
0.529412
0.529412
0.529412
0.529412
0.529412
0.529412
0.529412
0.529412
0.529412
0.529412
0.529412
0.529412
0.529412
0.529412
0.529412
0.529412
0.529412
0.529412
0.529412
0.529412
0.529412
0.529412
0.529412
0.529412
)
;
        value           nonuniform List<scalar> 
200
(
320.864
321.208
321.614
321.883
322.275
321.554
309.397
308.402
308.29
308.906
319.029
319.52
319.177
318.968
318.635
318.444
318.398
318.431
318.479
318.513
318.515
318.479
318.416
318.347
318.295
318.274
320.822
318.354
320.951
318.604
321.025
318.826
320.913
318.962
320.466
318.956
319.802
318.948
319.144
318.98
318.737
319.116
318.37
319.379
318.2
319.775
318.54
320.278
319.143
320.861
319.655
321.492
319.937
322.205
320.094
322.577
320.22
323.255
320.348
321.721
320.46
318.528
320.538
315.401
320.58
313.27
320.602
312.176
320.62
312.283
320.644
312.283
320.679
312.906
320.726
314.505
320.786
316.896
320.858
319.295
320.945
320.99
321.049
321.795
321.173
321.995
321.318
321.988
321.487
322.024
321.681
322.168
321.899
322.389
322.143
322.649
322.414
322.934
322.721
323.25
322.493
322.875
323.324
323.608
324.102
323.714
309.642
308.959
308.859
309.203
320.94
321.141
320.719
320.511
320.155
319.96
319.926
319.975
320.039
320.085
320.096
320.064
319.998
319.923
319.863
319.829
322.448
319.923
322.584
320.218
322.655
320.462
322.52
320.591
322.007
320.532
321.255
320.511
320.529
320.527
320.116
320.654
319.744
320.923
319.584
321.344
319.996
321.893
320.691
322.537
321.267
323.217
321.572
323.983
321.73
324.334
321.851
325.143
321.974
323.472
322.084
319.973
322.16
316.593
322.202
314.345
322.224
313.227
322.244
313.419
322.272
313.398
322.313
314.049
322.367
315.771
322.437
318.371
322.521
320.981
322.623
322.809
322.745
323.661
322.888
323.861
323.056
323.849
323.249
323.896
323.466
324.063
323.709
324.312
323.975
324.598
324.266
324.905
324.588
325.239
)
;
        Tnbr            T;
        qrNbr           none;
        qr              none;
        thermalInertia  false;
        thicknessLayers List<scalar> 0();
        kappaLayers     List<scalar> 0();
        kappaMethod     solidThermo;
        kappa           none;
        alphaAni        none;
        alpha           none;
    }
    concrete_to_buildings
    {
        type            externalWallHeatFluxTemperature;
        mode            coefficient;
        kappaMethod     solidThermo;
        kappa           none;
        alphaAni        none;
        alpha           none;
        h               constant 10;
        Ta              constant 293.15;
        thicknessLayers List<scalar> 1(0.3);
        kappaLayers     List<scalar> 1(1.6);
        qr              none;
        refValue        uniform 293.15;
        refGradient     uniform 0;
        valueFraction   nonuniform List<scalar> 
64
(
0.0980392
0.0980392
0.0980392
0.0980392
0.0980392
0.0980392
0.0980392
0.0980392
0.0980392
0.0980392
0.0980392
0.0980392
0.0980392
0.0980392
0.0980392
0.0980392
0.0980392
0.0980392
0.0980392
0.0980392
0.0980392
0.0980392
0.0980392
0.0980392
0.0980392
0.0980392
0.0980392
0.0980392
0.0980392
0.0980392
0.0980392
0.0980392
0.0980392
0.0980392
0.0980392
0.0980392
0.0980392
0.0980392
0.0980392
0.0980392
0.0980392
0.0980392
0.0980392
0.0980392
0.0980392
0.0980392
0.0980392
0.0980392
0.0980392
0.0980392
0.0980392
0.0980392
0.0980392
0.0980392
0.0980392
0.0980392
0.0980392
0.0980392
0.0980392
0.0980392
0.0980392
0.0980392
0.0980392
0.0980392
)
;
        value           nonuniform List<scalar> 
64
(
300.357
298.447
297.223
296.934
296.935
297.248
298.601
300.547
298.348
296.132
295.628
295.506
295.505
295.626
296.128
298.303
298.049
295.752
295.329
295.244
295.242
295.321
295.72
297.939
298.005
295.684
295.27
295.192
295.19
295.26
295.644
297.871
297.974
295.666
295.257
295.18
295.177
295.245
295.627
297.857
297.917
295.656
295.253
295.176
295.171
295.238
295.619
297.852
297.878
295.693
295.296
295.208
295.195
295.258
295.634
297.855
298.213
296.195
295.782
295.634
295.569
295.6
295.956
298.084
)
;
    }
    concrete_to_soil1
    {
        type            compressible::turbulentTemperatureRadCoupledMixed;
        refValue        nonuniform List<scalar> 
962
(
319.318
319.664
320.079
320.323
320.606
319.608
308.816
307.486
307.4
308.42
318.113
318.807
318.386
318.032
317.564
317.264
317.143
317.125
317.143
317.159
317.15
317.106
317.033
316.953
316.89
316.868
319.401
319.773
320.238
320.489
320.98
320.192
309.716
308.405
308.325
309.438
319.733
320.408
319.716
319.191
318.506
318.044
317.817
317.722
317.672
317.631
317.575
317.49
317.375
317.252
317.147
317.09
319.397
319.698
320.123
320.398
321.24
320.566
309.942
308.566
308.523
309.82
320.663
321.365
320.236
319.56
318.724
318.172
317.939
317.871
317.85
317.831
317.791
317.716
317.605
317.478
317.364
317.296
319.195
319.35
319.638
319.81
320.181
319.376
310.341
309.127
309.122
310.456
320.774
322.043
320.888
319.92
318.689
317.89
317.603
317.583
317.636
317.686
317.709
317.691
317.633
317.55
317.468
317.422
318.731
318.807
318.931
317.767
303.168
300.635
299.008
298.588
298.59
299.044
300.835
303.401
318.252
318.996
318.204
317.594
317.333
317.285
317.321
317.391
317.466
317.519
317.524
317.496
317.455
317.438
318.19
318.426
318.769
317.436
300.537
297.587
296.858
296.678
296.677
296.857
297.582
300.465
317.47
318.687
318.061
317.523
317.277
317.206
317.211
317.251
317.308
317.364
317.42
317.445
317.439
317.439
317.725
318.184
318.749
317.516
300.103
297.039
296.424
296.296
296.294
296.411
296.992
299.941
317.245
318.529
317.959
317.451
317.219
317.157
317.159
317.193
317.25
317.32
317.398
317.447
317.461
317.477
317.426
318.005
318.697
317.599
300.035
296.937
296.335
296.218
296.215
296.32
296.879
299.838
317.178
318.46
317.926
317.466
317.278
317.235
317.238
317.267
317.32
317.393
317.479
317.537
317.566
317.603
317.15
317.742
318.446
317.442
299.99
296.91
296.315
296.2
296.196
296.298
296.854
299.818
317.19
318.473
318.003
317.633
317.494
317.462
317.458
317.472
317.511
317.574
317.651
317.709
317.756
317.83
317.01
317.465
318.024
317.04
299.912
296.896
296.311
296.194
296.188
296.288
296.842
299.809
317.239
318.588
318.257
318.017
317.898
317.841
317.803
317.786
317.795
317.835
317.888
317.95
318.033
318.158
317.204
317.328
317.532
316.478
299.862
296.95
296.373
296.242
296.223
296.318
296.865
299.815
317.233
318.758
318.638
318.455
318.342
318.265
318.186
318.131
318.109
318.114
318.153
318.245
318.39
318.575
317.648
317.465
317.181
315.849
300.282
297.593
296.997
296.784
296.695
296.751
297.274
300.099
317.051
318.799
318.725
318.574
318.475
318.424
318.388
318.353
318.328
318.332
318.404
318.57
318.811
319.06
318.115
317.856
317.297
315.678
304.577
302.665
301.942
301.381
300.912
300.564
300.886
303.014
316.286
317.984
318.214
318.244
318.266
318.306
318.351
318.386
318.414
318.467
318.614
318.897
319.275
319.598
318.399
318.202
317.685
316.015
305.18
303.499
302.97
302.667
302.472
302.425
302.712
304.338
315.762
317.413
317.792
317.962
318.097
318.224
318.336
318.423
318.491
318.587
318.806
319.21
319.742
320.147
318.558
318.426
318
316.338
305.186
303.578
303.156
302.951
302.832
302.811
303.049
304.559
315.933
317.554
317.925
318.089
318.216
318.336
318.446
318.535
318.607
318.714
318.965
319.448
320.101
320.55
318.67
318.574
318.232
316.637
305.249
303.666
303.298
303.139
303.056
303.058
303.289
304.76
316.135
317.716
318.062
318.215
318.336
318.449
318.552
318.638
318.708
318.807
319.049
319.539
320.239
320.731
318.772
318.689
318.41
316.986
306.411
304.952
304.631
304.503
304.443
304.454
304.665
306.01
316.522
317.963
318.271
318.406
318.515
318.614
318.704
318.779
318.84
318.918
319.104
319.512
320.125
320.347
318.867
318.795
318.585
317.488
309.306
308.162
307.916
307.823
307.782
307.792
307.956
309.007
317.154
318.282
318.523
318.631
318.718
318.799
318.872
318.936
318.989
319.045
319.16
319.424
319.837
319.591
318.938
318.884
318.753
318.085
313.274
312.572
312.423
312.373
312.352
312.358
312.462
313.11
317.918
318.622
318.782
318.857
318.919
318.978
319.032
319.084
319.131
319.175
319.231
319.34
319.47
318.675
318.982
318.948
318.889
318.611
316.849
316.555
316.495
316.481
316.479
316.485
316.537
316.816
318.591
318.905
318.991
319.036
319.077
319.116
319.155
319.193
319.233
319.272
319.303
319.306
319.163
317.858
319.008
318.988
318.977
318.945
318.993
318.957
318.955
318.965
318.975
318.982
319
319.046
319.019
319.087
319.124
319.151
319.179
319.207
319.235
319.264
319.295
319.327
319.353
319.328
319.062
317.469
319.028
319.017
319.028
319.089
319.687
319.75
319.774
319.795
319.81
319.818
319.82
319.778
319.205
319.18
319.195
319.214
319.236
319.259
319.283
319.307
319.331
319.354
319.371
319.345
319.096
317.523
319.052
319.043
319.06
319.123
319.569
319.633
319.663
319.686
319.703
319.711
319.71
319.668
319.249
319.225
319.236
319.253
319.272
319.293
319.315
319.338
319.359
319.379
319.39
319.355
319.095
317.527
319.084
319.076
319.092
319.129
319.284
319.321
319.348
319.37
319.386
319.395
319.398
319.383
319.258
319.261
319.274
319.29
319.308
319.328
319.349
319.371
319.391
319.409
319.417
319.384
319.146
317.7
319.125
319.119
319.133
319.154
319.142
319.158
319.18
319.2
319.215
319.226
319.234
319.24
319.285
319.308
319.322
319.337
319.354
319.372
319.392
319.413
319.433
319.449
319.457
319.43
319.237
318.067
319.177
319.172
319.188
319.204
319.158
319.167
319.187
319.204
319.219
319.233
319.245
319.259
319.341
319.37
319.383
319.396
319.412
319.429
319.447
319.466
319.485
319.501
319.51
319.494
319.365
318.593
319.24
319.237
319.255
319.275
319.25
319.259
319.277
319.294
319.309
319.324
319.339
319.355
319.418
319.445
319.457
319.468
319.482
319.497
319.513
319.531
319.548
319.564
319.574
319.57
319.506
319.131
319.316
319.315
319.336
319.36
319.356
319.367
319.384
319.4
319.416
319.432
319.449
319.465
319.508
319.533
319.544
319.553
319.564
319.578
319.593
319.609
319.625
319.64
319.651
319.656
319.641
319.551
319.407
319.408
319.431
319.458
319.462
319.473
319.489
319.506
319.522
319.539
319.556
319.573
319.609
319.635
319.645
319.652
319.662
319.674
319.688
319.702
319.717
319.73
319.742
319.753
319.763
319.812
319.516
319.519
319.544
319.57
319.575
319.585
319.601
319.618
319.635
319.653
319.671
319.689
319.726
319.752
319.762
319.769
319.777
319.788
319.8
319.813
319.826
319.839
319.851
319.863
319.882
319.962
319.644
319.649
319.675
319.701
319.704
319.713
319.73
319.748
319.766
319.784
319.802
319.821
319.859
319.887
319.899
319.906
319.913
319.922
319.933
319.945
319.956
319.968
319.979
319.991
320.01
320.073
319.794
319.801
319.826
319.851
319.855
319.864
319.882
319.901
319.919
319.938
319.956
319.975
320.014
320.042
320.055
320.064
320.071
320.079
320.088
320.099
320.109
320.119
320.129
320.141
320.157
320.2
319.967
319.974
319.999
320.023
320.029
320.04
320.058
320.078
320.097
320.116
320.135
320.154
320.191
320.218
320.234
320.244
320.252
320.26
320.268
320.277
320.286
320.295
320.304
320.315
320.328
320.361
320.164
320.171
320.195
320.218
320.227
320.24
320.259
320.28
320.3
320.319
320.339
320.358
320.391
320.418
320.435
320.447
320.457
320.465
320.472
320.48
320.488
320.497
320.505
320.514
320.527
320.557
320.387
320.393
320.416
320.439
320.451
320.467
320.487
320.508
320.529
320.549
320.568
320.588
320.618
320.643
320.661
320.676
320.687
320.696
320.704
320.711
320.718
320.726
320.733
320.742
320.753
320.784
320.638
320.644
320.667
320.69
320.706
320.724
320.745
320.766
320.788
320.808
320.828
320.848
320.875
320.899
320.918
320.934
320.947
320.957
320.966
320.973
320.98
320.987
320.994
321.001
321.012
321.042
320.937
320.946
320.968
320.992
321.011
321.032
321.054
321.076
321.098
321.119
321.14
321.16
321.184
321.206
321.226
321.243
321.258
321.27
321.279
321.287
321.294
321.301
321.307
321.314
321.322
321.349
)
;
        refGradient     uniform 0;
        valueFraction   nonuniform List<scalar> 
962
(
0.52519
0.52519
0.52519
0.52519
0.52519
0.52519
0.52519
0.52519
0.52519
0.52519
0.52519
0.52519
0.52519
0.52519
0.52519
0.52519
0.52519
0.52519
0.52519
0.52519
0.52519
0.52519
0.52519
0.52519
0.52519
0.52519
0.52519
0.52519
0.52519
0.52519
0.52519
0.52519
0.52519
0.52519
0.52519
0.52519
0.52519
0.52519
0.52519
0.52519
0.52519
0.52519
0.52519
0.52519
0.52519
0.52519
0.52519
0.52519
0.52519
0.52519
0.52519
0.52519
0.52519
0.52519
0.52519
0.52519
0.52519
0.52519
0.52519
0.52519
0.52519
0.52519
0.52519
0.52519
0.52519
0.52519
0.52519
0.52519
0.52519
0.52519
0.52519
0.52519
0.52519
0.52519
0.52519
0.52519
0.52519
0.52519
0.52519
0.52519
0.52519
0.52519
0.52519
0.52519
0.52519
0.52519
0.52519
0.52519
0.52519
0.52519
0.52519
0.52519
0.52519
0.52519
0.52519
0.52519
0.52519
0.52519
0.52519
0.52519
0.52519
0.52519
0.52519
0.52519
0.52519
0.52519
0.52519
0.52519
0.52519
0.52519
0.52519
0.52519
0.52519
0.52519
0.52519
0.52519
0.52519
0.52519
0.52519
0.52519
0.52519
0.52519
0.52519
0.52519
0.52519
0.52519
0.52519
0.52519
0.52519
0.52519
0.52519
0.52519
0.52519
0.52519
0.52519
0.52519
0.52519
0.52519
0.52519
0.52519
0.52519
0.52519
0.52519
0.52519
0.52519
0.52519
0.52519
0.52519
0.52519
0.52519
0.52519
0.52519
0.52519
0.52519
0.52519
0.52519
0.52519
0.52519
0.52519
0.52519
0.52519
0.52519
0.52519
0.52519
0.52519
0.52519
0.52519
0.52519
0.52519
0.52519
0.52519
0.52519
0.52519
0.52519
0.52519
0.52519
0.52519
0.52519
0.52519
0.52519
0.52519
0.52519
0.52519
0.52519
0.52519
0.52519
0.52519
0.52519
0.52519
0.52519
0.52519
0.52519
0.52519
0.52519
0.52519
0.52519
0.52519
0.52519
0.52519
0.52519
0.52519
0.52519
0.52519
0.52519
0.52519
0.52519
0.52519
0.52519
0.52519
0.52519
0.52519
0.52519
0.52519
0.52519
0.52519
0.52519
0.52519
0.52519
0.52519
0.52519
0.52519
0.52519
0.52519
0.52519
0.52519
0.52519
0.52519
0.52519
0.52519
0.52519
0.52519
0.52519
0.52519
0.52519
0.52519
0.52519
0.52519
0.52519
0.52519
0.52519
0.52519
0.52519
0.52519
0.52519
0.52519
0.52519
0.52519
0.52519
0.52519
0.52519
0.52519
0.52519
0.52519
0.52519
0.52519
0.52519
0.52519
0.52519
0.52519
0.52519
0.52519
0.52519
0.52519
0.52519
0.52519
0.52519
0.52519
0.52519
0.52519
0.52519
0.52519
0.52519
0.52519
0.52519
0.52519
0.52519
0.52519
0.52519
0.52519
0.52519
0.52519
0.52519
0.52519
0.52519
0.52519
0.52519
0.52519
0.52519
0.52519
0.52519
0.52519
0.52519
0.52519
0.52519
0.52519
0.52519
0.52519
0.52519
0.52519
0.52519
0.52519
0.52519
0.52519
0.52519
0.52519
0.52519
0.52519
0.52519
0.52519
0.52519
0.52519
0.52519
0.52519
0.52519
0.52519
0.52519
0.52519
0.52519
0.52519
0.52519
0.52519
0.52519
0.52519
0.52519
0.52519
0.52519
0.52519
0.52519
0.52519
0.52519
0.52519
0.52519
0.52519
0.52519
0.52519
0.52519
0.52519
0.52519
0.52519
0.52519
0.52519
0.52519
0.52519
0.52519
0.52519
0.52519
0.52519
0.52519
0.52519
0.52519
0.52519
0.52519
0.52519
0.52519
0.52519
0.52519
0.52519
0.52519
0.52519
0.52519
0.52519
0.52519
0.52519
0.52519
0.52519
0.52519
0.52519
0.52519
0.52519
0.52519
0.52519
0.52519
0.52519
0.52519
0.52519
0.52519
0.52519
0.52519
0.52519
0.52519
0.52519
0.52519
0.52519
0.52519
0.52519
0.52519
0.52519
0.52519
0.52519
0.52519
0.52519
0.52519
0.52519
0.52519
0.52519
0.52519
0.52519
0.52519
0.52519
0.52519
0.52519
0.52519
0.52519
0.52519
0.52519
0.52519
0.52519
0.52519
0.52519
0.52519
0.52519
0.52519
0.52519
0.52519
0.52519
0.52519
0.52519
0.52519
0.52519
0.52519
0.52519
0.52519
0.52519
0.52519
0.52519
0.52519
0.52519
0.52519
0.52519
0.52519
0.52519
0.52519
0.52519
0.52519
0.52519
0.52519
0.52519
0.52519
0.52519
0.52519
0.52519
0.52519
0.52519
0.52519
0.52519
0.52519
0.52519
0.52519
0.52519
0.52519
0.52519
0.52519
0.52519
0.52519
0.52519
0.52519
0.52519
0.52519
0.52519
0.52519
0.52519
0.52519
0.52519
0.52519
0.52519
0.52519
0.52519
0.52519
0.52519
0.52519
0.52519
0.52519
0.52519
0.52519
0.52519
0.52519
0.52519
0.52519
0.52519
0.52519
0.52519
0.52519
0.52519
0.52519
0.52519
0.52519
0.52519
0.52519
0.52519
0.52519
0.52519
0.52519
0.52519
0.52519
0.52519
0.52519
0.52519
0.52519
0.52519
0.52519
0.52519
0.52519
0.52519
0.52519
0.52519
0.52519
0.52519
0.52519
0.52519
0.52519
0.52519
0.52519
0.52519
0.52519
0.52519
0.52519
0.52519
0.52519
0.52519
0.52519
0.52519
0.52519
0.52519
0.52519
0.52519
0.52519
0.52519
0.52519
0.52519
0.52519
0.52519
0.52519
0.52519
0.52519
0.52519
0.52519
0.52519
0.52519
0.52519
0.52519
0.52519
0.52519
0.52519
0.52519
0.52519
0.52519
0.52519
0.52519
0.52519
0.52519
0.52519
0.52519
0.52519
0.52519
0.52519
0.52519
0.52519
0.52519
0.52519
0.52519
0.52519
0.52519
0.52519
0.52519
0.52519
0.52519
0.52519
0.52519
0.52519
0.52519
0.52519
0.52519
0.52519
0.52519
0.52519
0.52519
0.52519
0.52519
0.52519
0.52519
0.52519
0.52519
0.52519
0.52519
0.52519
0.52519
0.52519
0.52519
0.52519
0.52519
0.52519
0.52519
0.52519
0.52519
0.52519
0.52519
0.52519
0.52519
0.52519
0.52519
0.52519
0.52519
0.52519
0.52519
0.52519
0.52519
0.52519
0.52519
0.52519
0.52519
0.52519
0.52519
0.52519
0.52519
0.52519
0.52519
0.52519
0.52519
0.52519
0.52519
0.52519
0.52519
0.52519
0.52519
0.52519
0.52519
0.52519
0.52519
0.52519
0.52519
0.52519
0.52519
0.52519
0.52519
0.52519
0.52519
0.52519
0.52519
0.52519
0.52519
0.52519
0.52519
0.52519
0.52519
0.52519
0.52519
0.52519
0.52519
0.52519
0.52519
0.52519
0.52519
0.52519
0.52519
0.52519
0.52519
0.52519
0.52519
0.52519
0.52519
0.52519
0.52519
0.52519
0.52519
0.52519
0.52519
0.52519
0.52519
0.52519
0.52519
0.52519
0.52519
0.52519
0.52519
0.52519
0.52519
0.52519
0.52519
0.52519
0.52519
0.52519
0.52519
0.52519
0.52519
0.52519
0.52519
0.52519
0.52519
0.52519
0.52519
0.52519
0.52519
0.52519
0.52519
0.52519
0.52519
0.52519
0.52519
0.52519
0.52519
0.52519
0.52519
0.52519
0.52519
0.52519
0.52519
0.52519
0.52519
0.52519
0.52519
0.52519
0.52519
0.52519
0.52519
0.52519
0.52519
0.52519
0.52519
0.52519
0.52519
0.52519
0.52519
0.52519
0.52519
0.52519
0.52519
0.52519
0.52519
0.52519
0.52519
0.52519
0.52519
0.52519
0.52519
0.52519
0.52519
0.52519
0.52519
0.52519
0.52519
0.52519
0.52519
0.52519
0.52519
0.52519
0.52519
0.52519
0.52519
0.52519
0.52519
0.52519
0.52519
0.52519
0.52519
0.52519
0.52519
0.52519
0.52519
0.52519
0.52519
0.52519
0.52519
0.52519
0.52519
0.52519
0.52519
0.52519
0.52519
0.52519
0.52519
0.52519
0.52519
0.52519
0.52519
0.52519
0.52519
0.52519
0.52519
0.52519
0.52519
0.52519
0.52519
0.52519
0.52519
0.52519
0.52519
0.52519
0.52519
0.52519
0.52519
0.52519
0.52519
0.52519
0.52519
0.52519
0.52519
0.52519
0.52519
0.52519
0.52519
0.52519
0.52519
0.52519
0.52519
0.52519
0.52519
0.52519
0.52519
0.52519
0.52519
0.52519
0.52519
0.52519
0.52519
0.52519
0.52519
0.52519
0.52519
0.52519
0.52519
0.52519
0.52519
0.52519
0.52519
0.52519
0.52519
0.52519
0.52519
0.52519
0.52519
0.52519
0.52519
0.52519
0.52519
0.52519
0.52519
0.52519
0.52519
0.52519
0.52519
0.52519
0.52519
0.52519
0.52519
0.52519
0.52519
0.52519
0.52519
0.52519
0.52519
0.52519
0.52519
0.52519
0.52519
0.52519
0.52519
0.52519
0.52519
0.52519
0.52519
0.52519
0.52519
0.52519
0.52519
0.52519
0.52519
0.52519
0.52519
0.52519
0.52519
0.52519
0.52519
0.52519
0.52519
0.52519
0.52519
0.52519
0.52519
0.52519
0.52519
0.52519
0.52519
0.52519
0.52519
0.52519
0.52519
0.52519
0.52519
0.52519
0.52519
0.52519
0.52519
0.52519
0.52519
0.52519
0.52519
0.52519
0.52519
0.52519
0.52519
0.52519
0.52519
0.52519
0.52519
0.52519
0.52519
0.52519
0.52519
0.52519
0.52519
0.52519
0.52519
0.52519
0.52519
0.52519
0.52519
0.52519
0.52519
0.52519
0.52519
0.52519
0.52519
0.52519
0.52519
0.52519
0.52519
0.52519
0.52519
0.52519
0.52519
0.52519
0.52519
0.52519
0.52519
0.52519
0.52519
0.52519
0.52519
0.52519
0.52519
0.52519
0.52519
0.52519
0.52519
0.52519
0.52519
0.52519
0.52519
0.52519
0.52519
0.52519
0.52519
0.52519
0.52519
0.52519
0.52519
0.52519
0.52519
0.52519
0.52519
0.52519
0.52519
)
;
        value           nonuniform List<scalar> 
962
(
320.028
320.393
320.83
321.082
321.41
320.531
308.943
307.717
307.636
308.563
318.993
319.567
319.097
318.732
318.243
317.933
317.812
317.798
317.819
317.838
317.831
317.787
317.712
317.628
317.561
317.533
320.114
320.509
320.998
321.252
321.803
321.149
309.917
308.711
308.633
309.642
320.701
321.25
320.496
319.96
319.245
318.77
318.541
318.444
318.393
318.348
318.29
318.2
318.08
317.95
317.838
317.773
320.107
320.427
320.873
321.152
322.102
321.568
310.136
308.849
308.806
310.008
321.676
322.249
321.016
320.329
319.46
318.891
318.655
318.589
318.569
318.549
318.508
318.43
318.315
318.183
318.063
317.988
319.892
320.058
320.363
320.579
321.239
320.575
310.796
309.642
309.634
310.901
322.073
323.248
321.786
320.738
319.419
318.575
318.273
318.26
318.32
318.377
318.405
318.39
318.332
318.248
318.163
318.113
319.399
319.486
319.642
318.625
302.759
300.302
298.725
298.327
298.329
298.759
300.497
302.988
319.192
319.773
318.91
318.271
318
317.949
317.981
318.049
318.128
318.188
318.198
318.171
318.132
318.114
318.826
319.085
319.491
318.362
300.197
297.339
296.649
296.479
296.478
296.647
297.333
300.128
318.458
319.478
318.775
318.208
317.952
317.876
317.876
317.914
317.97
318.026
318.084
318.114
318.111
318.109
318.34
318.833
319.476
318.47
299.786
296.819
296.238
296.119
296.117
296.226
296.775
299.631
318.245
319.319
318.671
318.132
317.889
317.823
317.821
317.853
317.908
317.978
318.058
318.112
318.128
318.143
318.036
318.649
319.424
318.563
299.724
296.723
296.156
296.046
296.043
296.141
296.669
299.535
318.18
319.249
318.637
318.147
317.949
317.901
317.9
317.925
317.977
318.05
318.139
318.2
318.23
318.267
317.755
318.378
319.163
318.399
299.681
296.698
296.136
296.029
296.025
296.121
296.645
299.516
318.194
319.262
318.717
318.323
318.175
318.138
318.128
318.138
318.174
318.235
318.315
318.375
318.423
318.497
317.617
318.094
318.726
317.981
299.606
296.684
296.132
296.023
296.018
296.111
296.633
299.507
318.248
319.385
318.986
318.732
318.604
318.539
318.493
318.469
318.473
318.511
318.562
318.625
318.709
318.835
317.831
317.956
318.213
317.392
299.555
296.735
296.19
296.067
296.049
296.137
296.654
299.512
318.244
319.57
319.397
319.196
319.074
318.992
318.902
318.837
318.809
318.809
318.844
318.935
319.082
319.268
318.306
318.11
317.846
316.713
299.966
297.361
296.796
296.593
296.507
296.558
297.051
299.789
318.049
319.617
319.481
319.311
319.205
319.151
319.112
319.072
319.042
319.042
319.111
319.278
319.526
319.776
318.801
318.531
317.976
316.468
304.672
302.871
302.165
301.596
301.117
300.712
300.967
302.986
317.168
318.728
318.927
318.951
318.973
319.016
319.064
319.101
319.128
319.181
319.329
319.62
320.011
320.335
319.098
318.897
318.393
316.823
305.255
303.682
303.175
302.876
302.676
302.618
302.873
304.381
316.58
318.12
318.478
318.65
318.791
318.926
319.044
319.135
319.205
319.303
319.527
319.945
320.496
320.902
319.26
319.129
318.723
317.166
305.239
303.742
303.344
303.142
303.02
302.99
303.198
304.59
316.759
318.272
318.622
318.785
318.916
319.042
319.157
319.25
319.324
319.432
319.69
320.189
320.867
321.314
319.372
319.281
318.964
317.478
305.277
303.804
303.461
303.304
303.219
303.214
303.417
304.773
316.963
318.436
318.759
318.911
319.036
319.155
319.263
319.352
319.425
319.525
319.772
320.278
321.006
321.495
319.476
319.398
319.144
317.821
306.479
305.119
304.821
304.694
304.632
304.638
304.824
306.066
317.344
318.687
318.973
319.109
319.221
319.325
319.419
319.498
319.561
319.639
319.828
320.248
320.892
321.125
319.572
319.506
319.316
318.299
309.529
308.462
308.234
308.144
308.101
308.107
308.251
309.221
317.956
319.008
319.233
319.341
319.431
319.515
319.592
319.66
319.715
319.772
319.888
320.16
320.604
320.408
319.644
319.595
319.477
318.86
313.726
313.072
312.935
312.887
312.866
312.87
312.961
313.559
318.693
319.35
319.499
319.574
319.639
319.701
319.759
319.813
319.863
319.908
319.966
320.078
320.237
319.523
319.689
319.659
319.606
319.352
317.501
317.23
317.176
317.165
317.163
317.168
317.214
317.471
319.339
319.633
319.714
319.76
319.803
319.845
319.886
319.926
319.969
320.011
320.044
320.05
319.93
318.719
319.715
319.699
319.69
319.664
319.749
319.719
319.72
319.732
319.743
319.75
319.767
319.81
319.748
319.813
319.85
319.878
319.908
319.938
319.968
319.999
320.032
320.068
320.097
320.079
319.837
318.348
319.736
319.727
319.739
319.799
320.458
320.519
320.545
320.567
320.584
320.593
320.596
320.558
319.925
319.905
319.922
319.943
319.966
319.991
320.017
320.043
320.069
320.095
320.115
320.097
319.879
318.422
319.76
319.755
319.772
319.832
320.314
320.376
320.406
320.432
320.449
320.459
320.46
320.422
319.969
319.951
319.964
319.982
320.003
320.027
320.051
320.075
320.099
320.121
320.135
320.107
319.877
318.422
319.794
319.79
319.806
319.843
320.005
320.041
320.069
320.092
320.11
320.12
320.125
320.112
319.982
319.989
320.004
320.021
320.041
320.063
320.087
320.111
320.133
320.153
320.164
320.138
319.927
318.585
319.838
319.835
319.851
319.872
319.855
319.872
319.896
319.916
319.933
319.946
319.955
319.962
320.014
320.039
320.055
320.071
320.09
320.111
320.133
320.155
320.177
320.196
320.206
320.185
320.014
318.929
319.894
319.892
319.909
319.927
319.875
319.886
319.907
319.926
319.942
319.957
319.97
319.985
320.075
320.105
320.12
320.135
320.152
320.171
320.191
320.213
320.233
320.251
320.262
320.251
320.138
319.424
319.961
319.961
319.981
320.003
319.975
319.986
320.005
320.023
320.039
320.056
320.072
320.089
320.157
320.186
320.199
320.212
320.227
320.244
320.263
320.282
320.301
320.319
320.331
320.33
320.276
319.931
320.042
320.044
320.067
320.093
320.09
320.101
320.119
320.136
320.153
320.171
320.189
320.207
320.252
320.28
320.292
320.302
320.315
320.331
320.348
320.366
320.383
320.4
320.414
320.421
320.41
320.33
320.139
320.144
320.169
320.198
320.203
320.214
320.232
320.249
320.266
320.285
320.304
320.322
320.361
320.388
320.399
320.408
320.42
320.434
320.449
320.465
320.482
320.497
320.511
320.523
320.536
320.584
320.255
320.262
320.289
320.318
320.323
320.333
320.351
320.369
320.387
320.406
320.426
320.445
320.485
320.513
320.525
320.533
320.543
320.555
320.569
320.584
320.599
320.613
320.627
320.641
320.661
320.737
320.392
320.401
320.429
320.457
320.46
320.47
320.488
320.507
320.526
320.545
320.565
320.585
320.627
320.657
320.67
320.678
320.687
320.698
320.71
320.724
320.737
320.75
320.763
320.777
320.797
320.857
320.551
320.562
320.589
320.616
320.62
320.63
320.649
320.669
320.689
320.709
320.729
320.749
320.791
320.821
320.836
320.846
320.854
320.864
320.875
320.887
320.899
320.911
320.923
320.936
320.954
320.995
320.734
320.745
320.772
320.798
320.804
320.815
320.835
320.856
320.877
320.897
320.917
320.938
320.977
321.007
321.024
321.036
321.046
321.055
321.064
321.075
321.086
321.097
321.108
321.12
321.135
321.167
320.941
320.952
320.977
321.002
321.012
321.026
321.046
321.068
321.09
321.111
321.131
321.152
321.188
321.217
321.236
321.25
321.261
321.27
321.279
321.289
321.299
321.309
321.32
321.33
321.344
321.374
321.173
321.183
321.208
321.232
321.246
321.262
321.284
321.306
321.328
321.35
321.371
321.392
321.424
321.452
321.472
321.488
321.501
321.512
321.521
321.53
321.539
321.549
321.558
321.568
321.581
321.611
321.434
321.444
321.468
321.492
321.509
321.528
321.551
321.574
321.597
321.619
321.641
321.662
321.691
321.717
321.738
321.756
321.771
321.783
321.793
321.802
321.811
321.82
321.829
321.838
321.849
321.879
321.739
321.752
321.776
321.801
321.822
321.843
321.867
321.891
321.914
321.937
321.959
321.981
322.007
322.032
322.053
322.072
322.089
322.102
322.114
322.123
322.132
322.141
322.15
322.158
322.168
322.193
)
;
        Tnbr            T;
        qrNbr           none;
        qr              none;
        thermalInertia  false;
        thicknessLayers List<scalar> 0();
        kappaLayers     List<scalar> 0();
        kappaMethod     solidThermo;
        kappa           none;
        alphaAni        none;
        alpha           none;
    }
}


// ************************************************************************* //
