/*--------------------------------*- C++ -*----------------------------------*\
| =========                 |                                                 |
| \\      /  F ield         | OpenFOAM: The Open Source CFD Toolbox           |
|  \\    /   O peration     | Version:  v2012                                 |
|   \\  /    A nd           | Website:  www.openfoam.com                      |
|    \\/     M anipulation  |                                                 |
\*---------------------------------------------------------------------------*/
FoamFile
{
    version     2.0;
    format      ascii;
    class       volScalarField;
    location    "200/asphalt";
    object      T;
}
// * * * * * * * * * * * * * * * * * * * * * * * * * * * * * * * * * * * * * //

dimensions      [0 0 0 1 0 0 0];


internalField   nonuniform List<scalar> 
1980
(
321.376
321.779
322.175
322.505
322.775
322.994
323.179
323.345
323.503
323.654
323.795
323.924
324.041
324.148
324.245
324.335
324.418
324.495
324.566
324.631
324.691
324.747
324.799
324.848
324.895
324.941
324.986
325.03
325.075
325.119
325.162
325.201
325.226
325.258
325.29
325.322
325.351
325.381
325.411
325.441
325.47
325.499
325.527
325.555
325.585
325.614
325.643
325.67
325.696
325.721
325.745
325.769
325.793
325.818
325.843
325.869
325.896
325.926
325.968
325.997
326.024
326.048
326.071
326.094
326.114
326.132
326.15
326.167
326.182
326.196
326.208
326.218
326.227
326.233
326.237
326.238
326.237
326.236
326.239
326.25
326.272
326.305
326.346
326.388
326.429
326.463
326.491
326.524
326.598
326.843
321.438
321.843
322.241
322.574
322.85
323.078
323.275
323.454
323.621
323.777
323.92
324.05
324.167
324.274
324.372
324.463
324.547
324.624
324.696
324.761
324.822
324.879
324.932
324.982
325.031
325.079
325.125
325.171
325.216
325.261
325.305
325.346
325.382
325.417
325.45
325.483
325.515
325.546
325.577
325.607
325.637
325.666
325.695
325.724
325.753
325.781
325.809
325.837
325.865
325.891
325.917
325.942
325.968
325.993
326.018
326.044
326.069
326.096
326.123
326.149
326.173
326.197
326.221
326.244
326.264
326.283
326.301
326.318
326.333
326.347
326.359
326.369
326.378
326.384
326.389
326.392
326.392
326.39
326.39
326.393
326.403
326.421
326.447
326.477
326.509
326.538
326.565
326.597
326.671
326.919
321.487
321.894
322.294
322.629
322.91
323.147
323.355
323.543
323.716
323.875
324.018
324.148
324.265
324.373
324.472
324.563
324.648
324.726
324.798
324.864
324.926
324.983
325.038
325.09
325.14
325.189
325.236
325.283
325.33
325.375
325.418
325.459
325.497
325.532
325.566
325.599
325.633
325.665
325.697
325.728
325.758
325.788
325.818
325.847
325.875
325.903
325.931
325.96
325.988
326.015
326.043
326.069
326.096
326.122
326.147
326.173
326.199
326.224
326.249
326.273
326.297
326.32
326.344
326.367
326.387
326.406
326.424
326.442
326.457
326.471
326.484
326.494
326.502
326.509
326.514
326.518
326.519
326.519
326.518
326.517
326.519
326.527
326.541
326.56
326.583
326.607
326.632
326.663
326.738
326.989
321.522
321.93
322.332
322.67
322.955
323.2
323.417
323.611
323.788
323.947
324.09
324.22
324.338
324.447
324.547
324.639
324.724
324.802
324.875
324.942
325.004
325.063
325.119
325.172
325.224
325.273
325.322
325.369
325.416
325.461
325.504
325.544
325.582
325.618
325.653
325.687
325.721
325.754
325.786
325.818
325.849
325.879
325.91
325.939
325.968
325.996
326.024
326.053
326.081
326.11
326.138
326.166
326.193
326.22
326.246
326.272
326.298
326.323
326.348
326.372
326.395
326.419
326.442
326.464
326.485
326.504
326.523
326.54
326.556
326.57
326.583
326.593
326.602
326.608
326.614
326.617
326.62
326.62
326.619
326.617
326.617
326.618
326.624
326.635
326.651
326.67
326.692
326.722
326.798
327.052
321.546
321.956
322.358
322.699
322.99
323.241
323.463
323.662
323.84
323.999
324.143
324.274
324.393
324.502
324.602
324.695
324.78
324.859
324.932
325
325.063
325.123
325.18
325.235
325.287
325.338
325.387
325.435
325.482
325.526
325.569
325.608
325.646
325.683
325.718
325.753
325.788
325.822
325.854
325.886
325.918
325.949
325.98
326.01
326.039
326.067
326.096
326.125
326.154
326.183
326.212
326.241
326.269
326.297
326.324
326.35
326.376
326.402
326.427
326.451
326.475
326.498
326.521
326.543
326.563
326.583
326.602
326.62
326.636
326.651
326.663
326.674
326.683
326.69
326.695
326.699
326.701
326.702
326.702
326.701
326.699
326.698
326.7
326.705
326.716
326.73
326.749
326.778
326.854
327.111
321.563
321.975
322.379
322.723
323.018
323.274
323.5
323.7
323.879
324.04
324.184
324.315
324.435
324.545
324.645
324.738
324.824
324.904
324.977
325.046
325.11
325.171
325.229
325.285
325.338
325.389
325.439
325.487
325.533
325.577
325.619
325.659
325.697
325.734
325.771
325.806
325.841
325.875
325.909
325.941
325.973
326.005
326.036
326.067
326.096
326.125
326.155
326.184
326.214
326.243
326.273
326.302
326.331
326.359
326.387
326.414
326.441
326.468
326.493
326.518
326.542
326.565
326.588
326.61
326.631
326.651
326.671
326.689
326.706
326.721
326.735
326.746
326.756
326.763
326.769
326.773
326.775
326.777
326.777
326.776
326.774
326.773
326.772
326.774
326.78
326.79
326.805
326.832
326.909
327.169
321.578
321.991
322.397
322.744
323.041
323.301
323.529
323.73
323.91
324.071
324.216
324.348
324.468
324.578
324.68
324.773
324.859
324.939
325.013
325.083
325.148
325.21
325.269
325.325
325.379
325.431
325.481
325.529
325.575
325.618
325.66
325.7
325.739
325.776
325.813
325.849
325.884
325.919
325.953
325.986
326.018
326.05
326.082
326.113
326.143
326.173
326.203
326.233
326.263
326.293
326.323
326.353
326.382
326.411
326.44
326.468
326.496
326.523
326.55
326.576
326.6
326.624
326.648
326.671
326.692
326.713
326.733
326.752
326.769
326.786
326.801
326.813
326.824
326.833
326.84
326.846
326.849
326.851
326.852
326.852
326.851
326.849
326.847
326.847
326.849
326.856
326.867
326.891
326.968
327.231
321.59
322.004
322.412
322.76
323.06
323.321
323.55
323.753
323.933
324.095
324.241
324.373
324.494
324.604
324.706
324.799
324.886
324.967
325.042
325.112
325.178
325.241
325.301
325.357
325.411
325.463
325.513
325.561
325.607
325.65
325.692
325.732
325.772
325.81
325.847
325.883
325.919
325.954
325.988
326.021
326.054
326.087
326.119
326.151
326.181
326.212
326.243
326.273
326.304
326.335
326.365
326.395
326.425
326.455
326.484
326.513
326.542
326.57
326.598
326.625
326.651
326.677
326.701
326.725
326.748
326.77
326.791
326.811
326.829
326.847
326.863
326.877
326.89
326.901
326.91
326.918
326.924
326.929
326.932
326.934
326.935
326.935
326.934
326.933
326.934
326.938
326.946
326.967
327.044
327.313
321.598
322.013
322.423
322.772
323.074
323.336
323.566
323.769
323.95
324.112
324.258
324.391
324.512
324.623
324.725
324.819
324.907
324.988
325.064
325.135
325.202
325.265
325.325
325.383
325.437
325.489
325.539
325.587
325.633
325.677
325.719
325.76
325.8
325.838
325.876
325.913
325.949
325.984
326.019
326.053
326.086
326.119
326.152
326.184
326.216
326.247
326.278
326.31
326.341
326.372
326.403
326.434
326.464
326.494
326.524
326.554
326.584
326.613
326.641
326.669
326.697
326.724
326.75
326.775
326.799
326.823
326.845
326.867
326.887
326.906
326.924
326.94
326.955
326.968
326.979
326.989
326.998
327.005
327.011
327.017
327.02
327.023
327.026
327.028
327.03
327.035
327.043
327.064
327.143
327.421
321.604
322.02
322.432
322.783
323.086
323.35
323.582
323.786
323.969
324.132
324.28
324.414
324.537
324.649
324.752
324.848
324.937
325.019
325.097
325.169
325.238
325.303
325.364
325.422
325.478
325.531
325.582
325.631
325.678
325.723
325.766
325.808
325.849
325.889
325.928
325.966
326.003
326.039
326.075
326.11
326.145
326.179
326.212
326.246
326.279
326.311
326.344
326.376
326.408
326.44
326.472
326.504
326.536
326.567
326.599
326.629
326.66
326.69
326.72
326.75
326.779
326.807
326.834
326.861
326.887
326.912
326.937
326.96
326.982
327.003
327.023
327.041
327.058
327.073
327.087
327.099
327.11
327.12
327.129
327.137
327.143
327.149
327.155
327.16
327.166
327.173
327.183
327.206
327.286
327.564
321.613
322.037
322.456
322.815
323.125
323.395
323.633
323.843
324.032
324.201
324.354
324.494
324.621
324.738
324.847
324.947
325.04
325.128
325.21
325.287
325.36
325.428
325.494
325.556
325.616
325.673
325.727
325.779
325.83
325.878
325.926
325.971
326.016
326.059
326.102
326.143
326.184
326.223
326.262
326.301
326.339
326.376
326.413
326.45
326.486
326.522
326.557
326.593
326.628
326.663
326.698
326.733
326.768
326.802
326.837
326.871
326.904
326.938
326.97
327.003
327.034
327.066
327.096
327.125
327.154
327.182
327.209
327.234
327.259
327.282
327.304
327.324
327.343
327.36
327.376
327.39
327.403
327.414
327.425
327.434
327.442
327.449
327.456
327.462
327.469
327.476
327.487
327.509
327.58
327.819
322.657
323.112
323.544
323.905
324.204
324.447
324.65
324.832
325.003
325.166
325.318
325.457
325.582
325.696
325.8
325.897
325.986
326.069
326.145
326.215
326.279
326.339
326.395
326.448
326.499
326.549
326.597
326.644
326.692
326.74
326.787
326.829
326.862
326.898
326.933
326.967
326.998
327.03
327.062
327.094
327.125
327.156
327.186
327.216
327.248
327.279
327.309
327.338
327.366
327.392
327.418
327.444
327.47
327.497
327.525
327.553
327.582
327.613
327.653
327.684
327.714
327.741
327.769
327.795
327.819
327.842
327.864
327.885
327.905
327.923
327.94
327.954
327.967
327.978
327.985
327.989
327.991
327.991
327.993
327.999
328.007
328.019
328.033
328.049
328.069
328.092
328.114
328.142
328.217
328.498
322.701
323.157
323.591
323.953
324.255
324.506
324.72
324.913
325.093
325.261
325.414
325.552
325.677
325.792
325.897
325.994
326.084
326.167
326.244
326.314
326.379
326.44
326.497
326.551
326.604
326.655
326.704
326.753
326.802
326.851
326.898
326.941
326.981
327.019
327.054
327.089
327.123
327.157
327.189
327.222
327.254
327.285
327.316
327.346
327.377
327.407
327.437
327.466
327.495
327.524
327.551
327.579
327.606
327.633
327.661
327.689
327.717
327.746
327.775
327.804
327.832
327.859
327.887
327.913
327.937
327.961
327.983
328.005
328.025
328.043
328.06
328.074
328.087
328.098
328.106
328.111
328.114
328.115
328.115
328.115
328.115
328.116
328.119
328.126
328.139
328.158
328.179
328.207
328.282
328.567
322.726
323.183
323.618
323.981
324.286
324.543
324.768
324.969
325.155
325.324
325.477
325.615
325.74
325.855
325.961
326.059
326.149
326.233
326.309
326.38
326.446
326.508
326.566
326.622
326.676
326.728
326.779
326.829
326.878
326.927
326.973
327.017
327.057
327.095
327.131
327.167
327.202
327.237
327.271
327.303
327.336
327.368
327.399
327.43
327.46
327.49
327.52
327.55
327.579
327.609
327.638
327.667
327.695
327.723
327.752
327.78
327.808
327.836
327.863
327.891
327.918
327.945
327.973
327.999
328.023
328.047
328.069
328.091
328.112
328.131
328.147
328.162
328.175
328.185
328.194
328.201
328.205
328.207
328.208
328.206
328.203
328.199
328.196
328.197
328.205
328.22
328.24
328.268
328.343
328.633
322.736
323.193
323.628
323.992
324.3
324.564
324.796
325.004
325.191
325.361
325.514
325.652
325.778
325.894
326
326.098
326.189
326.273
326.35
326.421
326.488
326.551
326.61
326.667
326.722
326.775
326.827
326.878
326.928
326.976
327.021
327.064
327.104
327.143
327.18
327.216
327.252
327.288
327.322
327.356
327.388
327.421
327.453
327.484
327.514
327.544
327.574
327.604
327.635
327.665
327.696
327.726
327.755
327.784
327.813
327.841
327.87
327.898
327.925
327.952
327.979
328.006
328.033
328.059
328.084
328.107
328.13
328.152
328.173
328.192
328.209
328.224
328.237
328.247
328.256
328.263
328.268
328.271
328.272
328.272
328.269
328.265
328.262
328.261
328.266
328.278
328.296
328.323
328.4
328.693
322.739
323.196
323.631
323.996
324.308
324.577
324.814
325.025
325.215
325.384
325.537
325.676
325.803
325.919
326.025
326.124
326.215
326.299
326.377
326.449
326.517
326.58
326.641
326.699
326.755
326.809
326.861
326.913
326.962
327.01
327.054
327.097
327.137
327.176
327.213
327.25
327.287
327.323
327.358
327.392
327.426
327.459
327.491
327.523
327.553
327.584
327.614
327.645
327.676
327.707
327.738
327.769
327.799
327.829
327.858
327.887
327.916
327.945
327.973
328
328.027
328.053
328.08
328.106
328.131
328.155
328.178
328.2
328.222
328.241
328.259
328.274
328.287
328.298
328.306
328.313
328.318
328.322
328.324
328.324
328.323
328.321
328.319
328.319
328.323
328.333
328.348
328.375
328.452
328.749
322.743
323.201
323.636
324.003
324.318
324.591
324.831
325.044
325.234
325.404
325.558
325.697
325.824
325.94
326.047
326.146
326.237
326.322
326.4
326.473
326.542
326.607
326.668
326.727
326.784
326.838
326.891
326.942
326.991
327.038
327.083
327.125
327.165
327.205
327.243
327.28
327.318
327.354
327.389
327.424
327.458
327.491
327.524
327.556
327.587
327.618
327.649
327.681
327.712
327.744
327.775
327.806
327.837
327.868
327.898
327.928
327.958
327.987
328.016
328.044
328.071
328.098
328.124
328.151
328.176
328.2
328.224
328.247
328.268
328.289
328.307
328.323
328.337
328.349
328.358
328.365
328.371
328.374
328.376
328.377
328.377
328.376
328.376
328.376
328.379
328.387
328.4
328.425
328.503
328.803
322.75
323.209
323.646
324.014
324.331
324.606
324.848
325.062
325.253
325.423
325.577
325.717
325.844
325.961
326.069
326.168
326.259
326.344
326.423
326.497
326.566
326.632
326.694
326.754
326.811
326.866
326.919
326.97
327.018
327.065
327.109
327.151
327.192
327.232
327.271
327.309
327.346
327.383
327.418
327.453
327.488
327.521
327.555
327.587
327.619
327.651
327.683
327.714
327.746
327.778
327.81
327.842
327.873
327.904
327.935
327.966
327.997
328.027
328.057
328.086
328.114
328.142
328.169
328.195
328.221
328.246
328.271
328.294
328.316
328.338
328.357
328.375
328.391
328.404
328.415
328.424
328.431
328.436
328.439
328.44
328.44
328.44
328.439
328.439
328.441
328.446
328.456
328.479
328.557
328.861
322.759
323.219
323.657
324.026
324.344
324.621
324.863
325.078
325.269
325.44
325.594
325.734
325.862
325.979
326.086
326.186
326.278
326.363
326.443
326.517
326.587
326.654
326.717
326.777
326.835
326.89
326.942
326.993
327.041
327.087
327.132
327.174
327.216
327.256
327.295
327.333
327.371
327.408
327.444
327.479
327.514
327.548
327.582
327.615
327.647
327.68
327.712
327.744
327.777
327.809
327.841
327.873
327.905
327.937
327.968
328
328.031
328.062
328.093
328.123
328.153
328.182
328.211
328.239
328.266
328.292
328.317
328.342
328.365
328.387
328.408
328.427
328.444
328.459
328.473
328.485
328.495
328.503
328.509
328.514
328.517
328.518
328.519
328.519
328.52
328.524
328.531
328.551
328.63
328.941
322.765
323.225
323.664
324.034
324.353
324.63
324.873
325.088
325.279
325.451
325.606
325.746
325.874
325.992
326.1
326.199
326.292
326.378
326.458
326.533
326.604
326.672
326.735
326.796
326.854
326.909
326.962
327.012
327.06
327.107
327.151
327.194
327.236
327.277
327.317
327.356
327.393
327.43
327.467
327.503
327.538
327.572
327.606
327.64
327.673
327.706
327.739
327.772
327.805
327.838
327.87
327.903
327.935
327.967
328
328.032
328.063
328.095
328.127
328.158
328.189
328.219
328.248
328.278
328.306
328.334
328.361
328.387
328.412
328.436
328.458
328.479
328.498
328.516
328.532
328.546
328.558
328.569
328.578
328.586
328.592
328.598
328.602
328.605
328.61
328.615
328.623
328.644
328.726
329.047
322.768
323.23
323.67
324.042
324.362
324.641
324.885
325.101
325.294
325.467
325.623
325.765
325.894
326.013
326.122
326.223
326.317
326.404
326.486
326.563
326.635
326.704
326.769
326.83
326.889
326.945
326.999
327.05
327.1
327.147
327.193
327.237
327.28
327.322
327.363
327.403
327.442
327.48
327.517
327.554
327.59
327.626
327.661
327.696
327.73
327.765
327.799
327.832
327.866
327.9
327.934
327.967
328.001
328.034
328.067
328.101
328.134
328.166
328.199
328.232
328.264
328.295
328.326
328.357
328.387
328.416
328.445
328.473
328.499
328.525
328.55
328.572
328.594
328.613
328.632
328.648
328.663
328.676
328.689
328.699
328.709
328.718
328.725
328.733
328.74
328.749
328.76
328.784
328.867
329.189
322.778
323.248
323.696
324.076
324.404
324.69
324.941
325.164
325.363
325.543
325.705
325.853
325.988
326.112
326.227
326.333
326.432
326.525
326.612
326.694
326.771
326.844
326.914
326.98
327.043
327.103
327.161
327.217
327.27
327.322
327.372
327.42
327.467
327.513
327.558
327.602
327.645
327.686
327.728
327.768
327.808
327.848
327.886
327.925
327.963
328.001
328.039
328.076
328.113
328.15
328.187
328.224
328.261
328.298
328.335
328.371
328.408
328.444
328.48
328.516
328.551
328.586
328.62
328.654
328.687
328.72
328.751
328.782
328.811
328.839
328.866
328.891
328.915
328.937
328.957
328.976
328.992
329.008
329.021
329.034
329.045
329.055
329.064
329.072
329.081
329.09
329.103
329.125
329.198
329.471
)
;

boundaryField
{
    inlet
    {
        type            zeroGradient;
    }
    outlet
    {
        type            zeroGradient;
    }
    side
    {
        type            zeroGradient;
    }
    asphalt_to_soil1
    {
        type            compressible::turbulentTemperatureRadCoupledMixed;
        refValue        nonuniform List<scalar> 
990
(
320.113
320.47
320.831
321.133
321.377
321.574
321.741
321.892
322.037
322.176
322.307
322.427
322.536
322.635
322.726
322.809
322.887
322.958
323.024
323.084
323.14
323.191
323.239
323.285
323.329
323.371
323.413
323.454
323.495
323.537
323.576
323.611
323.629
323.658
323.687
323.717
323.744
323.772
323.8
323.827
323.855
323.882
323.908
323.935
323.963
323.99
324.016
324.042
324.066
324.09
324.112
324.134
324.156
324.179
324.202
324.225
324.25
324.279
324.321
324.35
324.373
324.394
324.414
324.433
324.45
324.465
324.479
324.492
324.503
324.513
324.521
324.528
324.533
324.537
324.538
324.537
324.534
324.532
324.536
324.55
324.58
324.628
324.688
324.751
324.807
324.85
324.883
324.918
324.992
325.206
320.186
320.547
320.911
321.216
321.467
321.675
321.855
322.019
322.174
322.319
322.452
322.573
322.682
322.782
322.873
322.958
323.036
323.108
323.175
323.236
323.292
323.344
323.394
323.441
323.486
323.53
323.573
323.616
323.659
323.701
323.741
323.779
323.812
323.844
323.875
323.906
323.935
323.964
323.993
324.021
324.049
324.077
324.104
324.131
324.158
324.185
324.211
324.237
324.262
324.287
324.311
324.335
324.358
324.381
324.404
324.427
324.45
324.475
324.5
324.523
324.545
324.565
324.586
324.605
324.621
324.637
324.651
324.664
324.676
324.686
324.694
324.7
324.706
324.709
324.712
324.712
324.71
324.707
324.706
324.712
324.729
324.759
324.802
324.85
324.896
324.934
324.965
324.998
325.072
325.288
320.252
320.615
320.982
321.29
321.548
321.766
321.958
322.133
322.294
322.442
322.576
322.697
322.807
322.907
323
323.085
323.164
323.237
323.304
323.365
323.423
323.476
323.527
323.576
323.622
323.668
323.712
323.756
323.799
323.841
323.882
323.92
323.955
323.988
324.02
324.051
324.082
324.112
324.142
324.171
324.199
324.227
324.255
324.283
324.309
324.335
324.362
324.388
324.414
324.44
324.466
324.49
324.514
324.538
324.561
324.585
324.608
324.631
324.653
324.675
324.696
324.716
324.737
324.755
324.772
324.788
324.802
324.815
324.827
324.837
324.845
324.852
324.857
324.861
324.864
324.865
324.864
324.862
324.86
324.86
324.867
324.883
324.909
324.943
324.978
325.01
325.038
325.07
325.144
325.363
320.305
320.67
321.04
321.353
321.617
321.844
322.045
322.226
322.391
322.541
322.675
322.797
322.907
323.009
323.102
323.188
323.268
323.341
323.409
323.471
323.53
323.584
323.637
323.686
323.734
323.781
323.826
323.871
323.914
323.957
323.997
324.034
324.069
324.103
324.136
324.168
324.2
324.231
324.261
324.29
324.32
324.348
324.376
324.404
324.431
324.457
324.484
324.511
324.537
324.564
324.59
324.616
324.641
324.665
324.689
324.713
324.736
324.759
324.781
324.802
324.823
324.843
324.863
324.882
324.899
324.914
324.929
324.942
324.954
324.964
324.973
324.98
324.985
324.989
324.992
324.993
324.993
324.992
324.99
324.987
324.988
324.994
325.008
325.028
325.053
325.078
325.102
325.134
325.208
325.429
320.346
320.713
321.085
321.402
321.672
321.907
322.114
322.3
322.467
322.617
322.752
322.874
322.986
323.088
323.182
323.269
323.349
323.422
323.491
323.554
323.614
323.67
323.723
323.774
323.823
323.871
323.917
323.962
324.005
324.047
324.087
324.124
324.159
324.194
324.227
324.26
324.292
324.324
324.355
324.385
324.415
324.444
324.472
324.501
324.528
324.555
324.582
324.609
324.636
324.663
324.69
324.717
324.742
324.768
324.792
324.816
324.84
324.863
324.885
324.907
324.927
324.947
324.967
324.986
325.003
325.019
325.033
325.047
325.059
325.07
325.079
325.086
325.091
325.095
325.098
325.099
325.1
325.099
325.097
325.095
325.093
325.093
325.098
325.108
325.124
325.142
325.162
325.192
325.266
325.49
320.376
320.745
321.119
321.44
321.715
321.955
322.167
322.355
322.523
322.674
322.809
322.933
323.045
323.148
323.242
323.33
323.41
323.485
323.554
323.618
323.678
323.736
323.79
323.842
323.892
323.94
323.987
324.032
324.075
324.117
324.156
324.193
324.229
324.264
324.298
324.331
324.364
324.396
324.428
324.458
324.489
324.518
324.548
324.576
324.604
324.632
324.659
324.687
324.714
324.742
324.77
324.797
324.823
324.849
324.874
324.899
324.924
324.947
324.97
324.992
325.013
325.033
325.053
325.072
325.089
325.105
325.121
325.135
325.148
325.159
325.168
325.176
325.182
325.186
325.189
325.191
325.191
325.191
325.19
325.188
325.185
325.183
325.183
325.187
325.195
325.207
325.223
325.25
325.325
325.55
320.396
320.767
321.144
321.468
321.748
321.991
322.205
322.395
322.564
322.715
322.852
322.976
323.089
323.192
323.287
323.375
323.456
323.531
323.601
323.666
323.727
323.786
323.841
323.894
323.944
323.993
324.04
324.085
324.128
324.169
324.208
324.246
324.282
324.318
324.352
324.386
324.419
324.452
324.484
324.515
324.546
324.576
324.606
324.635
324.663
324.692
324.72
324.748
324.776
324.804
324.832
324.86
324.887
324.914
324.94
324.966
324.991
325.015
325.039
325.062
325.084
325.105
325.125
325.144
325.162
325.179
325.195
325.21
325.224
325.236
325.246
325.255
325.263
325.268
325.272
325.274
325.276
325.276
325.275
325.274
325.271
325.269
325.267
325.267
325.27
325.277
325.289
325.313
325.388
325.616
320.411
320.783
321.162
321.489
321.771
322.017
322.232
322.423
322.593
322.745
322.882
323.007
323.12
323.224
323.32
323.408
323.489
323.565
323.636
323.702
323.764
323.823
323.879
323.932
323.983
324.032
324.079
324.124
324.167
324.208
324.248
324.286
324.322
324.358
324.394
324.428
324.461
324.494
324.527
324.558
324.589
324.62
324.65
324.68
324.71
324.738
324.767
324.796
324.825
324.854
324.882
324.91
324.938
324.965
324.993
325.019
325.045
325.071
325.096
325.12
325.143
325.165
325.186
325.207
325.226
325.244
325.261
325.277
325.292
325.305
325.317
325.328
325.337
325.344
325.35
325.355
325.358
325.36
325.362
325.362
325.361
325.359
325.358
325.357
325.357
325.361
325.369
325.391
325.465
325.699
320.421
320.794
321.175
321.504
321.788
322.035
322.251
322.443
322.613
322.766
322.904
323.029
323.143
323.248
323.344
323.432
323.515
323.591
323.662
323.729
323.793
323.852
323.909
323.963
324.014
324.063
324.111
324.156
324.199
324.24
324.28
324.319
324.356
324.393
324.429
324.463
324.497
324.531
324.563
324.596
324.627
324.659
324.69
324.72
324.75
324.78
324.809
324.839
324.868
324.897
324.926
324.955
324.984
325.012
325.04
325.067
325.094
325.121
325.147
325.172
325.196
325.22
325.242
325.264
325.285
325.305
325.323
325.341
325.357
325.372
325.386
325.399
325.41
325.419
325.427
325.434
325.439
325.444
325.448
325.451
325.453
325.454
325.455
325.456
325.458
325.461
325.469
325.49
325.566
325.807
320.428
320.803
321.186
321.517
321.803
322.052
322.271
322.464
322.636
322.79
322.929
323.056
323.171
323.277
323.375
323.465
323.548
323.626
323.699
323.768
323.832
323.893
323.951
324.006
324.059
324.109
324.157
324.203
324.247
324.29
324.331
324.371
324.409
324.447
324.484
324.52
324.555
324.589
324.623
324.657
324.689
324.722
324.754
324.785
324.817
324.847
324.878
324.909
324.939
324.969
325
325.03
325.059
325.089
325.118
325.146
325.175
325.202
325.23
325.256
325.282
325.307
325.331
325.355
325.377
325.399
325.419
325.438
325.457
325.474
325.489
325.504
325.517
325.528
325.539
325.548
325.556
325.563
325.569
325.574
325.579
325.583
325.586
325.59
325.594
325.6
325.609
325.632
325.708
325.949
320.438
320.819
321.209
321.547
321.839
322.094
322.318
322.516
322.693
322.853
322.997
323.128
323.248
323.358
323.46
323.554
323.642
323.724
323.801
323.873
323.941
324.006
324.068
324.126
324.182
324.235
324.287
324.336
324.383
324.429
324.473
324.516
324.558
324.599
324.639
324.678
324.716
324.754
324.79
324.827
324.862
324.898
324.933
324.967
325.001
325.035
325.069
325.102
325.135
325.168
325.201
325.234
325.266
325.298
325.33
325.361
325.392
325.423
325.452
325.482
325.51
325.538
325.564
325.59
325.615
325.639
325.661
325.683
325.703
325.722
325.739
325.756
325.77
325.784
325.796
325.806
325.816
325.824
325.832
325.838
325.844
325.849
325.854
325.859
325.864
325.871
325.88
325.902
325.97
326.18
)
;
        refGradient     uniform 0;
        valueFraction   nonuniform List<scalar> 
990
(
0.495766
0.495766
0.495766
0.495766
0.495766
0.495766
0.495766
0.495766
0.495766
0.495766
0.495766
0.495766
0.495766
0.495766
0.495766
0.495766
0.495766
0.495766
0.495766
0.495766
0.495766
0.495766
0.495766
0.495766
0.495766
0.495766
0.495766
0.495766
0.495766
0.495766
0.495766
0.495766
0.495766
0.495766
0.495766
0.495766
0.495766
0.495766
0.495766
0.495766
0.495766
0.495766
0.495766
0.495766
0.495766
0.495766
0.495766
0.495766
0.495766
0.495766
0.495766
0.495766
0.495766
0.495766
0.495766
0.495766
0.495766
0.495766
0.495766
0.495766
0.495766
0.495766
0.495766
0.495766
0.495766
0.495766
0.495766
0.495766
0.495766
0.495766
0.495766
0.495766
0.495766
0.495766
0.495766
0.495766
0.495766
0.495766
0.495766
0.495766
0.495766
0.495766
0.495766
0.495766
0.495766
0.495766
0.495766
0.495766
0.495766
0.495766
0.495766
0.495766
0.495766
0.495766
0.495766
0.495766
0.495766
0.495766
0.495766
0.495766
0.495766
0.495766
0.495766
0.495766
0.495766
0.495766
0.495766
0.495766
0.495766
0.495766
0.495766
0.495766
0.495766
0.495766
0.495766
0.495766
0.495766
0.495766
0.495766
0.495766
0.495766
0.495766
0.495766
0.495766
0.495766
0.495766
0.495766
0.495766
0.495766
0.495766
0.495766
0.495766
0.495766
0.495766
0.495766
0.495766
0.495766
0.495766
0.495766
0.495766
0.495766
0.495766
0.495766
0.495766
0.495766
0.495766
0.495766
0.495766
0.495766
0.495766
0.495766
0.495766
0.495766
0.495766
0.495766
0.495766
0.495766
0.495766
0.495766
0.495766
0.495766
0.495766
0.495766
0.495766
0.495766
0.495766
0.495766
0.495766
0.495766
0.495766
0.495766
0.495766
0.495766
0.495766
0.495766
0.495766
0.495766
0.495766
0.495766
0.495766
0.495766
0.495766
0.495766
0.495766
0.495766
0.495766
0.495766
0.495766
0.495766
0.495766
0.495766
0.495766
0.495766
0.495766
0.495766
0.495766
0.495766
0.495766
0.495766
0.495766
0.495766
0.495766
0.495766
0.495766
0.495766
0.495766
0.495766
0.495766
0.495766
0.495766
0.495766
0.495766
0.495766
0.495766
0.495766
0.495766
0.495766
0.495766
0.495766
0.495766
0.495766
0.495766
0.495766
0.495766
0.495766
0.495766
0.495766
0.495766
0.495766
0.495766
0.495766
0.495766
0.495766
0.495766
0.495766
0.495766
0.495766
0.495766
0.495766
0.495766
0.495766
0.495766
0.495766
0.495766
0.495766
0.495766
0.495766
0.495766
0.495766
0.495766
0.495766
0.495766
0.495766
0.495766
0.495766
0.495766
0.495766
0.495766
0.495766
0.495766
0.495766
0.495766
0.495766
0.495766
0.495766
0.495766
0.495766
0.495766
0.495766
0.495766
0.495766
0.495766
0.495766
0.495766
0.495766
0.495766
0.495766
0.495766
0.495766
0.495766
0.495766
0.495766
0.495766
0.495766
0.495766
0.495766
0.495766
0.495766
0.495766
0.495766
0.495766
0.495766
0.495766
0.495766
0.495766
0.495766
0.495766
0.495766
0.495766
0.495766
0.495766
0.495766
0.495766
0.495766
0.495766
0.495766
0.495766
0.495766
0.495766
0.495766
0.495766
0.495766
0.495766
0.495766
0.495766
0.495766
0.495766
0.495766
0.495766
0.495766
0.495766
0.495766
0.495766
0.495766
0.495766
0.495766
0.495766
0.495766
0.495766
0.495766
0.495766
0.495766
0.495766
0.495766
0.495766
0.495766
0.495766
0.495766
0.495766
0.495766
0.495766
0.495766
0.495766
0.495766
0.495766
0.495766
0.495766
0.495766
0.495766
0.495766
0.495766
0.495766
0.495766
0.495766
0.495766
0.495766
0.495766
0.495766
0.495766
0.495766
0.495766
0.495766
0.495766
0.495766
0.495766
0.495766
0.495766
0.495766
0.495766
0.495766
0.495766
0.495766
0.495766
0.495766
0.495766
0.495766
0.495766
0.495766
0.495766
0.495766
0.495766
0.495766
0.495766
0.495766
0.495766
0.495766
0.495766
0.495766
0.495766
0.495766
0.495766
0.495766
0.495766
0.495766
0.495766
0.495766
0.495766
0.495766
0.495766
0.495766
0.495766
0.495766
0.495766
0.495766
0.495766
0.495766
0.495766
0.495766
0.495766
0.495766
0.495766
0.495766
0.495766
0.495766
0.495766
0.495766
0.495766
0.495766
0.495766
0.495766
0.495766
0.495766
0.495766
0.495766
0.495766
0.495766
0.495766
0.495766
0.495766
0.495766
0.495766
0.495766
0.495766
0.495766
0.495766
0.495766
0.495766
0.495766
0.495766
0.495766
0.495766
0.495766
0.495766
0.495766
0.495766
0.495766
0.495766
0.495766
0.495766
0.495766
0.495766
0.495766
0.495766
0.495766
0.495766
0.495766
0.495766
0.495766
0.495766
0.495766
0.495766
0.495766
0.495766
0.495766
0.495766
0.495766
0.495766
0.495766
0.495766
0.495766
0.495766
0.495766
0.495766
0.495766
0.495766
0.495766
0.495766
0.495766
0.495766
0.495766
0.495766
0.495766
0.495766
0.495766
0.495766
0.495766
0.495766
0.495766
0.495766
0.495766
0.495766
0.495766
0.495766
0.495766
0.495766
0.495766
0.495766
0.495766
0.495766
0.495766
0.495766
0.495766
0.495766
0.495766
0.495766
0.495766
0.495766
0.495766
0.495766
0.495766
0.495766
0.495766
0.495766
0.495766
0.495766
0.495766
0.495766
0.495766
0.495766
0.495766
0.495766
0.495766
0.495766
0.495766
0.495766
0.495766
0.495766
0.495766
0.495766
0.495766
0.495766
0.495766
0.495766
0.495766
0.495766
0.495766
0.495766
0.495766
0.495766
0.495766
0.495766
0.495766
0.495766
0.495766
0.495766
0.495766
0.495766
0.495766
0.495766
0.495766
0.495766
0.495766
0.495766
0.495766
0.495766
0.495766
0.495766
0.495766
0.495766
0.495766
0.495766
0.495766
0.495766
0.495766
0.495766
0.495766
0.495766
0.495766
0.495766
0.495766
0.495766
0.495766
0.495766
0.495766
0.495766
0.495766
0.495766
0.495766
0.495766
0.495766
0.495766
0.495766
0.495766
0.495766
0.495766
0.495766
0.495766
0.495766
0.495766
0.495766
0.495766
0.495766
0.495766
0.495766
0.495766
0.495766
0.495766
0.495766
0.495766
0.495766
0.495766
0.495766
0.495766
0.495766
0.495766
0.495766
0.495766
0.495766
0.495766
0.495766
0.495766
0.495766
0.495766
0.495766
0.495766
0.495766
0.495766
0.495766
0.495766
0.495766
0.495766
0.495766
0.495766
0.495766
0.495766
0.495766
0.495766
0.495766
0.495766
0.495766
0.495766
0.495766
0.495766
0.495766
0.495766
0.495766
0.495766
0.495766
0.495766
0.495766
0.495766
0.495766
0.495766
0.495766
0.495766
0.495766
0.495766
0.495766
0.495766
0.495766
0.495766
0.495766
0.495766
0.495766
0.495766
0.495766
0.495766
0.495766
0.495766
0.495766
0.495766
0.495766
0.495766
0.495766
0.495766
0.495766
0.495766
0.495766
0.495766
0.495766
0.495766
0.495766
0.495766
0.495766
0.495766
0.495766
0.495766
0.495766
0.495766
0.495766
0.495766
0.495766
0.495766
0.495766
0.495766
0.495766
0.495766
0.495766
0.495766
0.495766
0.495766
0.495766
0.495766
0.495766
0.495766
0.495766
0.495766
0.495766
0.495766
0.495766
0.495766
0.495766
0.495766
0.495766
0.495766
0.495766
0.495766
0.495766
0.495766
0.495766
0.495766
0.495766
0.495766
0.495766
0.495766
0.495766
0.495766
0.495766
0.495766
0.495766
0.495766
0.495766
0.495766
0.495766
0.495766
0.495766
0.495766
0.495766
0.495766
0.495766
0.495766
0.495766
0.495766
0.495766
0.495766
0.495766
0.495766
0.495766
0.495766
0.495766
0.495766
0.495766
0.495766
0.495766
0.495766
0.495766
0.495766
0.495766
0.495766
0.495766
0.495766
0.495766
0.495766
0.495766
0.495766
0.495766
0.495766
0.495766
0.495766
0.495766
0.495766
0.495766
0.495766
0.495766
0.495766
0.495766
0.495766
0.495766
0.495766
0.495766
0.495766
0.495766
0.495766
0.495766
0.495766
0.495766
0.495766
0.495766
0.495766
0.495766
0.495766
0.495766
0.495766
0.495766
0.495766
0.495766
0.495766
0.495766
0.495766
0.495766
0.495766
0.495766
0.495766
0.495766
0.495766
0.495766
0.495766
0.495766
0.495766
0.495766
0.495766
0.495766
0.495766
0.495766
0.495766
0.495766
0.495766
0.495766
0.495766
0.495766
0.495766
0.495766
0.495766
0.495766
0.495766
0.495766
0.495766
0.495766
0.495766
0.495766
0.495766
0.495766
0.495766
0.495766
0.495766
0.495766
0.495766
0.495766
0.495766
0.495766
0.495766
0.495766
0.495766
0.495766
0.495766
0.495766
0.495766
0.495766
0.495766
0.495766
0.495766
0.495766
0.495766
0.495766
0.495766
0.495766
0.495766
0.495766
0.495766
0.495766
0.495766
0.495766
0.495766
0.495766
0.495766
0.495766
0.495766
0.495766
0.495766
0.495766
0.495766
0.495766
0.495766
0.495766
0.495766
0.495766
0.495766
0.495766
0.495766
0.495766
0.495766
0.495766
0.495766
0.495766
0.495766
0.495766
0.495766
0.495766
0.495766
0.495766
0.495766
0.495766
0.495766
0.495766
0.495766
0.495766
0.495766
0.495766
0.495766
0.495766
0.495766
0.495766
0.495766
0.495766
0.495766
0.495766
0.495766
0.495766
0.495766
0.495766
0.495766
0.495766
0.495766
0.495766
0.495766
0.495766
0.495766
0.495766
0.495766
0.495766
0.495766
0.495766
0.495766
0.495766
0.495766
0.495766
0.495766
0.495766
0.495766
0.495766
0.495766
0.495766
0.495766
0.495766
0.495766
0.495766
0.495766
0.495766
0.495766
0.495766
0.495766
0.495766
0.495766
0.495766
0.495766
0.495766
0.495766
0.495766
0.495766
0.495766
0.495766
0.495766
0.495766
0.495766
0.495766
0.495766
0.495766
0.495766
0.495766
0.495766
0.495766
0.495766
0.495766
0.495766
0.495766
0.495766
0.495766
0.495766
0.495766
0.495766
0.495766
0.495766
0.495766
0.495766
0.495766
0.495766
0.495766
0.495766
0.495766
0.495766
0.495766
0.495766
0.495766
0.495766
0.495766
0.495766
0.495766
0.495766
0.495766
0.495766
0.495766
0.495766
0.495766
0.495766
0.495766
0.495766
0.495766
0.495766
0.495766
0.495766
)
;
        value           nonuniform List<scalar> 
990
(
320.741
321.121
321.499
321.815
322.072
322.279
322.454
322.613
322.765
322.91
323.046
323.17
323.283
323.386
323.48
323.567
323.647
323.721
323.789
323.852
323.91
323.963
324.013
324.061
324.106
324.15
324.194
324.236
324.279
324.322
324.363
324.4
324.421
324.452
324.483
324.513
324.542
324.57
324.599
324.628
324.656
324.684
324.712
324.739
324.768
324.796
324.824
324.85
324.875
324.9
324.923
324.946
324.969
324.993
325.017
325.041
325.067
325.097
325.138
325.167
325.192
325.215
325.237
325.257
325.275
325.292
325.308
325.322
325.336
325.347
325.357
325.365
325.372
325.377
325.379
325.379
325.377
325.375
325.378
325.391
325.419
325.461
325.513
325.567
325.616
325.656
325.687
325.721
325.795
326.024
320.811
321.194
321.574
321.893
322.156
322.373
322.562
322.733
322.895
323.045
323.183
323.308
323.421
323.525
323.62
323.707
323.788
323.863
323.932
323.995
324.054
324.108
324.159
324.208
324.255
324.301
324.346
324.39
324.434
324.477
324.52
324.559
324.594
324.627
324.659
324.691
324.721
324.751
324.781
324.811
324.839
324.868
324.896
324.924
324.952
324.979
325.007
325.033
325.06
325.086
325.111
325.135
325.159
325.183
325.208
325.232
325.256
325.282
325.308
325.332
325.355
325.377
325.4
325.42
325.438
325.455
325.472
325.486
325.5
325.511
325.521
325.529
325.536
325.541
325.544
325.545
325.544
325.542
325.541
325.546
325.56
325.586
325.621
325.662
325.701
325.736
325.765
325.798
325.872
326.103
320.87
321.255
321.638
321.96
322.228
322.456
322.655
322.837
323.004
323.157
323.296
323.421
323.535
323.639
323.735
323.823
323.905
323.98
324.05
324.114
324.173
324.229
324.281
324.332
324.38
324.427
324.473
324.518
324.563
324.607
324.649
324.688
324.724
324.759
324.792
324.824
324.856
324.887
324.918
324.948
324.977
325.006
325.035
325.063
325.091
325.118
325.145
325.173
325.2
325.227
325.253
325.279
325.304
325.329
325.353
325.378
325.402
325.426
325.45
325.472
325.495
325.517
325.539
325.559
325.578
325.595
325.611
325.626
325.64
325.652
325.662
325.67
325.677
325.682
325.686
325.688
325.688
325.686
325.684
325.684
325.689
325.701
325.722
325.75
325.78
325.808
325.835
325.867
325.941
326.176
320.915
321.302
321.688
322.013
322.287
322.523
322.732
322.92
323.091
323.245
323.384
323.509
323.624
323.729
323.825
323.914
323.997
324.073
324.143
324.207
324.268
324.325
324.378
324.43
324.48
324.528
324.575
324.621
324.666
324.71
324.751
324.79
324.826
324.861
324.895
324.928
324.961
324.993
325.024
325.055
325.085
325.115
325.144
325.173
325.2
325.227
325.255
325.283
325.31
325.338
325.365
325.392
325.418
325.444
325.469
325.494
325.518
325.542
325.565
325.588
325.61
325.631
325.653
325.673
325.692
325.709
325.726
325.741
325.755
325.767
325.777
325.785
325.792
325.797
325.801
325.803
325.804
325.804
325.802
325.8
325.8
325.804
325.814
325.83
325.851
325.874
325.897
325.928
326.003
326.24
320.949
321.338
321.725
322.053
322.334
322.577
322.791
322.983
323.156
323.311
323.45
323.576
323.692
323.797
323.894
323.984
324.067
324.143
324.214
324.279
324.341
324.399
324.454
324.507
324.558
324.607
324.654
324.701
324.746
324.789
324.83
324.868
324.905
324.94
324.975
325.009
325.042
325.075
325.107
325.138
325.169
325.199
325.228
325.258
325.286
325.313
325.341
325.369
325.397
325.426
325.454
325.481
325.508
325.535
325.56
325.586
325.611
325.635
325.658
325.681
325.703
325.725
325.746
325.766
325.785
325.803
325.819
325.835
325.849
325.861
325.872
325.881
325.887
325.892
325.896
325.899
325.9
325.9
325.899
325.897
325.895
325.895
325.898
325.906
325.919
325.936
325.956
325.985
326.06
326.3
320.973
321.363
321.753
322.085
322.37
322.618
322.837
323.031
323.204
323.36
323.5
323.627
323.743
323.849
323.947
324.037
324.12
324.197
324.269
324.335
324.398
324.457
324.513
324.567
324.618
324.668
324.716
324.763
324.807
324.85
324.891
324.929
324.966
325.002
325.037
325.072
325.106
325.139
325.171
325.203
325.234
325.265
325.295
325.325
325.353
325.382
325.41
325.439
325.467
325.496
325.525
325.553
325.581
325.608
325.634
325.66
325.686
325.711
325.735
325.758
325.781
325.802
325.823
325.844
325.863
325.881
325.898
325.914
325.929
325.942
325.953
325.963
325.97
325.976
325.98
325.982
325.984
325.984
325.983
325.982
325.979
325.978
325.977
325.98
325.987
325.998
326.014
326.042
326.117
326.36
320.991
321.383
321.775
322.11
322.398
322.65
322.871
323.067
323.241
323.397
323.538
323.666
323.782
323.889
323.987
324.078
324.161
324.239
324.311
324.378
324.442
324.502
324.559
324.613
324.665
324.716
324.764
324.81
324.855
324.897
324.938
324.977
325.014
325.051
325.086
325.121
325.156
325.189
325.222
325.254
325.286
325.317
325.348
325.378
325.407
325.436
325.466
325.495
325.524
325.553
325.582
325.611
325.639
325.667
325.694
325.721
325.748
325.774
325.799
325.823
325.846
325.869
325.89
325.911
325.931
325.95
325.967
325.984
326
326.014
326.026
326.037
326.046
326.053
326.058
326.062
326.064
326.065
326.065
326.064
326.062
326.059
326.057
326.057
326.06
326.067
326.078
326.103
326.179
326.424
321.004
321.397
321.791
322.129
322.42
322.673
322.896
323.092
323.267
323.424
323.566
323.694
323.811
323.918
324.017
324.108
324.192
324.27
324.343
324.411
324.475
324.536
324.594
324.649
324.702
324.752
324.8
324.847
324.891
324.934
324.974
325.013
325.051
325.089
325.125
325.16
325.195
325.229
325.262
325.294
325.326
325.358
325.389
325.42
325.45
325.48
325.51
325.54
325.569
325.599
325.628
325.658
325.687
325.715
325.743
325.771
325.799
325.826
325.852
325.877
325.902
325.926
325.948
325.97
325.991
326.011
326.03
326.048
326.064
326.08
326.093
326.106
326.116
326.125
326.133
326.139
326.143
326.147
326.149
326.15
326.15
326.148
326.147
326.146
326.147
326.15
326.159
326.18
326.256
326.507
321.013
321.408
321.803
322.142
322.435
322.69
322.913
323.11
323.286
323.444
323.586
323.715
323.832
323.94
324.039
324.13
324.215
324.294
324.368
324.437
324.502
324.563
324.622
324.677
324.73
324.781
324.83
324.876
324.921
324.963
325.004
325.044
325.083
325.12
325.157
325.193
325.228
325.262
325.296
325.329
325.362
325.394
325.426
325.457
325.488
325.518
325.549
325.579
325.61
325.64
325.67
325.7
325.729
325.759
325.788
325.816
325.844
325.872
325.899
325.926
325.952
325.977
326.001
326.025
326.047
326.069
326.089
326.109
326.127
326.144
326.159
326.173
326.186
326.197
326.206
326.215
326.222
326.227
326.232
326.236
326.239
326.241
326.242
326.244
326.246
326.25
326.257
326.278
326.356
326.615
321.02
321.416
321.813
322.155
322.449
322.706
322.931
323.13
323.307
323.466
323.609
323.74
323.859
323.968
324.068
324.161
324.247
324.327
324.403
324.473
324.54
324.603
324.662
324.719
324.773
324.825
324.874
324.922
324.967
325.011
325.053
325.094
325.134
325.173
325.211
325.248
325.284
325.319
325.354
325.388
325.422
325.455
325.488
325.521
325.553
325.585
325.616
325.648
325.679
325.71
325.742
325.772
325.803
325.834
325.864
325.894
325.923
325.952
325.981
326.009
326.036
326.063
326.088
326.113
326.137
326.161
326.183
326.204
326.224
326.243
326.26
326.277
326.291
326.304
326.316
326.327
326.336
326.344
326.352
326.358
326.364
326.369
326.373
326.377
326.382
326.389
326.398
326.42
326.498
326.758
321.03
321.433
321.837
322.185
322.486
322.749
322.98
323.184
323.367
323.531
323.68
323.815
323.939
324.053
324.158
324.255
324.346
324.431
324.51
324.585
324.655
324.722
324.786
324.846
324.904
324.959
325.012
325.063
325.111
325.159
325.204
325.249
325.292
325.334
325.376
325.416
325.455
325.494
325.532
325.569
325.606
325.642
325.678
325.714
325.749
325.784
325.819
325.853
325.887
325.921
325.955
325.989
326.023
326.056
326.089
326.122
326.154
326.186
326.217
326.248
326.278
326.307
326.336
326.363
326.39
326.416
326.44
326.464
326.486
326.507
326.526
326.544
326.561
326.576
326.59
326.602
326.613
326.623
326.631
326.639
326.646
326.652
326.657
326.663
326.669
326.676
326.686
326.708
326.777
327.001
)
;
        Tnbr            T;
        qrNbr           none;
        qr              none;
        thermalInertia  false;
        thicknessLayers List<scalar> 0();
        kappaLayers     List<scalar> 0();
        kappaMethod     solidThermo;
        kappa           none;
        alphaAni        none;
        alpha           none;
    }
    asphalt_to_air
    {
        type            compressible::turbulentTemperatureRadCoupledMixed;
        refValue        nonuniform List<scalar> 
990
(
310.21
310.406
310.581
310.74
310.887
311.023
311.149
311.267
311.379
311.484
311.584
311.679
311.77
311.858
311.942
312.023
312.102
312.178
312.252
312.323
312.393
312.461
312.527
312.592
312.655
312.716
312.777
312.836
312.894
312.951
313.007
313.063
313.117
313.17
313.223
313.274
313.325
313.375
313.424
313.473
313.521
313.569
313.615
313.662
313.707
313.753
313.797
313.841
313.885
313.929
313.971
314.014
314.056
314.098
314.139
314.18
314.22
314.26
314.3
314.339
314.377
314.415
314.451
314.487
314.522
314.556
314.588
314.619
314.649
314.676
314.702
314.726
314.746
314.763
314.777
314.788
314.798
314.805
314.811
314.816
314.82
314.823
314.826
314.829
314.832
314.837
314.843
314.853
314.866
314.883
310.211
310.407
310.582
310.743
310.89
311.027
311.154
311.273
311.385
311.491
311.592
311.689
311.781
311.869
311.954
312.036
312.116
312.193
312.267
312.34
312.41
312.479
312.546
312.611
312.675
312.738
312.799
312.859
312.918
312.976
313.033
313.089
313.144
313.199
313.252
313.305
313.356
313.407
313.458
313.507
313.556
313.605
313.652
313.699
313.746
313.792
313.838
313.883
313.927
313.971
314.015
314.058
314.101
314.144
314.186
314.228
314.269
314.31
314.35
314.39
314.429
314.467
314.504
314.541
314.576
314.61
314.643
314.675
314.705
314.733
314.759
314.783
314.803
314.82
314.834
314.846
314.856
314.863
314.869
314.874
314.877
314.88
314.883
314.885
314.887
314.891
314.897
314.906
314.918
314.935
310.211
310.407
310.583
310.744
310.892
311.029
311.157
311.277
311.39
311.497
311.598
311.696
311.788
311.878
311.963
312.046
312.126
312.204
312.279
312.352
312.423
312.493
312.56
312.627
312.691
312.754
312.817
312.877
312.937
312.996
313.054
313.111
313.167
313.222
313.276
313.33
313.382
313.434
313.486
313.536
313.586
313.635
313.684
313.732
313.779
313.826
313.873
313.919
313.964
314.009
314.054
314.098
314.142
314.186
314.229
314.271
314.313
314.355
314.396
314.437
314.477
314.516
314.554
314.591
314.627
314.662
314.696
314.728
314.758
314.787
314.814
314.839
314.86
314.878
314.893
314.905
314.915
314.923
314.93
314.935
314.939
314.942
314.944
314.947
314.949
314.953
314.959
314.968
314.979
314.995
310.211
310.407
310.583
310.744
310.892
311.03
311.158
311.278
311.392
311.5
311.602
311.7
311.793
311.883
311.97
312.053
312.134
312.212
312.287
312.361
312.433
312.503
312.571
312.638
312.703
312.767
312.83
312.891
312.952
313.011
313.07
313.128
313.184
313.24
313.295
313.349
313.403
313.456
313.508
313.559
313.61
313.66
313.71
313.759
313.807
313.855
313.902
313.949
313.996
314.042
314.087
314.133
314.178
314.222
314.266
314.31
314.353
314.396
314.438
314.479
314.52
314.56
314.599
314.637
314.674
314.71
314.744
314.777
314.808
314.838
314.865
314.89
314.913
314.931
314.947
314.959
314.969
314.978
314.984
314.99
314.994
314.997
315
315.002
315.005
315.008
315.014
315.023
315.034
315.05
310.211
310.407
310.583
310.744
310.892
311.03
311.158
311.279
311.393
311.501
311.604
311.702
311.796
311.887
311.973
312.057
312.138
312.217
312.293
312.367
312.439
312.509
312.578
312.645
312.711
312.775
312.839
312.901
312.962
313.022
313.081
313.139
313.197
313.253
313.309
313.364
313.418
313.471
313.524
313.576
313.628
313.679
313.729
313.779
313.828
313.877
313.925
313.973
314.021
314.068
314.114
314.16
314.206
314.252
314.297
314.342
314.386
314.43
314.473
314.515
314.557
314.598
314.638
314.677
314.715
314.752
314.788
314.821
314.853
314.884
314.912
314.938
314.962
314.981
314.998
315.011
315.021
315.03
315.037
315.042
315.046
315.049
315.052
315.054
315.057
315.061
315.066
315.075
315.086
315.103
310.211
310.407
310.583
310.744
310.892
311.03
311.159
311.28
311.394
311.503
311.606
311.704
311.798
311.889
311.976
312.06
312.141
312.22
312.296
312.371
312.443
312.514
312.583
312.65
312.716
312.781
312.845
312.907
312.969
313.029
313.089
313.147
313.205
313.262
313.318
313.374
313.428
313.482
313.536
313.589
313.641
313.692
313.743
313.794
313.844
313.894
313.943
313.991
314.039
314.087
314.135
314.182
314.229
314.276
314.322
314.368
314.413
314.458
314.502
314.546
314.589
314.632
314.673
314.713
314.753
314.791
314.827
314.862
314.896
314.928
314.957
314.985
315.01
315.033
315.051
315.066
315.077
315.087
315.094
315.1
315.104
315.108
315.11
315.113
315.115
315.118
315.124
315.132
315.143
315.16
310.211
310.407
310.583
310.744
310.892
311.03
311.159
311.281
311.395
311.504
311.607
311.706
311.8
311.891
311.978
312.062
312.143
312.222
312.299
312.373
312.446
312.517
312.586
312.653
312.72
312.785
312.849
312.911
312.973
313.034
313.093
313.152
313.21
313.268
313.324
313.38
313.435
313.489
313.543
313.596
313.648
313.7
313.752
313.803
313.853
313.904
313.953
314.002
314.051
314.1
314.148
314.196
314.244
314.292
314.339
314.386
314.432
314.478
314.524
314.569
314.614
314.658
314.701
314.743
314.784
314.824
314.862
314.899
314.935
314.968
315
315.03
315.058
315.083
315.106
315.126
315.143
315.155
315.166
315.173
315.18
315.184
315.188
315.191
315.193
315.197
315.202
315.21
315.22
315.235
310.211
310.407
310.584
310.744
310.893
311.031
311.16
311.282
311.396
311.505
311.608
311.707
311.801
311.892
311.979
312.064
312.145
312.224
312.301
312.375
312.448
312.519
312.588
312.656
312.722
312.787
312.851
312.914
312.976
313.037
313.097
313.156
313.214
313.271
313.328
313.383
313.439
313.493
313.547
313.6
313.653
313.705
313.757
313.808
313.859
313.909
313.959
314.009
314.059
314.108
314.157
314.205
314.254
314.302
314.35
314.398
314.445
314.492
314.539
314.586
314.632
314.677
314.722
314.766
314.809
314.851
314.892
314.931
314.969
315.005
315.04
315.073
315.103
315.132
315.159
315.183
315.206
315.226
315.244
315.26
315.274
315.286
315.295
315.303
315.31
315.316
315.322
315.329
315.337
315.351
310.211
310.408
310.584
310.745
310.893
311.031
311.161
311.282
311.397
311.506
311.609
311.708
311.802
311.893
311.98
312.065
312.146
312.225
312.302
312.377
312.449
312.52
312.59
312.658
312.724
312.789
312.853
312.916
312.978
313.039
313.098
313.157
313.215
313.273
313.329
313.385
313.44
313.495
313.548
313.602
313.654
313.706
313.758
313.809
313.86
313.911
313.961
314.01
314.06
314.109
314.158
314.207
314.255
314.304
314.352
314.4
314.448
314.496
314.543
314.59
314.637
314.684
314.729
314.775
314.819
314.863
314.905
314.947
314.987
315.026
315.063
315.099
315.133
315.165
315.196
315.224
315.251
315.276
315.299
315.321
315.341
315.359
315.375
315.391
315.405
315.418
315.431
315.443
315.456
315.475
310.211
310.408
310.584
310.745
310.893
311.032
311.161
311.283
311.397
311.506
311.61
311.709
311.803
311.894
311.982
312.066
312.148
312.227
312.304
312.379
312.452
312.523
312.592
312.66
312.727
312.792
312.857
312.92
312.981
313.042
313.102
313.161
313.22
313.277
313.334
313.39
313.445
313.5
313.554
313.607
313.66
313.712
313.764
313.815
313.866
313.916
313.966
314.016
314.065
314.114
314.163
314.212
314.26
314.309
314.357
314.405
314.453
314.5
314.548
314.595
314.642
314.689
314.735
314.781
314.826
314.87
314.913
314.956
314.997
315.037
315.076
315.113
315.149
315.184
315.217
315.249
315.279
315.307
315.334
315.36
315.384
315.407
315.429
315.45
315.471
315.49
315.509
315.528
315.549
315.576
310.211
310.408
310.584
310.746
310.895
311.033
311.163
311.285
311.401
311.51
311.614
311.714
311.809
311.9
311.989
312.074
312.156
312.236
312.314
312.389
312.463
312.535
312.605
312.674
312.742
312.808
312.873
312.937
313
313.061
313.122
313.182
313.241
313.3
313.357
313.414
313.47
313.525
313.58
313.634
313.688
313.741
313.793
313.845
313.897
313.948
313.998
314.048
314.098
314.148
314.197
314.246
314.295
314.344
314.392
314.44
314.489
314.536
314.584
314.631
314.678
314.725
314.771
314.816
314.861
314.905
314.948
314.99
315.031
315.071
315.11
315.147
315.182
315.216
315.248
315.279
315.308
315.336
315.362
315.387
315.411
315.433
315.454
315.475
315.495
315.514
315.533
315.552
315.574
315.6
)
;
        refGradient     nonuniform List<scalar> 
990
(
72.5317
70.3769
68.7298
67.3124
66.0947
64.9933
63.9689
63.0349
62.2179
61.5192
60.9134
60.3701
59.8705
59.408
58.9809
58.5869
58.2222
57.882
57.5619
57.2588
56.9709
56.6975
56.439
56.1958
55.9678
55.754
55.554
55.3683
55.1976
55.0418
54.8979
54.7652
54.6522
54.5162
54.3733
54.2328
54.0895
53.9525
53.8222
53.6946
53.5686
53.4441
53.3208
53.1967
53.082
52.9654
52.8456
52.7246
52.6013
52.4739
52.3435
52.2129
52.0848
51.96
51.8381
51.7184
51.5999
51.4788
51.3414
51.2251
51.1194
51.016
50.9172
50.8187
50.7185
50.6222
50.5318
50.4488
50.3745
50.3095
50.2544
50.2099
50.176
50.1524
50.1382
50.1323
50.1309
50.1224
50.0834
49.9826
49.7979
49.5387
49.2541
49.0108
48.8514
48.7689
48.7258
48.7104
48.8333
49.872
72.3952
70.2254
68.5621
67.1245
65.8863
64.7756
63.7613
62.8508
62.0551
61.3642
60.753
60.1987
59.6892
59.2202
58.7889
58.3916
58.0234
57.6794
57.3555
57.0489
56.7582
56.4829
56.2235
55.9799
55.7515
55.5373
55.337
55.151
54.9794
54.8204
54.6693
54.522
54.3762
54.2274
54.0791
53.935
53.7951
53.6588
53.526
53.3957
53.2673
53.1407
53.0155
52.8907
52.7674
52.6445
52.5218
52.3995
52.2766
52.1519
52.0252
51.8975
51.7703
51.6448
51.5214
51.4001
51.2809
51.1638
51.0439
50.9312
50.8238
50.7181
50.6214
50.5213
50.4204
50.3235
50.233
50.1504
50.0771
50.0132
49.959
49.9146
49.8805
49.8566
49.8429
49.8393
49.8433
49.8461
49.8279
49.76
49.6188
49.4061
49.1609
48.9433
48.797
48.7215
48.6851
48.6764
48.8055
49.8571
72.1393
69.9559
68.2779
66.8216
65.5652
64.4486
63.4452
62.5537
61.771
61.0809
60.4621
59.8989
59.3833
58.9108
58.4771
58.0773
57.7062
57.3591
57.0324
56.7234
56.4311
56.1553
55.8959
55.6525
55.4242
55.2098
55.0092
54.8224
54.6488
54.4853
54.3271
54.1707
54.0148
53.86
53.7088
53.5622
53.4232
53.2864
53.1513
53.0184
52.8879
52.7592
52.6321
52.506
52.3774
52.2501
52.1248
52.0006
51.877
51.7534
51.6291
51.5036
51.3775
51.2518
51.1275
51.0053
50.8852
50.7675
50.6485
50.5343
50.4241
50.3158
50.2163
50.1144
50.0128
49.9153
49.8242
49.7412
49.6677
49.604
49.5498
49.5053
49.4705
49.4454
49.4303
49.4254
49.43
49.4395
49.4411
49.4135
49.3343
49.1966
49.0223
48.856
48.7362
48.6695
48.6353
48.6292
48.7643
49.8298
71.8454
69.6512
67.9611
66.489
65.2188
64.0998
63.1068
62.2288
61.4524
60.7601
60.1353
59.5671
59.0486
58.5745
58.1393
57.7375
57.3642
57.0149
56.6863
56.3761
56.0835
55.8081
55.5495
55.3068
55.0785
54.864
54.6628
54.4746
54.2978
54.1291
53.9642
53.8011
53.6398
53.4819
53.3289
53.1804
53.0405
52.9023
52.765
52.63
52.4974
52.3668
52.2376
52.11
51.9783
51.8483
51.7209
51.5948
51.47
51.3461
51.2225
51.098
50.9726
50.8469
50.7223
50.5995
50.4787
50.3599
50.2409
50.1247
50.0117
49.9009
49.797
49.6932
49.5907
49.4925
49.4008
49.3173
49.2435
49.18
49.1262
49.082
49.0472
49.0216
49.0052
48.9979
48.9997
49.0096
49.0222
49.0258
49.0039
48.945
48.8544
48.7561
48.6764
48.6242
48.5912
48.5847
48.7235
49.7996
71.6061
69.4045
67.7052
66.2211
64.9416
63.8223
62.8363
61.9648
61.1898
60.4945
59.8661
59.2956
58.776
58.3009
57.8644
57.461
57.0861
56.7353
56.4057
56.0954
55.8034
55.5291
55.2715
55.0293
54.8012
54.5863
54.3841
54.1938
54.0132
53.839
53.6685
53.5006
53.3361
53.1765
53.0222
52.8723
52.7303
52.5901
52.4509
52.314
52.1796
52.0471
51.916
51.7865
51.6532
51.5216
51.3926
51.2649
51.1385
51.0134
50.8889
50.764
50.6384
50.5124
50.3872
50.2639
50.1423
50.0224
49.9029
49.7851
49.6698
49.5567
49.4488
49.3427
49.2388
49.1395
49.0467
48.9619
48.8868
48.8225
48.7683
48.7239
48.6891
48.6633
48.6461
48.637
48.6357
48.6424
48.6562
48.6734
48.6852
48.682
48.6598
48.6252
48.5889
48.5566
48.5279
48.521
48.6622
49.7469
71.4711
69.2644
67.5578
66.0645
64.7784
63.6576
62.6729
61.8014
61.024
60.3256
59.695
59.123
58.6023
58.1259
57.688
57.2832
56.9069
56.5551
56.2251
55.9152
55.6242
55.351
55.0943
54.8524
54.6241
54.4085
54.2049
54.0119
53.8272
53.6482
53.4733
53.3023
53.136
52.9753
52.82
52.6687
52.5242
52.3818
52.2409
52.1023
51.9661
51.8317
51.6988
51.5673
51.4332
51.3005
51.1703
51.0413
50.9133
50.7863
50.6599
50.5332
50.4061
50.2788
50.1523
50.0274
49.9042
49.7827
49.6619
49.5425
49.4252
49.3102
49.1992
49.0904
48.9845
48.8833
48.7881
48.7005
48.6219
48.5538
48.4967
48.4501
48.4134
48.3863
48.368
48.3578
48.3548
48.3587
48.3696
48.387
48.4083
48.4286
48.4427
48.4484
48.4455
48.4339
48.4153
48.4127
48.558
49.652
71.4242
69.213
67.4995
65.9983
64.7055
63.5802
62.5917
61.7161
60.9348
60.2335
59.6008
59.0273
58.505
58.0271
57.5876
57.1814
56.8038
56.4513
56.1213
55.812
55.5219
55.2496
54.9933
54.7514
54.5226
54.306
54.1005
53.9046
53.7162
53.5335
53.3557
53.1829
53.0158
52.8544
52.6981
52.5457
52.3987
52.2544
52.112
51.9719
51.8341
51.6981
51.5634
51.43
51.2953
51.162
51.0307
50.9005
50.7713
50.6424
50.5136
50.3845
50.255
50.1255
49.9966
49.8688
49.7426
49.6181
49.4949
49.3732
49.2534
49.136
49.0223
48.9114
48.8033
48.6994
48.6011
48.5094
48.4255
48.3504
48.2851
48.2306
48.1871
48.1543
48.1314
48.1177
48.1122
48.1137
48.1216
48.1352
48.1539
48.1763
48.1996
48.2203
48.235
48.2403
48.2366
48.245
48.4001
49.5093
71.4135
69.1978
67.4776
65.9688
64.6691
63.5377
62.5438
61.6636
60.8789
60.1752
59.5406
58.9654
58.4415
57.9619
57.5209
57.1133
56.7348
56.3819
56.0521
55.7434
55.4541
55.1823
54.926
54.6837
54.4542
54.2364
54.0291
53.8306
53.6394
53.4542
53.2748
53.1014
52.934
52.7722
52.6152
52.462
52.3132
52.1674
52.024
51.883
51.7441
51.6068
51.4708
51.3359
51.201
51.0673
50.9351
50.804
50.6737
50.5437
50.4134
50.2826
50.1512
50.0196
49.8882
49.7574
49.6274
49.4985
49.3709
49.2447
49.1207
48.9993
48.8812
48.7667
48.6561
48.5502
48.4496
48.355
48.2668
48.1858
48.1126
48.0478
47.9917
47.9447
47.9073
47.8798
47.8624
47.8544
47.8541
47.8602
47.8715
47.8873
47.9064
47.9267
47.9458
47.9607
47.9701
47.9939
48.1655
49.3019
71.4022
69.1824
67.4568
65.9421
64.6369
63.501
62.5035
61.6208
60.8343
60.1292
59.4934
58.917
58.392
57.9115
57.4696
57.0613
56.6825
56.3299
56.0008
55.6929
55.4044
55.133
54.8768
54.6344
54.4044
54.1857
53.9771
53.777
53.5842
53.3982
53.2186
53.0455
52.8784
52.7167
52.5597
52.4066
52.2571
52.1109
51.9675
51.8266
51.6876
51.5504
51.4144
51.2794
51.1453
51.0122
50.8802
50.7492
50.6186
50.4881
50.3572
50.2259
50.0943
49.9626
49.831
49.6996
49.5685
49.4381
49.3085
49.1798
49.0525
48.9271
48.8042
48.6845
48.5688
48.4577
48.352
48.2522
48.159
48.0729
47.9943
47.9233
47.8602
47.805
47.7581
47.7195
47.6893
47.6671
47.652
47.643
47.6392
47.6398
47.6444
47.6525
47.6635
47.6756
47.6875
47.7127
47.8853
49.0383
71.3886
69.1691
67.4426
65.9268
64.6211
63.4853
62.4886
61.607
60.8217
60.1179
59.4834
58.9083
58.3845
57.9053
57.4648
57.0582
56.6813
56.3308
56.004
55.6985
55.4121
55.1425
54.8879
54.6468
54.4179
54.2
53.9919
53.7923
53.6004
53.4156
53.2379
53.0667
52.9014
52.7414
52.5859
52.4344
52.2863
52.1416
51.9999
51.8608
51.7237
51.5884
51.4545
51.3217
51.1904
51.06
50.9306
50.8019
50.6737
50.5453
50.4166
50.2875
50.158
50.0285
49.8989
49.7694
49.6402
49.5113
49.3833
49.256
49.1299
49.0052
48.8823
48.7622
48.6456
48.5332
48.4256
48.3234
48.2273
48.1378
48.0551
47.9796
47.9113
47.8503
47.7968
47.7507
47.7122
47.6809
47.6563
47.6375
47.6236
47.6139
47.608
47.606
47.6074
47.6111
47.6148
47.6271
47.7744
48.886
71.4243
69.2532
67.5663
66.0862
64.8132
63.7076
62.7388
61.8834
61.1227
60.442
59.8293
59.275
58.7711
58.3109
57.8888
57.5001
57.1408
56.8075
56.4974
56.2079
55.9367
55.6817
55.4412
55.2136
54.9978
54.7926
54.5968
54.4097
54.2305
54.0587
53.8938
53.7351
53.5819
53.4337
53.2897
53.1498
53.0131
52.8796
52.7491
52.621
52.4949
52.3707
52.248
52.1266
52.0068
51.8881
51.7701
51.6525
51.5352
51.418
51.3007
51.1834
51.0661
50.9488
50.8316
50.7144
50.5974
50.4808
50.3651
50.2504
50.1369
50.0249
49.9146
49.8069
49.7024
49.6015
49.505
49.4135
49.3277
49.248
49.1749
49.1087
49.0496
48.9976
48.9529
48.9154
48.8849
48.8613
48.8438
48.8319
48.8245
48.8212
48.8215
48.8251
48.8316
48.8398
48.8482
48.8605
48.9658
49.8351
)
;
        valueFraction   nonuniform List<scalar> 
990
(
0.185403
0.175302
0.167291
0.16076
0.155332
0.150757
0.146852
0.143481
0.140543
0.137963
0.135683
0.133658
0.13185
0.130227
0.128764
0.127439
0.126236
0.125138
0.124135
0.123214
0.122367
0.121587
0.120864
0.120195
0.119573
0.118993
0.118451
0.117944
0.117467
0.117019
0.116596
0.116197
0.115821
0.115463
0.115121
0.114793
0.114479
0.114175
0.11388
0.113592
0.11331
0.113032
0.112758
0.112485
0.112212
0.111939
0.111664
0.111387
0.111107
0.110822
0.110533
0.110239
0.109939
0.109633
0.109322
0.109004
0.108682
0.108354
0.108021
0.107688
0.107353
0.107018
0.106686
0.106357
0.106034
0.10572
0.105417
0.105128
0.104856
0.104603
0.104374
0.104171
0.103996
0.103849
0.103731
0.103642
0.10358
0.103544
0.103529
0.103534
0.103557
0.103595
0.103647
0.103708
0.103774
0.103838
0.103898
0.103941
0.103954
0.103748
0.185386
0.175286
0.167275
0.160745
0.155317
0.15074
0.146832
0.143459
0.14052
0.13794
0.135661
0.133637
0.13183
0.130208
0.128745
0.127421
0.126218
0.125121
0.124118
0.123198
0.122351
0.12157
0.120847
0.120176
0.119553
0.118971
0.118428
0.117918
0.11744
0.116989
0.116563
0.116161
0.11578
0.115418
0.115073
0.114742
0.114423
0.114115
0.113816
0.113525
0.11324
0.11296
0.112683
0.112409
0.112135
0.111861
0.111586
0.111309
0.111029
0.110745
0.110457
0.110163
0.109864
0.10956
0.109249
0.108933
0.108612
0.108286
0.107956
0.107624
0.107289
0.106955
0.106623
0.106294
0.105973
0.10566
0.105358
0.105071
0.104801
0.104552
0.104326
0.104127
0.103956
0.103813
0.103699
0.103613
0.103554
0.10352
0.103508
0.103516
0.103543
0.103585
0.10364
0.103703
0.10377
0.103835
0.103894
0.103935
0.103945
0.103733
0.18538
0.175279
0.167269
0.160739
0.155311
0.150733
0.146822
0.143447
0.140507
0.137928
0.13565
0.133628
0.131821
0.130199
0.128737
0.127414
0.126211
0.125114
0.124111
0.123191
0.122344
0.121562
0.120839
0.120167
0.119543
0.11896
0.118414
0.117903
0.117422
0.116969
0.116541
0.116137
0.115753
0.115388
0.115039
0.114705
0.114382
0.114071
0.113769
0.113475
0.113187
0.112904
0.112625
0.112349
0.112074
0.111799
0.111523
0.111246
0.110965
0.110681
0.110393
0.1101
0.109801
0.109497
0.109188
0.108872
0.108552
0.108226
0.107897
0.107565
0.107231
0.106897
0.106564
0.106236
0.105915
0.105602
0.105302
0.105016
0.104747
0.1045
0.104276
0.104079
0.10391
0.103769
0.103658
0.103574
0.103517
0.103485
0.103475
0.103486
0.103515
0.103559
0.103615
0.10368
0.103747
0.103812
0.10387
0.103909
0.103916
0.103697
0.185381
0.175281
0.167271
0.160742
0.155313
0.150732
0.14682
0.143444
0.140504
0.137925
0.135648
0.133626
0.131819
0.130198
0.128736
0.127413
0.126211
0.125114
0.124111
0.123191
0.122344
0.121562
0.120837
0.120165
0.119539
0.118954
0.118408
0.117895
0.117412
0.116957
0.116527
0.11612
0.115734
0.115366
0.115014
0.114677
0.114351
0.114036
0.113731
0.113434
0.113144
0.112859
0.112578
0.112299
0.112023
0.111747
0.11147
0.111192
0.110911
0.110626
0.110337
0.110044
0.109746
0.109442
0.109132
0.108817
0.108497
0.108171
0.107842
0.10751
0.107176
0.106842
0.10651
0.106182
0.105861
0.105549
0.105249
0.104964
0.104697
0.104451
0.104229
0.104033
0.103867
0.103729
0.103619
0.103538
0.103484
0.103454
0.103446
0.103459
0.103489
0.103533
0.10359
0.103654
0.103722
0.103786
0.103844
0.103881
0.103886
0.103659
0.185386
0.175286
0.167276
0.160747
0.155317
0.150735
0.146821
0.143444
0.140504
0.137926
0.13565
0.133628
0.131822
0.130201
0.128739
0.127416
0.126214
0.125118
0.124115
0.123195
0.122347
0.121564
0.120839
0.120166
0.119539
0.118953
0.118405
0.117891
0.117407
0.11695
0.116519
0.11611
0.115721
0.115351
0.114996
0.114656
0.114327
0.11401
0.113702
0.113403
0.11311
0.112822
0.112539
0.112258
0.11198
0.111702
0.111424
0.111145
0.110863
0.110577
0.110288
0.109994
0.109695
0.109391
0.109081
0.108765
0.108444
0.108118
0.107788
0.107455
0.107121
0.106786
0.106454
0.106125
0.105803
0.105491
0.105191
0.104906
0.104639
0.104393
0.104171
0.103976
0.10381
0.103674
0.103566
0.103487
0.103435
0.103407
0.103402
0.103416
0.103447
0.103493
0.103549
0.103614
0.103682
0.103747
0.103805
0.103841
0.103844
0.10361
0.185389
0.175289
0.167279
0.160749
0.155319
0.150736
0.146821
0.143443
0.140504
0.137926
0.13565
0.133628
0.131822
0.130201
0.12874
0.127418
0.126216
0.12512
0.124117
0.123196
0.122348
0.121565
0.120839
0.120165
0.119537
0.118951
0.118402
0.117886
0.117401
0.116943
0.11651
0.1161
0.115709
0.115337
0.11498
0.114637
0.114306
0.113987
0.113676
0.113374
0.113079
0.112789
0.112504
0.112222
0.111941
0.111662
0.111383
0.111102
0.110818
0.110532
0.110241
0.109946
0.109646
0.10934
0.109029
0.108712
0.108389
0.108062
0.10773
0.107396
0.10706
0.106723
0.106388
0.106058
0.105734
0.105419
0.105116
0.104828
0.104559
0.10431
0.104085
0.103887
0.103718
0.103579
0.103469
0.103389
0.103337
0.103311
0.103307
0.103324
0.103357
0.103405
0.103464
0.10353
0.1036
0.103667
0.103727
0.103764
0.103765
0.103525
0.185388
0.175287
0.167278
0.160747
0.155317
0.150733
0.146819
0.143441
0.140502
0.137924
0.135649
0.133627
0.131822
0.130202
0.128741
0.127418
0.126217
0.125121
0.124118
0.123197
0.122349
0.121565
0.120839
0.120165
0.119537
0.11895
0.1184
0.117884
0.117398
0.116939
0.116505
0.116093
0.115701
0.115326
0.114968
0.114623
0.114291
0.113969
0.113657
0.113353
0.113056
0.112764
0.112477
0.112193
0.111911
0.11163
0.111349
0.111066
0.110781
0.110493
0.110201
0.109904
0.109603
0.109295
0.108982
0.108662
0.108337
0.108007
0.107673
0.107335
0.106995
0.106654
0.106315
0.10598
0.105651
0.105331
0.105023
0.104729
0.104453
0.104197
0.103964
0.103757
0.103578
0.103428
0.103309
0.10322
0.103162
0.103131
0.103126
0.103143
0.103179
0.10323
0.103293
0.103364
0.103439
0.103511
0.103576
0.103616
0.103619
0.103374
0.185385
0.175284
0.167274
0.160744
0.155313
0.15073
0.146815
0.143438
0.140499
0.137921
0.135646
0.133624
0.131819
0.130199
0.128739
0.127416
0.126215
0.125119
0.124116
0.123195
0.122347
0.121563
0.120836
0.120162
0.119533
0.118946
0.118395
0.117879
0.117392
0.116933
0.116498
0.116085
0.115692
0.115316
0.114956
0.11461
0.114277
0.113954
0.113641
0.113336
0.113037
0.112745
0.112456
0.112171
0.111888
0.111606
0.111323
0.11104
0.110754
0.110465
0.110171
0.109873
0.10957
0.109261
0.108945
0.108623
0.108295
0.107962
0.107623
0.107281
0.106935
0.106589
0.106244
0.105902
0.105565
0.105236
0.104919
0.104614
0.104327
0.104059
0.103812
0.10359
0.103394
0.103226
0.103087
0.102977
0.102897
0.102845
0.10282
0.102821
0.102846
0.10289
0.102951
0.103023
0.103101
0.10318
0.103251
0.103299
0.103308
0.103056
0.185382
0.175282
0.167272
0.160742
0.155312
0.150728
0.146814
0.143437
0.140498
0.137921
0.135646
0.133625
0.13182
0.1302
0.12874
0.127418
0.126217
0.125121
0.124118
0.123197
0.122348
0.121565
0.120838
0.120163
0.119534
0.118947
0.118396
0.117879
0.117392
0.116932
0.116497
0.116083
0.115689
0.115312
0.114952
0.114605
0.114271
0.113947
0.113633
0.113328
0.113029
0.112736
0.112447
0.112161
0.111878
0.111596
0.111313
0.11103
0.110744
0.110455
0.110162
0.109864
0.109561
0.109252
0.108936
0.108613
0.108284
0.107949
0.107609
0.107263
0.106915
0.106564
0.106214
0.105866
0.105522
0.105184
0.104857
0.104542
0.104242
0.10396
0.103698
0.103458
0.103244
0.103055
0.102893
0.102759
0.102653
0.102573
0.10252
0.102491
0.102484
0.102497
0.102527
0.10257
0.102621
0.102675
0.102725
0.102751
0.102739
0.102453
0.185381
0.175281
0.16727
0.16074
0.155309
0.150726
0.146811
0.143434
0.140495
0.137918
0.135642
0.133621
0.131816
0.130196
0.128736
0.127414
0.126212
0.125116
0.124112
0.123191
0.122342
0.121558
0.120831
0.120156
0.119527
0.118938
0.118388
0.11787
0.117383
0.116922
0.116486
0.116072
0.115677
0.1153
0.114939
0.114592
0.114257
0.113934
0.11362
0.113314
0.113015
0.112722
0.112434
0.112149
0.111867
0.111586
0.111305
0.111023
0.110739
0.110452
0.110161
0.109865
0.109564
0.109256
0.108942
0.108622
0.108294
0.10796
0.10762
0.107275
0.106925
0.106573
0.10622
0.105869
0.10552
0.105178
0.104843
0.10452
0.10421
0.103917
0.103642
0.103388
0.103158
0.102951
0.10277
0.102615
0.102486
0.102382
0.102303
0.102247
0.102211
0.102195
0.102193
0.102204
0.102223
0.102243
0.102258
0.102248
0.102199
0.101863
0.185379
0.175277
0.167265
0.160733
0.1553
0.150715
0.146799
0.14342
0.140479
0.1379
0.135623
0.1336
0.131794
0.130173
0.128711
0.127387
0.126184
0.125086
0.124081
0.123158
0.122308
0.121522
0.120794
0.120117
0.119486
0.118896
0.118343
0.117824
0.117334
0.116872
0.116433
0.116017
0.11562
0.115241
0.114878
0.114529
0.114193
0.113867
0.113552
0.113245
0.112945
0.112651
0.112363
0.112078
0.111796
0.111516
0.111236
0.110956
0.110674
0.11039
0.110103
0.109811
0.109514
0.109211
0.108902
0.108586
0.108264
0.107935
0.1076
0.10726
0.106916
0.106568
0.10622
0.105872
0.105527
0.105187
0.104855
0.104533
0.104224
0.103932
0.103658
0.103404
0.103173
0.102967
0.102786
0.102631
0.102502
0.102399
0.102321
0.102266
0.102233
0.102219
0.10222
0.102234
0.102255
0.102278
0.102296
0.102289
0.102245
0.101925
)
;
        value           nonuniform List<scalar> 
990
(
323.295
323.777
324.228
324.604
324.917
325.171
325.384
325.573
325.751
325.92
326.078
326.221
326.35
326.468
326.576
326.675
326.768
326.853
326.932
327.005
327.071
327.133
327.191
327.246
327.299
327.35
327.4
327.449
327.499
327.548
327.597
327.641
327.678
327.716
327.752
327.787
327.82
327.852
327.886
327.918
327.951
327.982
328.013
328.044
328.077
328.109
328.14
328.17
328.199
328.226
328.253
328.279
328.307
328.335
328.363
328.393
328.423
328.455
328.494
328.526
328.557
328.586
328.616
328.644
328.67
328.695
328.719
328.743
328.765
328.786
328.805
328.822
328.837
328.849
328.858
328.864
328.867
328.868
328.87
328.873
328.876
328.878
328.879
328.882
328.892
328.909
328.928
328.955
329.028
329.33
323.33
323.814
324.266
324.642
324.957
325.218
325.442
325.642
325.828
326.002
326.16
326.303
326.432
326.55
326.658
326.759
326.852
326.938
327.017
327.09
327.157
327.22
327.279
327.335
327.389
327.442
327.493
327.544
327.594
327.644
327.693
327.738
327.78
327.819
327.856
327.892
327.927
327.961
327.995
328.028
328.061
328.094
328.125
328.157
328.188
328.219
328.25
328.28
328.31
328.34
328.368
328.397
328.425
328.453
328.482
328.511
328.541
328.571
328.601
328.631
328.661
328.69
328.72
328.748
328.774
328.8
328.824
328.848
328.871
328.892
328.911
328.928
328.942
328.955
328.965
328.972
328.976
328.978
328.979
328.977
328.972
328.965
328.957
328.952
328.956
328.97
328.989
329.016
329.089
329.396
323.344
323.828
324.28
324.657
324.974
325.242
325.474
325.682
325.874
326.048
326.206
326.348
326.478
326.596
326.705
326.806
326.9
326.986
327.065
327.139
327.207
327.27
327.331
327.388
327.444
327.497
327.55
327.602
327.653
327.703
327.751
327.796
327.837
327.876
327.914
327.951
327.987
328.023
328.058
328.092
328.125
328.158
328.19
328.222
328.253
328.284
328.314
328.345
328.376
328.406
328.437
328.466
328.496
328.525
328.554
328.584
328.613
328.643
328.671
328.7
328.729
328.758
328.788
328.816
328.842
328.868
328.893
328.917
328.94
328.962
328.981
328.998
329.013
329.025
329.036
329.044
329.05
329.053
329.054
329.052
329.046
329.036
329.025
329.017
329.018
329.028
329.046
329.073
329.148
329.458
323.341
323.825
324.277
324.654
324.973
325.246
325.486
325.7
325.894
326.068
326.226
326.368
326.498
326.617
326.727
326.828
326.922
327.008
327.088
327.161
327.23
327.295
327.357
327.415
327.472
327.527
327.58
327.633
327.684
327.734
327.781
327.825
327.866
327.905
327.944
327.981
328.019
328.055
328.09
328.125
328.159
328.192
328.225
328.258
328.288
328.319
328.35
328.381
328.412
328.444
328.475
328.506
328.537
328.567
328.597
328.627
328.657
328.686
328.715
328.743
328.772
328.8
328.829
328.857
328.884
328.91
328.935
328.96
328.983
329.005
329.024
329.042
329.056
329.069
329.079
329.088
329.094
329.099
329.101
329.101
329.097
329.09
329.082
329.075
329.075
329.083
329.099
329.126
329.202
329.517
323.333
323.817
324.268
324.645
324.967
325.245
325.49
325.707
325.902
326.077
326.235
326.377
326.508
326.627
326.737
326.839
326.932
327.019
327.099
327.173
327.243
327.309
327.372
327.432
327.489
327.545
327.599
327.651
327.702
327.751
327.798
327.841
327.883
327.922
327.961
327.999
328.037
328.074
328.11
328.145
328.18
328.214
328.247
328.28
328.311
328.342
328.374
328.405
328.437
328.469
328.501
328.533
328.564
328.595
328.626
328.657
328.687
328.717
328.746
328.775
328.803
328.832
328.86
328.888
328.915
328.942
328.967
328.992
329.016
329.038
329.058
329.076
329.091
329.104
329.114
329.122
329.129
329.133
329.136
329.138
329.137
329.134
329.13
329.127
329.128
329.136
329.15
329.176
329.253
329.571
323.33
323.813
324.265
324.643
324.968
325.249
325.496
325.716
325.911
326.086
326.244
326.388
326.518
326.638
326.748
326.85
326.944
327.031
327.111
327.187
327.257
327.324
327.388
327.449
327.507
327.563
327.617
327.67
327.72
327.769
327.814
327.858
327.899
327.94
327.979
328.018
328.056
328.093
328.13
328.165
328.2
328.234
328.268
328.301
328.333
328.365
328.397
328.429
328.462
328.494
328.527
328.559
328.591
328.623
328.654
328.686
328.717
328.748
328.778
328.807
328.836
328.864
328.893
328.921
328.948
328.975
329.001
329.027
329.051
329.074
329.095
329.114
329.13
329.143
329.154
329.163
329.17
329.174
329.178
329.179
329.18
329.18
329.179
329.178
329.18
329.187
329.199
329.224
329.302
329.623
323.334
323.818
324.27
324.65
324.976
325.259
325.508
325.728
325.924
326.1
326.258
326.402
326.533
326.653
326.763
326.865
326.959
327.046
327.128
327.204
327.275
327.343
327.407
327.469
327.527
327.584
327.638
327.69
327.74
327.788
327.833
327.877
327.919
327.96
328
328.039
328.077
328.115
328.151
328.187
328.223
328.257
328.292
328.325
328.358
328.39
328.423
328.456
328.488
328.521
328.554
328.587
328.619
328.652
328.684
328.716
328.748
328.78
328.811
328.842
328.872
328.901
328.93
328.959
328.987
329.014
329.04
329.066
329.091
329.115
329.137
329.157
329.175
329.191
329.204
329.215
329.223
329.23
329.234
329.236
329.237
329.237
329.236
329.236
329.238
329.243
329.253
329.275
329.354
329.68
323.341
323.826
324.279
324.659
324.986
325.271
325.52
325.74
325.936
326.112
326.271
326.415
326.546
326.666
326.777
326.879
326.974
327.062
327.143
327.22
327.292
327.361
327.426
327.488
327.547
327.603
327.657
327.709
327.759
327.806
327.852
327.896
327.938
327.979
328.02
328.059
328.098
328.135
328.172
328.208
328.244
328.279
328.314
328.348
328.381
328.414
328.447
328.481
328.514
328.547
328.58
328.613
328.646
328.679
328.712
328.745
328.777
328.81
328.842
328.874
328.905
328.936
328.967
328.997
329.026
329.054
329.082
329.109
329.134
329.159
329.182
329.203
329.223
329.241
329.257
329.27
329.282
329.292
329.3
329.306
329.31
329.312
329.313
329.314
329.315
329.319
329.326
329.346
329.425
329.758
323.346
323.832
324.285
324.666
324.993
325.278
325.527
325.748
325.945
326.121
326.28
326.424
326.556
326.676
326.788
326.89
326.985
327.073
327.156
327.233
327.306
327.375
327.441
327.503
327.562
327.619
327.673
327.725
327.775
327.822
327.868
327.912
327.955
327.997
328.038
328.078
328.116
328.154
328.192
328.228
328.264
328.3
328.335
328.369
328.403
328.437
328.47
328.504
328.538
328.572
328.605
328.639
328.672
328.705
328.739
328.772
328.805
328.838
328.871
328.904
328.936
328.968
329
329.031
329.061
329.091
329.121
329.149
329.176
329.203
329.228
329.251
329.272
329.292
329.31
329.326
329.34
329.353
329.364
329.373
329.381
329.387
329.392
329.397
329.401
329.407
329.416
329.436
329.519
329.864
323.348
323.835
324.29
324.672
325.001
325.287
325.537
325.759
325.957
326.134
326.295
326.44
326.573
326.695
326.807
326.911
327.007
327.097
327.181
327.26
327.334
327.405
327.471
327.535
327.595
327.653
327.708
327.76
327.811
327.859
327.906
327.952
327.996
328.039
328.081
328.122
328.161
328.2
328.239
328.276
328.313
328.35
328.386
328.421
328.457
328.492
328.526
328.561
328.596
328.631
328.665
328.7
328.734
328.768
328.803
328.837
328.871
328.905
328.939
328.973
329.007
329.04
329.073
329.106
329.138
329.169
329.2
329.23
329.259
329.287
329.314
329.339
329.363
329.385
329.405
329.424
329.441
329.456
329.47
329.482
329.493
329.503
329.512
329.52
329.529
329.538
329.55
329.574
329.658
330.004
323.357
323.853
324.316
324.707
325.044
325.338
325.596
325.825
326.03
326.214
326.381
326.533
326.672
326.8
326.918
327.028
327.13
327.225
327.315
327.399
327.478
327.554
327.625
327.693
327.758
327.82
327.88
327.937
327.992
328.045
328.096
328.146
328.195
328.242
328.288
328.333
328.377
328.42
328.462
328.504
328.545
328.585
328.625
328.665
328.704
328.743
328.782
328.82
328.858
328.897
328.935
328.973
329.011
329.049
329.087
329.125
329.163
329.2
329.238
329.275
329.313
329.349
329.386
329.422
329.457
329.492
329.526
329.559
329.591
329.621
329.651
329.679
329.705
329.729
329.752
329.773
329.791
329.809
329.824
329.838
329.85
329.862
329.872
329.881
329.891
329.901
329.914
329.937
330.01
330.301
)
;
        Tnbr            T;
        qrNbr           qr;
        qr              none;
        thermalInertia  false;
        thicknessLayers List<scalar> 0();
        kappaLayers     List<scalar> 0();
        kappaMethod     solidThermo;
        kappa           none;
        alphaAni        none;
        alpha           none;
    }
    asphalt_to_concrete
    {
        type            compressible::turbulentTemperatureRadCoupledMixed;
        refValue        nonuniform List<scalar> 
52
(
324.877
324.898
324.928
324.959
324.986
325.013
325.042
325.071
325.1
325.128
325.156
325.183
325.215
325.246
325.274
325.3
325.325
325.348
325.37
325.393
325.416
325.441
325.466
325.493
325.522
325.566
326.702
326.731
326.765
326.799
326.828
326.857
326.889
326.92
326.951
326.981
327.011
327.041
327.075
327.108
327.138
327.167
327.193
327.218
327.242
327.267
327.293
327.32
327.348
327.377
327.408
327.449
)
;
        refGradient     uniform 0;
        valueFraction   nonuniform List<scalar> 
52
(
0.470588
0.470588
0.470588
0.470588
0.470588
0.470588
0.470588
0.470588
0.470588
0.470588
0.470588
0.470588
0.470588
0.470588
0.470588
0.470588
0.470588
0.470588
0.470588
0.470588
0.470588
0.470588
0.470588
0.470588
0.470588
0.470588
0.470588
0.470588
0.470588
0.470588
0.470588
0.470588
0.470588
0.470588
0.470588
0.470588
0.470588
0.470588
0.470588
0.470588
0.470588
0.470588
0.470588
0.470588
0.470588
0.470588
0.470588
0.470588
0.470588
0.470588
0.470588
0.470588
)
;
        value           nonuniform List<scalar> 
52
(
325.048
325.075
325.106
325.138
325.166
325.194
325.224
325.253
325.282
325.311
325.339
325.367
325.397
325.427
325.455
325.482
325.508
325.532
325.555
325.579
325.602
325.627
325.652
325.678
325.706
325.743
326.782
326.814
326.849
326.883
326.913
326.944
326.976
327.007
327.038
327.069
327.099
327.129
327.162
327.194
327.224
327.253
327.28
327.306
327.331
327.356
327.383
327.41
327.438
327.466
327.496
327.533
)
;
        Tnbr            T;
        qrNbr           none;
        qr              none;
        thermalInertia  false;
        thicknessLayers List<scalar> 0();
        kappaLayers     List<scalar> 0();
        kappaMethod     solidThermo;
        kappa           none;
        alphaAni        none;
        alpha           none;
    }
    asphalt_to_soil2
    {
        type            compressible::turbulentTemperatureRadCoupledMixed;
        refValue        nonuniform List<scalar> 
128
(
321.304
321.704
322.097
322.424
322.69
322.9
323.071
323.222
323.367
323.51
323.647
323.775
323.891
323.997
324.094
324.183
324.265
324.341
324.412
324.476
324.535
324.59
324.641
324.689
324.735
324.78
324.823
324.866
324.909
324.951
324.992
325.019
325.781
325.824
325.852
325.877
325.899
325.921
325.941
325.959
325.977
325.993
326.008
326.022
326.034
326.044
326.053
326.06
326.063
326.063
326.062
326.063
326.071
326.093
326.13
326.18
326.237
326.292
326.341
326.379
326.409
326.443
326.517
326.76
322.598
323.05
323.48
323.84
324.135
324.371
324.562
324.729
324.888
325.043
325.191
325.328
325.454
325.567
325.671
325.767
325.855
325.937
326.013
326.083
326.146
326.206
326.26
326.312
326.362
326.41
326.457
326.503
326.549
326.595
326.64
326.675
327.495
327.535
327.566
327.594
327.62
327.646
327.669
327.692
327.714
327.735
327.754
327.772
327.789
327.804
327.817
327.827
327.834
327.837
327.838
327.84
327.847
327.862
327.884
327.911
327.939
327.966
327.993
328.019
328.042
328.071
328.144
328.423
)
;
        refGradient     uniform 0;
        valueFraction   nonuniform List<scalar> 
128
(
0.5
0.5
0.5
0.5
0.5
0.5
0.5
0.5
0.5
0.5
0.5
0.5
0.5
0.5
0.5
0.5
0.5
0.5
0.5
0.5
0.5
0.5
0.5
0.5
0.5
0.5
0.5
0.5
0.5
0.5
0.5
0.5
0.5
0.5
0.5
0.5
0.5
0.5
0.5
0.5
0.5
0.5
0.5
0.5
0.5
0.5
0.5
0.5
0.5
0.5
0.5
0.5
0.5
0.5
0.5
0.5
0.5
0.5
0.5
0.5
0.5
0.5
0.5
0.5
0.5
0.5
0.5
0.5
0.5
0.5
0.5
0.5
0.5
0.5
0.5
0.5
0.5
0.5
0.5
0.5
0.5
0.5
0.5
0.5
0.5
0.5
0.5
0.5
0.5
0.5
0.5
0.5
0.5
0.5
0.5
0.5
0.5
0.5
0.5
0.5
0.5
0.5
0.5
0.5
0.5
0.5
0.5
0.5
0.5
0.5
0.5
0.5
0.5
0.5
0.5
0.5
0.5
0.5
0.5
0.5
0.5
0.5
0.5
0.5
0.5
0.5
0.5
0.5
)
;
        value           nonuniform List<scalar> 
128
(
321.332
321.733
322.127
322.455
322.722
322.936
323.113
323.272
323.423
323.57
323.71
323.838
323.955
324.061
324.158
324.247
324.33
324.406
324.477
324.542
324.601
324.656
324.708
324.756
324.803
324.848
324.892
324.936
324.979
325.023
325.065
325.097
325.861
325.898
325.925
325.949
325.972
325.994
326.014
326.032
326.05
326.066
326.081
326.095
326.106
326.116
326.125
326.131
326.134
326.135
326.133
326.133
326.139
326.156
326.187
326.23
326.28
326.331
326.376
326.413
326.443
326.477
326.551
326.794
322.622
323.075
323.507
323.867
324.163
324.402
324.599
324.773
324.939
325.099
325.249
325.387
325.512
325.626
325.73
325.826
325.915
325.998
326.074
326.144
326.208
326.267
326.323
326.375
326.426
326.475
326.522
326.569
326.616
326.663
326.709
326.747
327.57
327.606
327.636
327.664
327.691
327.717
327.74
327.763
327.786
327.807
327.827
327.845
327.862
327.877
327.89
327.901
327.908
327.911
327.912
327.913
327.918
327.93
327.947
327.968
327.99
328.012
328.035
328.06
328.084
328.113
328.187
328.466
)
;
        Tnbr            T;
        qrNbr           none;
        qr              none;
        thermalInertia  false;
        thicknessLayers List<scalar> 0();
        kappaLayers     List<scalar> 0();
        kappaMethod     solidThermo;
        kappa           none;
        alphaAni        none;
        alpha           none;
    }
}


// ************************************************************************* //
