/*--------------------------------*- C++ -*----------------------------------*\
| =========                 |                                                 |
| \\      /  F ield         | OpenFOAM: The Open Source CFD Toolbox           |
|  \\    /   O peration     | Version:  v2012                                 |
|   \\  /    A nd           | Website:  www.openfoam.com                      |
|    \\/     M anipulation  |                                                 |
\*---------------------------------------------------------------------------*/
FoamFile
{
    version     2.0;
    format      ascii;
    class       volScalarField;
    location    "100/concrete";
    object      T;
}
// * * * * * * * * * * * * * * * * * * * * * * * * * * * * * * * * * * * * * //

dimensions      [0 0 0 1 0 0 0];


internalField   nonuniform List<scalar> 
1924
(
316.984
317.322
317.71
317.912
318.27
317.713
306.028
305.123
305.064
305.703
315.986
316.239
315.741
315.371
314.867
314.534
314.385
314.353
314.371
314.396
314.398
314.366
314.308
314.254
314.232
314.258
317.116
317.517
317.98
318.187
318.842
318.609
307.448
306.564
306.418
306.957
317.761
317.816
316.943
316.384
315.602
315.063
314.799
314.709
314.694
314.698
314.686
314.636
314.551
314.459
314.396
314.389
317.168
317.547
318.064
318.393
319.671
319.667
308.315
307.354
307.274
308.021
319.312
319.16
317.499
316.735
315.813
315.241
314.996
314.931
314.93
314.942
314.936
314.889
314.798
314.689
314.598
314.562
317.043
317.319
317.847
318.32
319.919
319.935
310.165
309.272
309.249
310.196
321.633
321.87
318.554
317.269
316.01
315.306
315.046
314.989
314.997
315.021
315.034
315.014
314.952
314.862
314.774
314.729
316.701
316.906
317.37
316.842
301.282
299.672
298.614
298.4
298.395
298.61
299.768
301.323
316.536
316.535
315.556
314.979
314.843
314.897
314.955
315.005
315.045
315.059
315.038
314.985
314.92
314.877
316.335
316.688
317.397
316.858
299.452
297.595
297.284
297.228
297.225
297.274
297.56
299.292
316.009
316.226
315.373
314.863
314.702
314.714
314.779
314.854
314.945
314.999
315.015
314.999
314.962
314.935
315.991
316.567
317.499
317.012
299.261
297.357
297.122
297.093
297.091
297.111
297.308
299.059
315.885
316.077
315.266
314.794
314.666
314.692
314.755
314.826
314.911
314.99
315.028
315.036
315.027
315.022
315.711
316.44
317.552
317.196
299.25
297.33
297.103
297.078
297.076
297.092
297.279
299.028
315.838
315.985
315.199
314.814
314.763
314.841
314.928
315.002
315.074
315.141
315.166
315.169
315.168
315.183
315.362
316.128
317.295
317.072
299.231
297.321
297.097
297.073
297.07
297.085
297.27
299.016
315.849
315.962
315.227
314.932
314.96
315.089
315.208
315.294
315.358
315.4
315.397
315.383
315.383
315.42
315.098
315.703
316.732
316.64
299.173
297.299
297.079
297.053
297.05
297.064
297.245
298.984
315.848
315.966
315.36
315.194
315.253
315.39
315.52
315.614
315.68
315.695
315.684
315.674
315.69
315.758
315.141
315.348
315.985
315.993
299.069
297.253
297.029
296.992
296.983
296.994
297.173
298.898
315.712
315.945
315.566
315.512
315.555
315.645
315.75
315.848
315.902
315.923
315.945
315.991
316.07
316.185
315.458
315.293
315.28
314.922
299.11
297.384
297.089
296.954
296.912
296.918
297.102
298.801
315.299
315.983
315.74
315.65
315.636
315.692
315.791
315.891
315.965
316.028
316.123
316.279
316.479
316.657
315.853
315.609
315.167
314.015
302.293
300.783
299.824
298.691
298.404
298.437
298.714
300.2
314.302
315.431
315.475
315.452
315.474
315.556
315.681
315.816
315.938
316.062
316.255
316.561
316.936
317.2
316.058
315.884
315.496
314.294
302.626
301.396
300.957
300.706
300.58
300.54
300.679
301.738
313.77
314.874
315.097
315.215
315.328
315.458
315.605
315.758
315.907
316.081
316.365
316.831
317.423
317.818
316.171
316.057
315.749
314.549
302.442
301.324
301.033
300.86
300.739
300.679
300.768
301.758
313.988
315.084
315.291
315.39
315.478
315.575
315.681
315.797
315.926
316.102
316.433
317.023
317.838
318.39
316.26
316.186
315.96
314.815
302.336
301.25
301.028
300.904
300.821
300.789
300.882
301.854
314.193
315.274
315.464
315.559
315.645
315.729
315.809
315.887
315.975
316.118
316.435
317.07
318.046
318.783
316.351
316.292
316.121
315.107
303.463
302.447
302.26
302.167
302.111
302.097
302.185
303.082
314.527
315.52
315.687
315.773
315.853
315.927
315.99
316.042
316.091
316.176
316.413
316.975
317.944
318.568
316.445
316.397
316.273
315.496
306.477
305.663
305.515
305.446
305.406
305.393
305.458
306.159
315.043
315.82
315.946
316.01
316.073
316.131
316.182
316.223
316.252
316.29
316.416
316.799
317.577
317.917
316.526
316.492
316.416
315.942
310.606
310.095
309.999
309.958
309.931
309.916
309.949
310.376
315.646
316.128
316.206
316.244
316.283
316.321
316.357
316.389
316.417
316.438
316.481
316.651
317.084
316.99
316.59
316.57
316.535
316.331
314.299
314.071
314.026
314.007
313.992
313.978
313.987
314.164
316.168
316.382
316.418
316.436
316.455
316.475
316.495
316.517
316.542
316.569
316.591
316.617
316.656
315.988
316.639
316.629
316.621
316.587
316.521
316.474
316.461
316.456
316.449
316.437
316.43
316.451
316.505
316.551
316.562
316.569
316.578
316.588
316.598
316.609
316.626
316.653
316.684
316.69
316.541
315.42
316.683
316.677
316.682
316.715
317.283
317.307
317.31
317.311
317.306
317.295
317.281
317.24
316.668
316.65
316.65
316.652
316.658
316.664
316.67
316.676
316.686
316.704
316.727
316.74
316.638
315.573
316.726
316.721
316.729
316.768
317.224
317.254
317.262
317.264
317.259
317.247
317.231
317.187
316.73
316.71
316.708
316.709
316.712
316.716
316.72
316.726
316.736
316.752
316.769
316.767
316.64
315.554
316.77
316.766
316.774
316.799
316.973
316.989
316.996
316.997
316.991
316.979
316.964
316.936
316.763
316.759
316.756
316.755
316.756
316.758
316.762
316.768
316.778
316.794
316.81
316.806
316.689
315.684
316.817
316.812
316.82
316.835
316.832
316.835
316.842
316.841
316.834
316.823
316.81
316.794
316.801
316.808
316.804
316.801
316.799
316.799
316.801
316.808
316.819
316.834
316.847
316.843
316.745
315.929
316.863
316.859
316.867
316.88
316.826
316.825
316.831
316.829
316.823
316.813
316.802
316.791
316.85
316.86
316.855
316.849
316.845
316.843
316.844
316.85
316.861
316.875
316.885
316.882
316.814
316.271
316.909
316.905
316.915
316.929
316.885
316.884
316.889
316.888
316.883
316.875
316.865
316.855
316.904
316.914
316.906
316.898
316.892
316.889
316.89
316.895
316.905
316.916
316.923
316.921
316.884
316.611
316.956
316.953
316.964
316.979
316.954
316.952
316.958
316.958
316.954
316.948
316.939
316.929
316.96
316.968
316.958
316.949
316.942
316.939
316.94
316.944
316.951
316.959
316.964
316.963
316.947
316.869
317.006
317.005
317.017
317.032
317.015
317.012
317.018
317.02
317.018
317.013
317.005
316.995
317.017
317.024
317.014
317.003
316.996
316.993
316.993
316.997
317.002
317.006
317.009
317.008
317.005
317.021
317.062
317.063
317.076
317.091
317.074
317.07
317.075
317.078
317.078
317.075
317.068
317.058
317.079
317.086
317.076
317.065
317.058
317.054
317.055
317.057
317.06
317.062
317.061
317.06
317.06
317.101
317.129
317.132
317.145
317.159
317.141
317.135
317.139
317.144
317.145
317.144
317.139
317.13
317.15
317.157
317.148
317.137
317.13
317.127
317.127
317.128
317.129
317.128
317.125
317.122
317.123
317.155
317.212
317.216
317.229
317.241
317.224
317.217
317.22
317.225
317.228
317.227
317.224
317.216
317.236
317.242
317.234
317.224
317.218
317.215
317.215
317.214
317.212
317.209
317.204
317.2
317.2
317.22
317.315
317.32
317.332
317.343
317.327
317.321
317.324
317.328
317.331
317.331
317.329
317.323
317.34
317.346
317.339
317.331
317.327
317.324
317.322
317.32
317.316
317.31
317.303
317.298
317.297
317.311
317.443
317.448
317.459
317.469
317.457
317.451
317.454
317.457
317.46
317.461
317.459
317.454
317.468
317.473
317.468
317.463
317.46
317.457
317.455
317.45
317.444
317.435
317.427
317.422
317.421
317.433
317.601
317.605
317.616
317.624
317.617
317.613
317.615
317.618
317.619
317.62
317.619
317.615
317.625
317.629
317.627
317.624
317.623
317.62
317.616
317.61
317.601
317.592
317.583
317.577
317.576
317.589
317.795
317.799
317.809
317.817
317.813
317.812
317.814
317.816
317.817
317.817
317.816
317.813
317.819
317.823
317.822
317.822
317.822
317.819
317.814
317.806
317.796
317.785
317.777
317.772
317.771
317.784
318.043
318.046
318.056
318.064
318.065
318.066
318.068
318.069
318.069
318.068
318.066
318.064
318.068
318.071
318.072
318.074
318.074
318.071
318.064
318.054
318.043
318.034
318.026
318.021
318.021
318.032
319.03
319.436
319.887
320.098
320.521
320.213
306.294
305.592
305.514
305.921
318.207
318.183
317.597
317.2
316.638
316.279
316.132
316.114
316.143
316.175
316.18
316.145
316.084
316.025
316.001
316.026
319.183
319.658
320.187
320.39
321.158
321.228
307.988
307.335
307.166
307.424
320.285
320.014
318.999
318.416
317.544
316.955
316.674
316.579
316.56
316.56
316.543
316.486
316.39
316.287
316.214
316.199
319.232
319.674
320.253
320.583
322.112
322.436
308.86
308.107
308.024
308.535
322.032
321.515
319.569
318.779
317.767
317.162
316.912
316.848
316.844
316.852
316.841
316.785
316.681
316.557
316.454
316.406
319.075
319.388
319.973
320.529
322.924
323.265
311.409
310.652
310.629
311.431
325.41
325.41
320.845
319.388
317.969
317.203
316.942
316.891
316.901
316.926
316.939
316.916
316.847
316.748
316.651
316.596
318.652
318.884
319.432
319.26
300.251
298.795
297.84
297.656
297.651
297.836
298.887
300.298
318.939
318.542
317.415
316.793
316.655
316.753
316.83
316.891
316.937
316.955
316.934
316.879
316.809
316.76
318.196
318.608
319.475
319.424
298.59
296.913
296.646
296.598
296.596
296.637
296.884
298.45
318.463
318.224
317.228
316.674
316.503
316.518
316.59
316.673
316.786
316.855
316.879
316.866
316.831
316.801
317.778
318.452
319.595
319.639
298.426
296.708
296.506
296.482
296.48
296.497
296.667
298.249
318.348
318.064
317.111
316.593
316.459
316.49
316.558
316.635
316.725
316.825
316.875
316.89
316.887
316.883
317.458
318.304
319.665
319.882
298.418
296.686
296.491
296.469
296.468
296.481
296.642
298.223
318.3
317.963
317.034
316.613
316.564
316.654
316.75
316.829
316.903
316.989
317.023
317.031
317.037
317.056
317.072
317.953
319.371
319.735
298.401
296.678
296.486
296.465
296.463
296.475
296.634
298.213
318.325
317.946
317.073
316.751
316.79
316.936
317.067
317.158
317.223
317.281
317.283
317.271
317.275
317.319
316.797
317.484
318.73
319.219
298.349
296.66
296.47
296.448
296.446
296.457
296.613
298.186
318.349
317.976
317.248
317.071
317.136
317.283
317.421
317.522
317.595
317.615
317.605
317.597
317.62
317.7
316.889
317.107
317.885
318.477
298.259
296.62
296.428
296.396
296.389
296.398
296.552
298.112
318.229
317.986
317.52
317.464
317.502
317.588
317.689
317.795
317.852
317.871
317.893
317.946
318.04
318.17
317.296
317.09
317.102
317.228
298.308
296.753
296.496
296.375
296.338
296.343
296.502
298.038
317.795
318.105
317.773
317.654
317.617
317.661
317.756
317.856
317.929
317.991
318.091
318.264
318.488
318.679
317.783
317.503
317.028
316.085
302.364
301.042
300.025
298.632
298.304
298.356
298.634
299.921
316.592
317.461
317.456
317.415
317.427
317.509
317.64
317.782
317.908
318.038
318.244
318.58
318.995
319.266
318.03
317.84
317.45
316.465
302.724
301.716
301.286
301.033
300.903
300.858
300.968
301.776
315.915
316.778
316.984
317.117
317.249
317.397
317.56
317.727
317.887
318.07
318.377
318.886
319.537
319.93
318.167
318.049
317.759
316.794
302.522
301.649
301.376
301.191
301.058
300.988
301.041
301.769
316.203
317.05
317.23
317.337
317.439
317.547
317.665
317.79
317.925
318.111
318.466
319.107
319.996
320.537
318.276
318.206
318.014
317.123
302.378
301.545
301.347
301.213
301.121
301.083
301.14
301.847
316.445
317.274
317.435
317.538
317.638
317.734
317.824
317.908
317.998
318.144
318.479
319.161
320.222
320.926
318.389
318.335
318.2
317.429
303.648
302.863
302.7
302.599
302.536
302.517
302.571
303.225
316.794
317.557
317.696
317.79
317.884
317.97
318.041
318.097
318.144
318.224
318.465
319.058
320.112
320.73
318.503
318.461
318.367
317.782
307.124
306.489
306.361
306.288
306.244
306.226
306.262
306.774
317.294
317.892
317.997
318.067
318.139
318.208
318.266
318.309
318.337
318.366
318.483
318.873
319.723
320.158
318.6
318.572
318.515
318.162
311.911
311.513
311.433
311.392
311.363
311.345
311.359
311.669
317.858
318.231
318.295
318.336
318.381
318.425
318.466
318.501
318.528
318.542
318.57
318.727
319.204
319.29
318.672
318.658
318.634
318.485
316.18
316.005
315.972
315.957
315.944
315.929
315.928
316.054
318.337
318.505
318.534
318.553
318.574
318.597
318.619
318.641
318.667
318.691
318.704
318.713
318.765
318.302
318.725
318.721
318.718
318.697
318.714
318.681
318.677
318.679
318.675
318.664
318.655
318.666
318.643
318.683
318.692
318.698
318.708
318.719
318.729
318.74
318.757
318.782
318.81
318.812
318.679
317.787
318.771
318.772
318.778
318.807
319.537
319.56
319.57
319.579
319.579
319.57
319.557
319.523
318.793
318.784
318.785
318.786
318.791
318.797
318.804
318.81
318.819
318.833
318.853
318.867
318.806
318.018
318.816
318.818
318.828
318.861
319.419
319.446
319.461
319.47
319.471
319.462
319.447
319.411
318.856
318.845
318.844
318.844
318.847
318.851
318.857
318.863
318.872
318.884
318.897
318.896
318.806
317.995
318.862
318.865
318.876
318.9
319.102
319.118
319.131
319.139
319.139
319.131
319.118
319.093
318.895
318.897
318.894
318.893
318.894
318.897
318.902
318.909
318.917
318.929
318.94
318.939
318.859
318.111
318.911
318.915
318.926
318.944
318.932
318.938
318.95
318.955
318.953
318.947
318.937
318.922
318.941
318.95
318.946
318.943
318.942
318.943
318.947
318.953
318.963
318.973
318.982
318.979
318.912
318.306
318.96
318.964
318.978
318.995
318.928
318.93
318.94
318.944
318.942
318.938
318.93
318.92
318.997
319.008
319.002
318.996
318.993
318.992
318.994
319
319.009
319.018
319.025
319.023
318.977
318.576
319.009
319.015
319.031
319.051
319
319.001
319.01
319.013
319.012
319.009
319.004
318.995
319.057
319.067
319.059
319.05
319.046
319.043
319.044
319.049
319.056
319.063
319.069
319.068
319.043
318.845
319.06
319.068
319.086
319.109
319.082
319.082
319.09
319.093
319.092
319.091
319.088
319.08
319.119
319.129
319.118
319.108
319.101
319.098
319.098
319.101
319.106
319.112
319.115
319.115
319.107
319.052
319.116
319.127
319.147
319.17
319.154
319.153
319.16
319.164
319.164
319.164
319.162
319.155
319.184
319.194
319.183
319.171
319.163
319.158
319.158
319.159
319.162
319.165
319.167
319.168
319.168
319.183
319.181
319.195
319.216
319.239
319.224
319.221
319.228
319.232
319.235
319.235
319.233
319.227
319.256
319.266
319.256
319.243
319.233
319.228
319.226
319.226
319.228
319.229
319.229
319.229
319.232
319.264
319.261
319.277
319.299
319.321
319.304
319.299
319.306
319.312
319.315
319.316
319.315
319.31
319.339
319.351
319.341
319.328
319.319
319.312
319.309
319.308
319.307
319.306
319.305
319.305
319.308
319.333
319.36
319.377
319.399
319.419
319.403
319.398
319.404
319.411
319.415
319.417
319.417
319.413
319.441
319.452
319.444
319.433
319.423
319.416
319.412
319.409
319.406
319.403
319.401
319.399
319.401
319.417
319.483
319.501
319.522
319.54
319.527
319.523
319.529
319.536
319.541
319.544
319.544
319.541
319.565
319.576
319.57
319.561
319.552
319.545
319.54
319.535
319.53
319.525
319.521
319.519
319.519
319.53
319.635
319.653
319.673
319.69
319.681
319.679
319.685
319.692
319.697
319.7
319.701
319.698
319.718
319.727
319.724
319.717
319.71
319.703
319.697
319.69
319.683
319.677
319.671
319.668
319.668
319.677
319.822
319.839
319.858
319.873
319.87
319.87
319.877
319.883
319.888
319.891
319.892
319.89
319.905
319.912
319.911
319.907
319.902
319.896
319.888
319.88
319.872
319.864
319.858
319.854
319.854
319.862
320.05
320.066
320.084
320.098
320.1
320.103
320.11
320.116
320.12
320.123
320.124
320.123
320.133
320.139
320.139
320.137
320.134
320.129
320.121
320.112
320.103
320.094
320.088
320.084
320.083
320.091
320.331
320.347
320.364
320.378
320.385
320.391
320.398
320.404
320.408
320.41
320.411
320.41
320.416
320.42
320.422
320.422
320.42
320.415
320.407
320.397
320.388
320.379
320.373
320.369
320.367
320.374
)
;

boundaryField
{
    concrete_to_air
    {
        type            compressible::turbulentTemperatureRadCoupledMixed;
        refValue        nonuniform List<scalar> 
898
(
311.593
311.616
311.63
311.624
311.63
311.641
311.427
311.2
310.966
310.752
310.748
310.737
310.714
310.679
310.63
310.571
310.508
310.446
310.388
310.338
310.297
310.264
310.24
310.224
310.216
310.215
311.616
311.613
311.588
311.531
311.528
311.551
311.376
311.214
311.066
310.929
310.997
311.044
311.061
311.051
310.997
310.912
310.814
310.716
310.623
310.541
310.47
310.412
310.366
310.33
310.305
310.29
311.593
311.545
311.474
311.36
311.389
311.457
311.265
311.084
310.925
310.792
310.931
311.037
311.111
311.133
311.113
311.059
310.979
310.886
310.792
310.704
310.625
310.557
310.499
310.453
310.417
310.391
311.493
311.406
311.313
311.148
311.287
311.503
311.265
311.035
310.857
310.774
311.623
312.218
311.401
311.187
311.039
311.01
310.969
310.904
310.832
310.761
310.696
310.639
310.59
310.549
310.515
310.49
311.319
311.235
311.171
310.954
310.88
310.769
310.682
310.671
310.725
310.77
310.754
310.717
310.679
310.646
310.616
310.59
310.569
310.551
311.119
311.079
311.085
310.909
310.728
310.591
310.5
310.465
310.46
310.468
310.474
310.473
310.467
310.468
310.469
310.469
310.469
310.47
310.904
310.926
311.007
310.774
310.644
310.479
310.373
310.31
310.288
310.284
310.288
310.294
310.299
310.316
310.333
310.347
310.36
310.374
310.685
310.764
310.902
310.669
310.591
310.413
310.298
310.24
310.22
310.217
310.222
310.23
310.237
310.256
310.277
310.294
310.31
310.327
310.431
310.532
310.716
310.564
310.566
310.397
310.29
310.234
310.213
310.208
310.211
310.218
310.223
310.242
310.262
310.278
310.294
310.31
310.339
310.438
310.616
310.52
310.594
310.445
310.355
310.3
310.257
310.238
310.233
310.236
310.245
310.265
310.283
310.299
310.315
310.333
310.408
310.452
310.553
310.518
310.642
310.5
310.4
310.32
310.277
310.25
310.237
310.247
310.264
310.283
310.303
310.324
310.348
310.373
310.552
310.548
310.562
310.48
310.743
310.69
310.334
310.232
310.195
310.187
310.196
310.217
310.242
310.269
310.298
310.33
310.364
310.4
310.681
310.669
310.637
310.554
310.267
309.871
309.253
307.838
307.757
307.884
307.986
308.184
309.793
309.953
309.978
309.999
310.033
310.077
310.125
310.175
310.223
310.268
310.312
310.358
310.407
310.455
310.789
310.789
310.759
310.685
310.42
310.158
309.893
309.67
309.5
309.346
309.209
309.098
309.343
309.527
309.68
309.811
309.925
310.025
310.114
310.192
310.262
310.325
310.384
310.444
310.508
310.567
310.908
310.915
310.897
310.843
310.593
310.362
310.147
309.953
309.78
309.626
309.49
309.378
309.531
309.676
309.808
309.928
310.037
310.138
310.23
310.314
310.39
310.458
310.524
310.589
310.658
310.716
311.072
311.073
311.06
311.022
310.783
310.561
310.36
310.178
310.014
309.866
309.734
309.624
309.749
309.873
309.992
310.105
310.213
310.315
310.41
310.496
310.574
310.644
310.709
310.772
310.834
310.861
311.268
311.262
311.249
311.221
311.003
310.798
310.612
310.443
310.29
310.153
310.031
309.931
310.039
310.152
310.264
310.372
310.476
310.574
310.665
310.747
310.818
310.881
310.935
310.982
311.016
310.964
311.447
311.442
311.433
311.415
311.246
311.083
310.933
310.797
310.676
310.569
310.476
310.405
310.491
310.583
310.675
310.764
310.848
310.927
310.999
311.062
311.115
311.159
311.194
311.217
311.221
311.122
311.564
311.567
311.568
311.563
311.465
311.367
311.275
311.192
311.119
311.058
311.008
310.974
311.031
311.092
311.151
311.208
311.26
311.308
311.349
311.384
311.412
311.433
311.445
311.443
311.417
311.279
311.616
311.629
311.639
311.645
311.614
311.58
311.547
311.518
311.493
311.475
311.464
311.46
311.488
311.516
311.543
311.568
311.589
311.607
311.62
311.63
311.636
311.638
311.634
311.617
311.573
311.413
311.63
311.647
311.663
311.677
311.688
311.695
311.701
311.706
311.713
311.722
311.732
311.743
311.752
311.76
311.766
311.77
311.771
311.77
311.767
311.762
311.756
311.748
311.739
311.724
311.698
311.629
311.631
311.651
311.669
311.686
311.711
311.734
311.755
311.774
311.792
311.809
311.826
311.839
311.841
311.841
311.838
311.834
311.827
311.82
311.811
311.802
311.792
311.782
311.772
311.76
311.743
311.708
311.634
311.654
311.673
311.691
311.715
311.738
311.759
311.778
311.795
311.811
311.825
311.837
311.838
311.836
311.833
311.827
311.821
311.813
311.805
311.797
311.788
311.78
311.771
311.762
311.751
311.728
311.642
311.662
311.681
311.698
311.718
311.736
311.752
311.768
311.781
311.793
311.804
311.811
311.813
311.813
311.811
311.808
311.804
311.798
311.792
311.786
311.779
311.773
311.766
311.759
311.75
311.734
311.651
311.671
311.69
311.708
311.724
311.739
311.752
311.765
311.776
311.785
311.793
311.798
311.801
311.802
311.802
311.8
311.797
311.793
311.788
311.783
311.778
311.773
311.767
311.761
311.754
311.741
311.66
311.681
311.7
311.718
311.733
311.747
311.76
311.771
311.781
311.79
311.796
311.8
311.804
311.805
311.805
311.804
311.802
311.798
311.795
311.79
311.786
311.781
311.775
311.77
311.764
311.753
311.669
311.689
311.709
311.727
311.743
311.757
311.77
311.781
311.791
311.8
311.806
311.81
311.813
311.815
311.815
311.814
311.811
311.808
311.805
311.801
311.796
311.791
311.786
311.781
311.775
311.767
311.677
311.698
311.718
311.736
311.752
311.767
311.78
311.792
311.802
311.81
311.817
311.821
311.824
311.825
311.825
311.824
311.822
311.819
311.816
311.812
311.808
311.803
311.798
311.793
311.787
311.781
311.686
311.707
311.726
311.745
311.762
311.776
311.79
311.802
311.812
311.82
311.826
311.831
311.833
311.835
311.835
311.834
311.833
311.83
311.827
311.823
311.819
311.814
311.81
311.804
311.799
311.793
311.695
311.716
311.736
311.755
311.772
311.787
311.8
311.812
311.822
311.83
311.836
311.841
311.844
311.845
311.846
311.845
311.843
311.841
311.838
311.835
311.831
311.826
311.822
311.817
311.811
311.806
311.705
311.727
311.747
311.766
311.783
311.798
311.812
311.824
311.834
311.842
311.848
311.852
311.855
311.857
311.858
311.857
311.856
311.854
311.851
311.848
311.844
311.84
311.836
311.831
311.826
311.82
311.718
311.74
311.761
311.78
311.797
311.812
311.826
311.838
311.848
311.856
311.862
311.867
311.87
311.872
311.873
311.873
311.872
311.87
311.867
311.864
311.861
311.857
311.853
311.848
311.843
311.837
311.735
311.757
311.778
311.797
311.815
311.83
311.844
311.856
311.867
311.875
311.881
311.885
311.888
311.891
311.892
311.892
311.891
311.889
311.887
311.884
311.881
311.877
311.873
311.869
311.864
311.858
311.756
311.779
311.8
311.819
311.837
311.853
311.867
311.879
311.89
311.898
311.904
311.908
311.912
311.914
311.915
311.916
311.915
311.914
311.912
311.909
311.906
311.903
311.899
311.895
311.89
311.885
311.783
311.806
311.827
311.847
311.865
311.881
311.896
311.908
311.919
311.927
311.933
311.938
311.941
311.944
311.945
311.945
311.945
311.944
311.942
311.94
311.937
311.934
311.931
311.926
311.922
311.917
311.817
311.84
311.862
311.882
311.901
311.917
311.932
311.945
311.956
311.964
311.97
311.975
311.978
311.98
311.982
311.983
311.983
311.982
311.98
311.979
311.976
311.973
311.97
311.966
311.962
311.958
311.859
311.883
311.905
311.926
311.945
311.962
311.977
311.991
312.001
312.01
312.016
312.021
312.024
312.026
312.028
312.029
312.029
312.028
312.027
312.026
312.024
312.021
312.018
312.015
312.011
312.006
)
;
        refGradient     nonuniform List<scalar> 
898
(
45.4412
47.3586
49.7387
51.3573
54.2129
57.9915
-14.5494
-13.1059
-14.1958
-17.4773
60.7377
57.6303
55.0847
53.9713
51.4454
50.1808
50.1259
50.7129
51.4461
52.0999
52.5445
52.7006
52.6028
52.4072
52.2885
52.301
46.0566
48.6666
52.2958
55.0134
60.1189
65.6633
-5.74376
-3.28365
-3.60499
-7.00897
63.8071
57.8481
53.0229
51.4978
48.5838
47.3817
47.6641
48.6692
49.8047
50.8479
51.6583
52.1062
52.1839
52.048
51.9206
51.9204
46.7989
50.0522
55.2738
59.4074
68.6973
74.506
-3.20919
-1.35461
-1.05433
-2.91296
73.3514
65.6197
54.9441
52.2293
48.2606
46.5616
46.6683
47.6169
48.766
49.8986
50.8565
51.4668
51.6766
51.6108
51.491
51.4757
48.0616
51.6123
57.7594
63.2123
84.8687
88.0999
16.0875
16.8211
17.1209
16.3578
78.731
71.6364
51.8527
49.8152
47.2306
46.22
46.5409
47.5127
48.594
49.6379
50.5421
51.1602
51.4265
51.4175
51.3075
51.2537
49.5432
52.5082
57.6715
64.671
54.7251
49.8841
48.0662
47.5489
47.7887
48.4818
49.3437
50.1346
50.8152
51.3054
51.5454
51.5594
51.4445
51.3191
51.4156
53.5187
57.2922
63.4252
56.4295
51.4062
49.3795
48.9316
49.6634
50.6296
51.3478
51.7574
51.9344
52.1032
52.1922
52.1503
51.9905
51.7715
51.8405
53.3434
56.2153
62.2568
56.9258
51.7023
49.6979
49.5993
50.6208
51.7669
52.4911
52.787
52.7088
52.5011
52.3556
52.2104
52.0187
51.7869
51.0285
52.5618
54.9773
60.7223
56.9902
51.5037
49.5231
49.5924
50.8317
52.0877
52.7877
52.9377
52.6693
52.2171
51.9
51.6731
51.5024
51.3939
50.1939
51.8685
54.5884
60.7372
56.4235
50.3105
48.3298
48.7449
50.2465
51.6387
52.387
52.5091
52.1492
51.6085
51.2101
50.9428
50.8348
50.9376
49.4718
50.7527
54.0988
61.7076
55.2049
48.0454
46.2636
47.0474
48.8655
50.4195
51.3031
51.56
51.253
50.8684
50.539
50.3421
50.3725
50.6873
48.4784
48.9823
52.1196
61.3442
52.9742
45.0272
44.1411
45.3835
47.265
48.8893
49.9885
50.4279
50.4681
50.3268
50.1935
50.2352
50.5284
50.9627
47.2268
47.4696
49.3825
58.4638
49.271
42.176
43.5663
45.3628
46.9144
48.1875
49.1555
49.7445
49.9795
50.0239
50.1793
50.6607
51.4238
51.9194
46.3959
47.0729
47.8702
49.6501
-32.6134
-30.6571
-28.095
-24.1293
-23.4828
-23.6652
-23.7976
-25.5169
46.4309
45.4684
46.6466
47.3719
47.8903
48.369
48.8263
49.1823
49.3732
49.5159
49.9798
51.0256
52.4614
53.0469
45.2827
45.8865
47.1425
50.0106
-29.6047
-27.9628
-27.6577
-27.5007
-27.3579
-27.025
-26.4942
-27.4185
51.3975
49.3024
48.8764
48.5952
48.4045
48.325
48.3447
48.4112
48.4742
48.654
49.385
50.994
53.2402
54.0071
44.8355
45.0685
45.9145
49.0274
-29.0025
-27.2852
-27.1504
-27.0259
-26.7284
-26.2379
-25.75
-27.116
50.8991
48.6008
48.18
47.986
47.8357
47.7062
47.5967
47.5118
47.4668
47.6271
48.4905
50.5057
53.5899
54.7265
44.7831
44.8399
45.3758
48.3116
-28.4906
-26.6754
-26.6336
-26.6866
-26.5101
-26.0983
-25.7787
-27.4277
50.7225
48.3753
47.9192
47.7514
47.6298
47.478
47.2741
47.0335
46.8042
46.7766
47.4811
49.5316
53.1775
54.6886
44.8978
44.8739
45.2104
47.7136
-21.9953
-20.1791
-20.0704
-20.1244
-19.9971
-19.6845
-19.5199
-21.1983
50.093
47.9262
47.5063
47.381
47.3106
47.2002
47.0093
46.732
46.3924
46.1364
46.4434
48.07
51.7097
54.4097
45.092
45.0448
45.2531
47.1053
-5.54149
-3.96539
-3.72357
-3.65068
-3.51205
-3.31316
-3.28456
-4.71687
49.0027
47.3242
46.9852
46.8812
46.8311
46.7585
46.628
46.4224
46.124
45.7685
45.6495
46.5064
49.496
53.6275
45.3265
45.2769
45.3828
46.4831
16.7904
17.85
18.1205
18.2716
18.4027
18.4999
18.4548
17.4995
47.6899
46.6774
46.4449
46.3548
46.3031
46.2445
46.1612
46.0487
45.8847
45.6208
45.2993
45.3745
47.134
51.7744
45.572
45.5248
45.5496
46.002
36.237
36.721
36.9187
37.059
37.1478
37.1692
37.1019
36.6515
46.5673
46.1705
46.0478
45.9838
45.9391
45.892
45.8344
45.7721
45.7081
45.6092
45.3974
45.1113
45.4099
48.9328
45.8004
45.7539
45.7252
45.777
47.1716
47.253
47.3661
47.4665
47.5137
47.4922
47.4258
47.3138
45.9199
45.9094
45.862
45.8223
45.7923
45.7641
45.7303
45.6901
45.6514
45.6226
45.5905
45.4973
45.3417
47.2751
45.9975
45.9493
45.8926
45.7883
50.0591
49.9749
50.041
50.1138
50.1394
50.1028
50.0404
50.0541
45.7375
45.873
45.8611
45.8387
45.8234
45.8152
45.8072
45.7895
45.7558
45.7081
45.6644
45.6894
46.0475
48.7384
46.1675
46.1177
46.0516
45.9399
48.7994
48.7055
48.7577
48.8179
48.8387
48.8068
48.752
48.7615
45.8509
45.9853
45.9802
45.9658
45.9593
45.9629
45.9711
45.971
45.952
45.9143
45.8711
45.8645
46.1124
48.6522
46.3228
46.2733
46.2087
46.1397
46.9592
46.903
46.949
46.9969
47.0164
46.9985
46.9574
46.9292
46.0631
46.15
46.1395
46.1283
46.1278
46.1377
46.1538
46.1624
46.1499
46.1163
46.0821
46.0984
46.3733
48.7735
46.4745
46.4277
46.3708
46.3413
46.0634
46.0317
46.0644
46.0939
46.1096
46.1071
46.0853
46.0368
46.2734
46.3226
46.304
46.2932
46.2962
46.3086
46.3265
46.3385
46.3312
46.3034
46.2739
46.2894
46.5223
48.4842
46.6303
46.5886
46.5427
46.5371
46.0509
46.0181
46.0298
46.0369
46.0444
46.0531
46.0508
46.0057
46.4577
46.4914
46.4648
46.4507
46.4538
46.4657
46.481
46.4918
46.4886
46.4704
46.4529
46.4731
46.6509
47.9803
46.7999
46.7654
46.7324
46.7396
46.3967
46.3474
46.3363
46.3225
46.3201
46.3338
46.347
46.318
46.6367
46.6709
46.6371
46.6154
46.6142
46.6228
46.6336
46.6412
46.6411
46.634
46.6313
46.6571
46.7771
47.4727
46.9972
46.9719
46.9515
46.9658
46.7642
46.6945
46.6641
46.6346
46.6228
46.6355
46.6575
46.6455
46.8345
46.8773
46.8385
46.8064
46.7962
46.7983
46.8037
46.8078
46.8099
46.8128
46.824
46.8562
46.9336
47.1761
47.24
47.225
47.215
47.2322
47.0827
46.9957
46.9524
46.9138
46.8942
46.9016
46.9256
46.9259
47.073
47.1279
47.0889
47.0471
47.0248
47.0168
47.0153
47.0159
47.0192
47.0295
47.0518
47.0909
47.1472
47.1688
47.5477
47.5425
47.5385
47.5535
47.403
47.3046
47.2549
47.2129
47.188
47.188
47.2085
47.2148
47.3693
47.4369
47.4034
47.3559
47.3209
47.3
47.2893
47.2855
47.2895
47.305
47.3356
47.3814
47.4329
47.4018
47.9389
47.9411
47.9375
47.9452
47.7845
47.6813
47.6306
47.5897
47.562
47.5547
47.5685
47.5756
47.7414
47.8193
47.7962
47.7488
47.7037
47.6689
47.6471
47.6383
47.6428
47.6628
47.6995
47.7504
47.8038
47.7924
48.43
48.4354
48.4267
48.4228
48.2618
48.1598
48.1118
48.0745
48.0464
48.0335
48.04
48.0447
48.2067
48.2896
48.2792
48.2373
48.187
48.1405
48.1079
48.0938
48.0989
48.1229
48.1636
48.2164
48.2706
48.2861
49.0341
49.0375
49.0191
49.0014
48.851
48.7553
48.7117
48.6791
48.6525
48.6367
48.6371
48.6383
48.7817
48.8627
48.864
48.8314
48.7818
48.7289
48.6884
48.6702
48.6762
48.703
48.7451
48.7959
48.8467
48.8733
49.7616
49.7579
49.7269
49.6952
49.5623
49.4762
49.4373
49.4091
49.3853
49.3691
49.3657
49.3643
49.4803
49.5524
49.5617
49.5395
49.496
49.4437
49.4011
49.3815
49.3884
49.4164
49.4568
49.5019
49.5454
49.5691
50.6207
50.6058
50.5615
50.5174
50.4044
50.3296
50.2944
50.2697
50.249
50.2345
50.2299
50.2274
50.3134
50.3712
50.3835
50.3703
50.3366
50.2921
50.2541
50.2372
50.2454
50.2725
50.3083
50.3452
50.3793
50.3938
51.618
51.5894
51.5328
51.4788
51.3854
51.3214
51.2888
51.2662
51.2485
51.2367
51.2327
51.2305
51.2878
51.3284
51.339
51.3321
51.3097
51.2783
51.2514
51.2412
51.2513
51.2758
51.305
51.3326
51.3568
51.3615
52.7417
52.6964
52.6295
52.5684
52.4919
52.4372
52.4058
52.3843
52.3692
52.3603
52.358
52.3569
52.3895
52.4127
52.4188
52.4155
52.4044
52.3893
52.378
52.378
52.3911
52.4124
52.4345
52.4538
52.4699
52.469
)
;
        valueFraction   nonuniform List<scalar> 
898
(
0.123558
0.123735
0.125266
0.128838
0.131556
0.133243
0.140084
0.145587
0.155715
0.167152
0.171558
0.178439
0.183358
0.187008
0.189751
0.191772
0.193174
0.19421
0.195132
0.196053
0.196944
0.1977
0.198207
0.198394
0.198234
0.197747
0.123763
0.125439
0.130119
0.137681
0.141354
0.142556
0.14741
0.147399
0.147401
0.147681
0.143842
0.145332
0.147657
0.150657
0.155868
0.162054
0.168077
0.173336
0.177714
0.181323
0.1843
0.186727
0.188629
0.19001
0.190883
0.191286
0.126424
0.131024
0.140241
0.149966
0.152025
0.150591
0.153809
0.153006
0.15267
0.152596
0.147987
0.148912
0.148525
0.149576
0.152518
0.155612
0.159437
0.163595
0.167727
0.171606
0.175098
0.178125
0.180641
0.182624
0.184072
0.185015
0.134458
0.142189
0.154043
0.160655
0.161835
0.155359
0.148507
0.135302
0.12349
0.113793
0.101501
0.0961117
0.115911
0.128276
0.143106
0.153932
0.159596
0.163778
0.167383
0.170545
0.173303
0.175641
0.177561
0.179071
0.180182
0.180918
0.148599
0.155052
0.162187
0.164219
0.129408
0.139951
0.155782
0.166477
0.171852
0.171583
0.172614
0.173883
0.175128
0.176205
0.177071
0.17772
0.178172
0.178447
0.165379
0.163815
0.157964
0.149234
0.136928
0.148484
0.162032
0.171866
0.179172
0.183441
0.185107
0.184862
0.182253
0.180814
0.180244
0.179962
0.179653
0.179269
0.174682
0.164812
0.150538
0.138168
0.138826
0.151066
0.163866
0.174351
0.181616
0.185872
0.187584
0.18722
0.185037
0.181328
0.179355
0.178219
0.177249
0.17634
0.174907
0.162289
0.143022
0.126264
0.139108
0.151342
0.163801
0.172671
0.17862
0.181798
0.182688
0.181759
0.179311
0.17516
0.173057
0.171878
0.170907
0.170029
0.175624
0.163266
0.144455
0.127672
0.135516
0.146124
0.157135
0.16499
0.169999
0.172528
0.172929
0.17169
0.1691
0.165416
0.16384
0.163055
0.162437
0.161901
0.176397
0.166975
0.153166
0.139982
0.129345
0.135577
0.143712
0.149661
0.155709
0.159308
0.160386
0.159597
0.157036
0.15528
0.154376
0.153841
0.153435
0.153122
0.168447
0.167218
0.16166
0.152162
0.121323
0.121504
0.126944
0.132115
0.139661
0.145434
0.148733
0.148871
0.148399
0.148019
0.147527
0.146988
0.146458
0.146003
0.152827
0.159998
0.167602
0.168403
0.112416
0.104574
0.115966
0.125617
0.13365
0.139107
0.14231
0.143748
0.144212
0.144105
0.143656
0.143026
0.142339
0.141732
0.138332
0.147443
0.160524
0.166824
0.174271
0.165793
0.146965
0.116265
0.10893
0.109834
0.112037
0.114973
0.115403
0.123477
0.131758
0.136733
0.139737
0.14128
0.141846
0.141795
0.141373
0.140734
0.139959
0.139117
0.138294
0.137677
0.129208
0.135393
0.146427
0.15676
0.16442
0.162484
0.159398
0.158681
0.158608
0.158586
0.158554
0.157981
0.151188
0.150355
0.148763
0.146694
0.144588
0.142631
0.140875
0.13932
0.137948
0.13673
0.135615
0.134588
0.13369
0.133208
0.125695
0.128586
0.135016
0.144062
0.153645
0.155186
0.154903
0.153955
0.152702
0.151342
0.150023
0.148731
0.142814
0.141868
0.140998
0.139996
0.138838
0.137568
0.136253
0.13496
0.133736
0.132602
0.131541
0.130558
0.129715
0.129634
0.125131
0.126112
0.128887
0.134066
0.143017
0.145661
0.146961
0.147421
0.147319
0.146871
0.146233
0.145387
0.139687
0.138852
0.138053
0.1371
0.135995
0.134786
0.133537
0.1323
0.131109
0.129983
0.128902
0.12788
0.12699
0.127764
0.125645
0.125872
0.126889
0.129215
0.136085
0.138244
0.139712
0.140637
0.141102
0.141215
0.14107
0.140612
0.135659
0.135058
0.134488
0.133791
0.132964
0.132034
0.131038
0.130013
0.128987
0.12797
0.126938
0.125906
0.124942
0.128138
0.12632
0.126293
0.126642
0.127616
0.132176
0.133447
0.134448
0.13521
0.135723
0.136008
0.136093
0.135914
0.132301
0.13196
0.131623
0.131166
0.130585
0.129897
0.129129
0.128306
0.127447
0.126562
0.125631
0.12466
0.123693
0.127335
0.126894
0.126769
0.126866
0.127286
0.129809
0.130484
0.131065
0.131555
0.131927
0.13217
0.132281
0.132213
0.130123
0.129894
0.129643
0.1293
0.12886
0.128336
0.127741
0.127088
0.126386
0.125641
0.124845
0.124012
0.123177
0.126785
0.127317
0.12713
0.127096
0.127247
0.128214
0.128551
0.128866
0.12915
0.129379
0.129541
0.129626
0.129611
0.128832
0.128688
0.128507
0.128254
0.127927
0.127532
0.127074
0.126558
0.125987
0.125362
0.124684
0.123988
0.123324
0.126376
0.127619
0.127381
0.127258
0.127253
0.127321
0.127469
0.127634
0.127795
0.127935
0.12804
0.1281
0.128107
0.128083
0.127982
0.127835
0.127634
0.127377
0.127069
0.126713
0.126312
0.125868
0.125386
0.124876
0.124387
0.12402
0.124327
0.127829
0.127543
0.127351
0.127244
0.126981
0.127009
0.127069
0.127141
0.12721
0.127265
0.127297
0.127304
0.127512
0.127443
0.127337
0.127191
0.127005
0.12678
0.126517
0.126218
0.125886
0.125527
0.125156
0.124807
0.124554
0.124687
0.127972
0.127646
0.127398
0.127221
0.12694
0.126887
0.126872
0.12688
0.1269
0.12692
0.126933
0.126936
0.127092
0.127043
0.126969
0.126867
0.126735
0.126572
0.12638
0.126162
0.125921
0.125669
0.12542
0.125207
0.125091
0.125282
0.128066
0.127703
0.12741
0.127181
0.126955
0.126842
0.126768
0.126724
0.126702
0.126691
0.126684
0.126679
0.126722
0.126689
0.126644
0.12658
0.126493
0.126384
0.126253
0.126101
0.125935
0.125764
0.125602
0.125473
0.125423
0.125625
0.128124
0.12773
0.127399
0.127127
0.126924
0.126764
0.126646
0.126564
0.12651
0.126477
0.126457
0.126446
0.126426
0.126406
0.126383
0.126347
0.126295
0.126226
0.126141
0.126042
0.125934
0.125826
0.12573
0.125664
0.125661
0.12585
0.128155
0.127735
0.127372
0.127065
0.126841
0.126645
0.126491
0.126378
0.126299
0.126246
0.126214
0.126198
0.126162
0.126152
0.126145
0.126131
0.126107
0.126071
0.126024
0.125967
0.125905
0.125845
0.125796
0.125771
0.12579
0.125937
0.128168
0.127725
0.127335
0.126998
0.126739
0.126513
0.126333
0.126196
0.126097
0.12603
0.125989
0.125969
0.125941
0.125939
0.125945
0.125949
0.125947
0.125937
0.12592
0.125896
0.125869
0.125845
0.125831
0.125834
0.125868
0.125972
0.128167
0.127704
0.127291
0.12693
0.126639
0.12639
0.126188
0.126031
0.125916
0.125836
0.125787
0.125764
0.125744
0.125747
0.125763
0.12578
0.125796
0.125807
0.125813
0.125816
0.125817
0.12582
0.12583
0.125853
0.125895
0.125968
0.128154
0.127675
0.127243
0.126863
0.126549
0.126281
0.126061
0.125889
0.12576
0.125671
0.125615
0.125589
0.125573
0.12558
0.125603
0.125632
0.125662
0.125689
0.125714
0.125737
0.12576
0.125784
0.125813
0.12585
0.125898
0.125957
0.128132
0.127638
0.127191
0.126795
0.126464
0.126181
0.125946
0.12576
0.125621
0.125523
0.125462
0.125433
0.125418
0.125426
0.125455
0.125492
0.125533
0.125574
0.125614
0.125653
0.125691
0.125731
0.125774
0.125822
0.125876
0.125932
0.1281
0.127594
0.127134
0.126725
0.126381
0.126085
0.125838
0.125641
0.125492
0.125388
0.125323
0.125291
0.125275
0.125285
0.125318
0.125362
0.125411
0.125462
0.125515
0.125566
0.125618
0.12567
0.125724
0.12578
0.12584
0.125898
0.128059
0.127542
0.127072
0.126652
0.126296
0.12599
0.125732
0.125525
0.125369
0.125259
0.125189
0.125155
0.125139
0.125151
0.125186
0.125235
0.125291
0.125351
0.125412
0.125474
0.125537
0.125599
0.125661
0.125724
0.125788
0.125851
0.128008
0.127483
0.127003
0.126574
0.126208
0.125892
0.125625
0.125411
0.125248
0.125133
0.12506
0.125024
0.125009
0.125023
0.12506
0.125112
0.125173
0.12524
0.125309
0.12538
0.12545
0.12552
0.12559
0.125658
0.125726
0.125792
0.127949
0.127416
0.126929
0.126492
0.126116
0.125791
0.125518
0.125297
0.125129
0.12501
0.124934
0.124897
0.124883
0.124898
0.124937
0.124992
0.125057
0.125129
0.125205
0.125282
0.125359
0.125436
0.12551
0.125584
0.125655
0.125723
0.127878
0.127339
0.126846
0.126403
0.126019
0.125686
0.125407
0.125181
0.12501
0.124888
0.12481
0.124772
0.12476
0.124777
0.124818
0.124875
0.124943
0.125019
0.1251
0.125182
0.125265
0.125346
0.125425
0.125502
0.125576
0.125646
0.127798
0.127254
0.126756
0.126307
0.125916
0.125577
0.125293
0.125064
0.124889
0.124765
0.124687
0.124648
0.124639
0.124657
0.124699
0.124758
0.124828
0.124907
0.124991
0.125077
0.125163
0.125248
0.125331
0.12541
0.125486
0.125557
0.127703
0.127155
0.126653
0.1262
0.125803
0.125459
0.125172
0.12494
0.124764
0.12464
0.124561
0.124522
0.124515
0.124535
0.124578
0.124639
0.124711
0.124792
0.124879
0.124968
0.125057
0.125144
0.125229
0.12531
0.125388
0.125461
)
;
        value           nonuniform List<scalar> 
898
(
320.034
320.476
320.959
321.173
321.63
321.507
306.333
305.792
305.708
305.946
319.365
319.146
318.513
318.106
317.513
317.142
316.996
316.985
317.021
317.056
317.062
317.028
316.964
316.903
316.877
316.901
320.198
320.713
321.277
321.472
322.3
322.585
308.188
307.711
307.529
307.583
321.595
321.1
320.014
319.423
318.504
317.889
317.599
317.503
317.483
317.482
317.463
317.402
317.301
317.192
317.114
317.094
320.247
320.724
321.337
321.66
323.325
323.877
309.052
308.463
308.379
308.709
323.437
322.672
320.578
319.787
318.729
318.108
317.857
317.794
317.79
317.797
317.784
317.724
317.614
317.482
317.372
317.318
320.075
320.41
321.026
321.621
324.545
325.106
312.051
311.412
311.388
312.059
327.505
327.334
321.971
320.437
318.933
318.139
317.878
317.831
317.843
317.868
317.882
317.858
317.786
317.681
317.58
317.52
319.611
319.859
320.454
320.547
320.212
319.531
318.327
317.684
317.549
317.67
317.759
317.825
317.874
317.894
317.873
317.816
317.744
317.691
319.111
319.554
320.508
320.801
319.774
319.212
318.14
317.566
317.392
317.409
317.487
317.573
317.697
317.775
317.801
317.79
317.756
317.724
318.656
319.381
320.638
321.046
319.666
319.047
318.019
317.48
317.344
317.379
317.451
317.53
317.623
317.733
317.789
317.808
317.807
317.802
318.318
319.224
320.718
321.323
319.619
318.941
317.937
317.499
317.454
317.551
317.651
317.733
317.807
317.903
317.941
317.952
317.96
317.981
317.914
318.852
320.405
321.164
319.651
318.927
317.98
317.647
317.693
317.849
317.986
318.081
318.146
318.211
318.214
318.203
318.209
318.256
317.633
318.361
319.723
320.606
319.688
318.967
318.174
317.994
318.064
318.217
318.361
318.466
318.542
318.564
318.554
318.547
318.573
318.657
317.75
317.971
318.825
319.815
319.574
318.989
318.478
318.425
318.462
318.546
318.646
318.756
318.815
318.833
318.856
318.912
319.012
319.148
318.202
317.972
317.998
318.465
319.126
319.154
318.773
318.641
318.592
318.631
318.725
318.826
318.898
318.96
319.062
319.243
319.48
319.676
318.735
318.437
317.946
317.165
302.348
301.18
300.126
298.581
298.233
298.295
298.573
299.691
317.795
318.465
318.432
318.38
318.388
318.47
318.604
318.75
318.879
319.011
319.225
319.576
320.012
320.285
319.001
318.804
318.416
317.601
302.703
301.868
301.446
301.197
301.067
301.018
301.111
301.729
317.035
317.715
317.91
318.051
318.193
318.35
318.522
318.695
318.861
319.05
319.368
319.9
320.582
320.972
319.149
319.03
318.752
317.968
302.484
301.799
301.538
301.347
301.208
301.131
301.164
301.694
317.363
318.021
318.185
318.295
318.403
318.518
318.641
318.77
318.909
319.099
319.467
320.134
321.066
321.597
319.267
319.2
319.028
318.331
302.311
301.672
301.489
301.35
301.254
301.213
301.249
301.757
317.623
318.262
318.405
318.511
318.618
318.721
318.814
318.901
318.992
319.14
319.483
320.191
321.301
321.979
319.391
319.34
319.226
318.638
303.653
303.046
302.897
302.792
302.726
302.705
302.74
303.211
317.975
318.561
318.685
318.782
318.882
318.975
319.05
319.107
319.152
319.23
319.473
320.083
321.185
321.803
319.516
319.477
319.399
318.959
307.378
306.88
306.764
306.69
306.643
306.623
306.643
307.012
318.452
318.914
319.006
319.078
319.156
319.23
319.291
319.336
319.362
319.386
319.497
319.892
320.783
321.296
319.62
319.595
319.55
319.284
312.521
312.207
312.137
312.096
312.067
312.046
312.05
312.272
318.976
319.267
319.323
319.366
319.414
319.461
319.503
319.54
319.566
319.576
319.596
319.746
320.25
320.478
319.696
319.686
319.667
319.556
317.1
316.962
316.935
316.923
316.91
316.895
316.889
316.978
319.417
319.55
319.576
319.595
319.618
319.641
319.664
319.687
319.713
319.735
319.743
319.743
319.803
319.505
319.752
319.751
319.75
319.736
319.799
319.773
319.774
319.779
319.777
319.767
319.757
319.762
319.696
319.732
319.74
319.747
319.756
319.767
319.778
319.789
319.805
319.829
319.856
319.856
319.733
319.024
319.798
319.802
319.81
319.834
320.654
320.672
320.686
320.699
320.702
320.694
320.681
320.654
319.836
319.835
319.835
319.837
319.841
319.847
319.854
319.861
319.869
319.881
319.899
319.914
319.877
319.299
319.844
319.85
319.86
319.888
320.503
320.526
320.544
320.557
320.561
320.553
320.539
320.51
319.899
319.896
319.895
319.895
319.897
319.902
319.908
319.915
319.923
319.933
319.944
319.944
319.876
319.273
319.892
319.899
319.91
319.932
320.151
320.165
320.182
320.193
320.196
320.189
320.177
320.155
319.943
319.949
319.946
319.945
319.947
319.95
319.955
319.962
319.97
319.98
319.989
319.989
319.931
319.377
319.941
319.949
319.963
319.981
319.965
319.972
319.986
319.995
319.996
319.992
319.983
319.968
319.994
320.004
320
319.997
319.997
319.998
320.003
320.009
320.018
320.026
320.033
320.031
319.982
319.534
319.992
320.001
320.016
320.036
319.961
319.966
319.978
319.984
319.985
319.983
319.977
319.967
320.053
320.065
320.058
320.052
320.05
320.05
320.052
320.058
320.066
320.073
320.078
320.077
320.044
319.748
320.042
320.053
320.072
320.095
320.04
320.043
320.054
320.058
320.059
320.059
320.056
320.048
320.116
320.127
320.118
320.109
320.105
320.103
320.104
320.108
320.114
320.12
320.124
320.124
320.107
319.962
320.095
320.109
320.13
320.156
320.128
320.13
320.139
320.143
320.144
320.145
320.144
320.137
320.181
320.192
320.181
320.17
320.163
320.16
320.16
320.162
320.166
320.17
320.173
320.174
320.169
320.131
320.154
320.17
320.194
320.222
320.206
320.205
320.213
320.217
320.22
320.221
320.222
320.216
320.25
320.261
320.249
320.236
320.228
320.223
320.221
320.222
320.224
320.226
320.228
320.23
320.231
320.245
320.223
320.242
320.268
320.296
320.281
320.278
320.285
320.291
320.294
320.296
320.297
320.293
320.325
320.338
320.327
320.313
320.302
320.296
320.293
320.292
320.293
320.293
320.294
320.295
320.299
320.325
320.308
320.33
320.356
320.383
320.366
320.362
320.37
320.376
320.381
320.383
320.384
320.381
320.414
320.428
320.418
320.405
320.393
320.385
320.381
320.378
320.377
320.376
320.375
320.376
320.38
320.401
320.414
320.437
320.464
320.488
320.473
320.468
320.476
320.483
320.489
320.492
320.493
320.49
320.523
320.537
320.529
320.517
320.505
320.496
320.49
320.486
320.482
320.48
320.478
320.478
320.481
320.495
320.546
320.57
320.596
320.618
320.605
320.602
320.61
320.618
320.624
320.628
320.629
320.627
320.656
320.669
320.664
320.654
320.643
320.634
320.626
320.62
320.615
320.611
320.608
320.607
320.609
320.618
320.709
320.734
320.758
320.778
320.77
320.77
320.778
320.786
320.792
320.796
320.798
320.797
320.82
320.831
320.828
320.821
320.812
320.803
320.794
320.787
320.78
320.774
320.77
320.768
320.769
320.777
320.91
320.933
320.956
320.974
320.972
320.975
320.983
320.992
320.998
321.002
321.004
321.003
321.02
321.03
321.028
321.024
321.017
321.009
321
320.991
320.983
320.976
320.971
320.968
320.968
320.975
321.153
321.175
321.196
321.214
321.218
321.224
321.233
321.241
321.247
321.25
321.253
321.253
321.264
321.271
321.271
321.269
321.265
321.258
321.249
321.239
321.231
321.223
321.218
321.214
321.213
321.219
321.451
321.472
321.492
321.51
321.519
321.528
321.538
321.546
321.551
321.554
321.556
321.557
321.564
321.569
321.57
321.569
321.566
321.56
321.552
321.542
321.533
321.526
321.52
321.516
321.514
321.519
)
;
        Tnbr            T;
        qrNbr           qr;
        qr              none;
        thermalInertia  false;
        thicknessLayers List<scalar> 0();
        kappaLayers     List<scalar> 0();
        kappaMethod     solidThermo;
        kappa           none;
        alphaAni        none;
        alpha           none;
    }
    concrete_to_asphalt
    {
        type            compressible::turbulentTemperatureRadCoupledMixed;
        refValue        nonuniform List<scalar> 
52
(
318.468
318.478
318.488
318.495
318.499
318.501
318.503
318.503
318.502
318.5
318.498
318.496
318.497
318.5
318.503
318.505
318.504
318.5
318.491
318.48
318.469
318.46
318.453
318.449
318.448
318.451
320.616
320.634
320.65
320.664
320.673
320.681
320.688
320.693
320.696
320.697
320.696
320.696
320.699
320.701
320.703
320.704
320.702
320.697
320.689
320.679
320.669
320.661
320.655
320.65
320.648
320.649
)
;
        refGradient     uniform 0;
        valueFraction   nonuniform List<scalar> 
52
(
0.529412
0.529412
0.529412
0.529412
0.529412
0.529412
0.529412
0.529412
0.529412
0.529412
0.529412
0.529412
0.529412
0.529412
0.529412
0.529412
0.529412
0.529412
0.529412
0.529412
0.529412
0.529412
0.529412
0.529412
0.529412
0.529412
0.529412
0.529412
0.529412
0.529412
0.529412
0.529412
0.529412
0.529412
0.529412
0.529412
0.529412
0.529412
0.529412
0.529412
0.529412
0.529412
0.529412
0.529412
0.529412
0.529412
0.529412
0.529412
0.529412
0.529412
0.529412
0.529412
)
;
        value           nonuniform List<scalar> 
52
(
318.213
318.22
318.229
318.236
318.238
318.24
318.241
318.242
318.241
318.239
318.237
318.235
318.237
318.24
318.242
318.244
318.244
318.24
318.232
318.222
318.211
318.201
318.194
318.19
318.188
318.195
320.429
320.446
320.462
320.477
320.484
320.491
320.498
320.504
320.506
320.508
320.508
320.507
320.512
320.515
320.516
320.517
320.515
320.51
320.502
320.492
320.483
320.474
320.468
320.464
320.462
320.466
)
;
        Tnbr            T;
        qrNbr           none;
        qr              none;
        thermalInertia  false;
        thicknessLayers List<scalar> 0();
        kappaLayers     List<scalar> 0();
        kappaMethod     solidThermo;
        kappa           none;
        alphaAni        none;
        alpha           none;
    }
    concrete_to_soil2
    {
        type            compressible::turbulentTemperatureRadCoupledMixed;
        refValue        nonuniform List<scalar> 
200
(
317.016
317.256
317.54
317.775
318.229
317.864
307.343
306.873
306.79
306.971
314.891
315.132
314.858
314.729
314.506
314.368
314.316
314.318
314.343
314.366
314.37
314.348
314.314
314.291
314.301
314.344
316.962
314.422
317.145
314.538
317.347
314.691
317.459
314.848
317.309
314.989
316.896
315.048
316.316
315.144
315.831
315.327
315.306
315.612
314.956
316.025
315.156
316.54
315.642
317.098
315.986
317.731
316.147
318.654
316.245
319.39
316.349
321.048
316.471
318.906
316.585
313.861
316.673
308.98
316.733
305.377
316.777
302.758
316.818
302.925
316.86
302.89
316.905
303.866
316.951
306.365
316.998
310.058
317.044
313.725
317.09
316.283
317.138
317.462
317.192
317.689
317.257
317.552
317.338
317.432
317.439
317.44
317.565
317.552
317.723
317.72
317.918
317.925
318.155
318.166
318.882
319.168
319.497
319.745
320.265
320.114
307.692
307.442
307.338
307.296
316.617
316.679
316.375
316.262
316.027
315.892
315.857
315.881
315.923
315.956
315.965
315.944
315.91
315.889
315.901
315.949
318.821
316.056
319.024
316.204
319.243
316.386
319.357
316.565
319.158
316.721
318.649
316.766
317.966
316.859
317.433
317.058
316.869
317.375
316.514
317.84
316.806
318.408
317.406
319.004
317.82
319.668
318.008
320.666
318.116
321.383
318.227
323.336
318.359
320.865
318.486
315.063
318.582
309.55
318.647
305.603
318.694
302.755
318.736
303.088
318.779
303.031
318.825
304.109
318.873
306.94
318.921
311.161
318.97
315.353
319.019
318.254
319.073
319.56
319.135
319.779
319.211
319.601
319.306
319.459
319.425
319.475
319.575
319.611
319.76
319.81
319.986
320.049
320.258
320.325
)
;
        refGradient     uniform 0;
        valueFraction   nonuniform List<scalar> 
200
(
0.529412
0.529412
0.529412
0.529412
0.529412
0.529412
0.529412
0.529412
0.529412
0.529412
0.529412
0.529412
0.529412
0.529412
0.529412
0.529412
0.529412
0.529412
0.529412
0.529412
0.529412
0.529412
0.529412
0.529412
0.529412
0.529412
0.529412
0.529412
0.529412
0.529412
0.529412
0.529412
0.529412
0.529412
0.529412
0.529412
0.529412
0.529412
0.529412
0.529412
0.529412
0.529412
0.529412
0.529412
0.529412
0.529412
0.529412
0.529412
0.529412
0.529412
0.529412
0.529412
0.529412
0.529412
0.529412
0.529412
0.529412
0.529412
0.529412
0.529412
0.529412
0.529412
0.529412
0.529412
0.529412
0.529412
0.529412
0.529412
0.529412
0.529412
0.529412
0.529412
0.529412
0.529412
0.529412
0.529412
0.529412
0.529412
0.529412
0.529412
0.529412
0.529412
0.529412
0.529412
0.529412
0.529412
0.529412
0.529412
0.529412
0.529412
0.529412
0.529412
0.529412
0.529412
0.529412
0.529412
0.529412
0.529412
0.529412
0.529412
0.529412
0.529412
0.529412
0.529412
0.529412
0.529412
0.529412
0.529412
0.529412
0.529412
0.529412
0.529412
0.529412
0.529412
0.529412
0.529412
0.529412
0.529412
0.529412
0.529412
0.529412
0.529412
0.529412
0.529412
0.529412
0.529412
0.529412
0.529412
0.529412
0.529412
0.529412
0.529412
0.529412
0.529412
0.529412
0.529412
0.529412
0.529412
0.529412
0.529412
0.529412
0.529412
0.529412
0.529412
0.529412
0.529412
0.529412
0.529412
0.529412
0.529412
0.529412
0.529412
0.529412
0.529412
0.529412
0.529412
0.529412
0.529412
0.529412
0.529412
0.529412
0.529412
0.529412
0.529412
0.529412
0.529412
0.529412
0.529412
0.529412
0.529412
0.529412
0.529412
0.529412
0.529412
0.529412
0.529412
0.529412
0.529412
0.529412
0.529412
0.529412
0.529412
0.529412
0.529412
0.529412
0.529412
0.529412
0.529412
0.529412
0.529412
0.529412
0.529412
0.529412
0.529412
0.529412
0.529412
0.529412
0.529412
0.529412
0.529412
)
;
        value           nonuniform List<scalar> 
200
(
316.955
317.24
317.571
317.789
318.198
317.747
306.697
306.027
305.956
306.351
315.365
315.609
315.23
314.988
314.634
314.404
314.305
314.291
314.313
314.337
314.341
314.314
314.268
314.231
314.225
314.261
316.927
314.303
317.085
314.424
317.217
314.586
317.219
314.747
316.98
314.892
316.591
314.952
316.125
315.044
315.737
315.217
315.296
315.479
314.986
315.856
315.111
316.329
315.515
316.847
315.882
317.437
316.062
318.216
316.167
318.875
316.263
319.939
316.369
318.705
316.473
315.729
316.558
312.709
316.619
310.329
316.666
308.674
316.708
308.834
316.75
308.807
316.795
309.384
316.842
310.821
316.888
312.936
316.934
315.036
316.98
316.509
317.029
317.205
317.084
317.361
317.149
317.314
317.23
317.28
317.331
317.326
317.457
317.442
317.613
317.603
317.806
317.802
318.047
318.044
318.915
319.258
319.644
319.873
320.345
320.119
307.004
306.54
306.449
306.618
317.321
317.343
316.909
316.663
316.274
316.033
315.945
315.949
315.986
316.019
316.026
315.998
315.951
315.911
315.905
315.942
318.883
315.998
319.063
316.158
319.204
316.354
319.191
316.539
318.887
316.7
318.402
316.744
317.843
316.833
317.411
317.02
316.929
317.314
316.612
317.74
316.809
318.263
317.319
318.819
317.768
319.449
317.983
320.292
318.104
320.959
318.215
322.177
318.338
320.776
318.458
317.433
318.555
314.103
318.623
311.545
318.673
309.792
318.717
310.079
318.761
310.038
318.807
310.664
318.856
312.253
318.904
314.615
318.952
316.961
319.002
318.593
319.056
319.346
319.118
319.498
319.194
319.434
319.289
319.397
319.408
319.456
319.556
319.595
319.74
319.785
319.964
320.017
320.239
320.294
)
;
        Tnbr            T;
        qrNbr           none;
        qr              none;
        thermalInertia  false;
        thicknessLayers List<scalar> 0();
        kappaLayers     List<scalar> 0();
        kappaMethod     solidThermo;
        kappa           none;
        alphaAni        none;
        alpha           none;
    }
    concrete_to_buildings
    {
        type            externalWallHeatFluxTemperature;
        mode            coefficient;
        kappaMethod     solidThermo;
        kappa           none;
        alphaAni        none;
        alpha           none;
        h               constant 10;
        Ta              constant 293.15;
        thicknessLayers List<scalar> 1(0.3);
        kappaLayers     List<scalar> 1(1.6);
        qr              none;
        refValue        uniform 293.15;
        refGradient     uniform 0;
        valueFraction   nonuniform List<scalar> 
64
(
0.0980392
0.0980392
0.0980392
0.0980392
0.0980392
0.0980392
0.0980392
0.0980392
0.0980392
0.0980392
0.0980392
0.0980392
0.0980392
0.0980392
0.0980392
0.0980392
0.0980392
0.0980392
0.0980392
0.0980392
0.0980392
0.0980392
0.0980392
0.0980392
0.0980392
0.0980392
0.0980392
0.0980392
0.0980392
0.0980392
0.0980392
0.0980392
0.0980392
0.0980392
0.0980392
0.0980392
0.0980392
0.0980392
0.0980392
0.0980392
0.0980392
0.0980392
0.0980392
0.0980392
0.0980392
0.0980392
0.0980392
0.0980392
0.0980392
0.0980392
0.0980392
0.0980392
0.0980392
0.0980392
0.0980392
0.0980392
0.0980392
0.0980392
0.0980392
0.0980392
0.0980392
0.0980392
0.0980392
0.0980392
)
;
        value           nonuniform List<scalar> 
64
(
299.555
298.242
297.38
297.214
297.209
297.376
298.325
299.597
298.057
296.544
296.303
296.26
296.258
296.295
296.518
297.931
297.909
296.359
296.177
296.155
296.153
296.169
296.322
297.749
297.902
296.339
296.163
296.144
296.142
296.154
296.299
297.725
297.887
296.332
296.159
296.14
296.138
296.149
296.292
297.716
297.84
296.315
296.144
296.125
296.123
296.133
296.274
297.692
297.758
296.28
296.107
296.078
296.072
296.08
296.218
297.626
297.803
296.4
296.168
296.059
296.026
296.03
296.174
297.559
)
;
    }
    concrete_to_soil1
    {
        type            compressible::turbulentTemperatureRadCoupledMixed;
        refValue        nonuniform List<scalar> 
962
(
315.224
315.507
315.845
316.039
316.341
315.623
305.759
304.732
304.687
305.476
314.135
314.576
314.154
313.807
313.354
313.044
312.896
312.855
312.864
312.882
312.881
312.849
312.795
312.745
312.725
312.752
315.338
315.679
316.088
316.298
316.856
316.412
306.954
305.928
305.801
306.529
315.655
315.936
315.186
314.653
313.949
313.456
313.21
313.124
313.11
313.117
313.107
313.062
312.986
312.905
312.85
312.849
315.391
315.718
316.183
316.506
317.57
317.333
307.787
306.703
306.627
307.523
317.02
317.127
315.718
314.987
314.145
313.608
313.37
313.304
313.304
313.319
313.316
313.275
313.195
313.098
313.019
312.993
315.294
315.537
316.013
316.407
317.423
317.201
309.095
308.129
308.106
309.127
318.54
318.948
316.574
315.451
314.331
313.683
313.429
313.368
313.374
313.396
313.409
313.391
313.335
313.254
313.175
313.138
315.019
315.198
315.587
314.833
302.017
300.331
299.222
298.983
298.976
299.217
300.423
302.047
314.541
314.806
313.957
313.425
313.286
313.309
313.351
313.394
313.427
313.439
313.419
313.369
313.307
313.272
314.726
315.028
315.599
314.733
300.113
298.163
297.815
297.75
297.747
297.803
298.125
299.94
313.978
314.509
313.782
313.313
313.161
313.169
313.225
313.293
313.365
313.407
313.418
313.399
313.363
313.34
314.444
314.934
315.684
314.839
299.898
297.896
297.631
297.596
297.594
297.618
297.842
299.68
313.846
314.37
313.684
313.255
313.133
313.153
313.21
313.274
313.351
313.414
313.442
313.446
313.433
313.428
314.197
314.824
315.723
314.976
299.882
297.865
297.609
297.579
297.576
297.596
297.808
299.644
313.799
314.286
313.625
313.274
313.221
313.287
313.366
313.434
313.502
313.554
313.571
313.57
313.565
313.578
313.882
314.546
315.498
314.869
299.861
297.855
297.602
297.572
297.57
297.588
297.797
299.63
313.799
314.257
313.644
313.375
313.392
313.506
313.614
313.693
313.753
313.783
313.778
313.762
313.758
313.79
313.629
314.161
315.003
314.504
299.799
297.83
297.581
297.55
297.547
297.564
297.769
299.594
313.778
314.242
313.744
313.588
313.641
313.766
313.887
313.974
314.032
314.044
314.032
314.021
314.031
314.092
313.633
313.828
314.34
313.936
299.687
297.778
297.526
297.483
297.473
297.487
297.689
299.498
313.632
314.196
313.895
313.843
313.888
313.98
314.084
314.176
314.226
314.247
314.267
314.307
314.374
314.478
313.876
313.746
313.706
313.015
299.716
297.901
297.574
297.431
297.385
297.393
297.6
299.382
313.241
314.175
314.008
313.942
313.945
314.008
314.107
314.205
314.278
314.34
314.429
314.57
314.748
314.914
314.194
313.983
313.567
312.286
302.225
300.609
299.712
298.778
298.525
298.546
298.824
300.419
312.405
313.696
313.784
313.778
313.805
313.886
314.004
314.131
314.246
314.365
314.544
314.822
315.162
315.416
314.363
314.206
313.82
312.486
302.524
301.157
300.713
300.467
300.346
300.311
300.475
301.694
311.986
313.243
313.481
313.587
313.685
313.799
313.931
314.071
314.211
314.373
314.635
315.061
315.6
315.991
314.456
314.347
314.024
312.68
302.355
301.082
300.776
300.612
300.502
300.451
300.572
301.73
312.15
313.404
313.633
313.726
313.804
313.889
313.986
314.093
314.214
314.381
314.688
315.231
315.976
316.529
314.527
314.451
314.198
312.894
302.277
301.03
300.788
300.672
300.596
300.571
300.695
301.836
312.324
313.563
313.778
313.867
313.942
314.015
314.087
314.161
314.246
314.384
314.682
315.272
316.169
316.915
314.6
314.537
314.336
313.169
303.278
302.117
301.91
301.823
301.772
301.763
301.881
302.932
312.642
313.778
313.969
314.049
314.118
314.182
314.238
314.287
314.337
314.425
314.655
315.185
316.076
316.693
314.677
314.624
314.476
313.577
305.903
304.978
304.812
304.747
304.711
304.702
304.792
305.614
313.159
314.047
314.193
314.253
314.306
314.357
314.402
314.44
314.471
314.516
314.648
315.019
315.73
316.001
314.746
314.707
314.615
314.062
309.484
308.902
308.792
308.751
308.725
308.714
308.764
309.269
313.778
314.33
314.42
314.456
314.489
314.523
314.554
314.585
314.613
314.64
314.695
314.871
315.262
315.051
314.802
314.777
314.733
314.492
312.697
312.434
312.379
312.357
312.341
312.329
312.345
312.559
314.321
314.566
314.608
314.625
314.643
314.661
314.68
314.7
314.726
314.755
314.785
314.823
314.848
314.055
314.848
314.832
314.821
314.776
314.656
314.597
314.577
314.568
314.557
314.545
314.541
314.57
314.675
314.727
314.74
314.747
314.756
314.766
314.776
314.787
314.804
314.832
314.866
314.874
314.711
313.457
314.889
314.878
314.881
314.915
315.359
315.382
315.38
315.375
315.366
315.354
315.339
315.296
314.846
314.823
314.823
314.827
314.833
314.839
314.844
314.851
314.862
314.882
314.908
314.918
314.781
313.546
314.93
314.92
314.927
314.968
315.343
315.374
315.377
315.373
315.364
315.35
315.333
315.285
314.908
314.882
314.879
314.881
314.885
314.889
314.892
314.897
314.908
314.927
314.948
314.943
314.783
313.529
314.972
314.962
314.969
314.994
315.144
315.16
315.162
315.158
315.147
315.133
315.117
315.086
314.937
314.928
314.926
314.925
314.926
314.927
314.93
314.935
314.947
314.966
314.985
314.979
314.829
313.667
315.017
315.005
315.011
315.024
315.026
315.029
315.031
315.025
315.014
315.001
314.986
314.969
314.969
314.974
314.97
314.967
314.965
314.964
314.965
314.971
314.985
315.003
315.02
315.013
314.888
313.943
315.061
315.049
315.054
315.063
315.02
315.017
315.019
315.015
315.004
314.991
314.978
314.967
315.012
315.021
315.016
315.01
315.006
315.003
315.003
315.01
315.023
315.04
315.053
315.049
314.961
314.329
315.104
315.092
315.098
315.106
315.069
315.066
315.069
315.066
315.057
315.045
315.033
315.022
315.061
315.069
315.062
315.054
315.049
315.045
315.046
315.052
315.063
315.077
315.087
315.084
315.034
314.714
315.148
315.136
315.141
315.151
315.128
315.125
315.129
315.128
315.121
315.111
315.099
315.087
315.111
315.117
315.109
315.1
315.095
315.091
315.092
315.098
315.107
315.116
315.122
315.12
315.099
315.003
315.193
315.182
315.188
315.197
315.18
315.177
315.181
315.182
315.178
315.17
315.159
315.146
315.163
315.167
315.158
315.149
315.143
315.141
315.142
315.147
315.154
315.16
315.162
315.16
315.154
315.169
315.242
315.233
315.239
315.248
315.231
315.226
315.23
315.233
315.231
315.226
315.216
315.203
315.218
315.222
315.212
315.203
315.197
315.196
315.198
315.202
315.207
315.209
315.208
315.205
315.204
315.249
315.301
315.293
315.299
315.306
315.289
315.282
315.285
315.289
315.289
315.285
315.278
315.266
315.28
315.283
315.274
315.265
315.261
315.26
315.263
315.266
315.268
315.267
315.263
315.258
315.257
315.294
315.372
315.365
315.371
315.377
315.359
315.351
315.354
315.357
315.358
315.357
315.351
315.341
315.353
315.356
315.347
315.34
315.337
315.337
315.34
315.341
315.341
315.336
315.33
315.324
315.322
315.345
315.46
315.454
315.46
315.464
315.448
315.44
315.441
315.443
315.445
315.444
315.44
315.432
315.443
315.445
315.437
315.432
315.43
315.431
315.433
315.433
315.429
315.422
315.413
315.406
315.404
315.42
315.569
315.564
315.569
315.572
315.559
315.551
315.551
315.553
315.554
315.553
315.55
315.544
315.552
315.554
315.548
315.545
315.545
315.546
315.547
315.544
315.538
315.528
315.518
315.511
315.508
315.524
315.705
315.699
315.703
315.706
315.697
315.69
315.689
315.689
315.689
315.689
315.686
315.681
315.687
315.688
315.685
315.684
315.685
315.687
315.686
315.68
315.671
315.66
315.65
315.643
315.641
315.657
315.873
315.867
315.871
315.874
315.868
315.863
315.861
315.86
315.859
315.857
315.855
315.85
315.854
315.856
315.856
315.857
315.859
315.859
315.856
315.848
315.837
315.826
315.816
315.81
315.809
315.826
316.093
316.088
316.092
316.094
316.091
316.089
316.087
316.085
316.082
316.08
316.076
316.073
316.075
316.078
316.08
316.082
316.084
316.083
316.077
316.067
316.055
316.044
316.036
316.031
316.031
316.046
)
;
        refGradient     uniform 0;
        valueFraction   nonuniform List<scalar> 
962
(
0.52519
0.52519
0.52519
0.52519
0.52519
0.52519
0.52519
0.52519
0.52519
0.52519
0.52519
0.52519
0.52519
0.52519
0.52519
0.52519
0.52519
0.52519
0.52519
0.52519
0.52519
0.52519
0.52519
0.52519
0.52519
0.52519
0.52519
0.52519
0.52519
0.52519
0.52519
0.52519
0.52519
0.52519
0.52519
0.52519
0.52519
0.52519
0.52519
0.52519
0.52519
0.52519
0.52519
0.52519
0.52519
0.52519
0.52519
0.52519
0.52519
0.52519
0.52519
0.52519
0.52519
0.52519
0.52519
0.52519
0.52519
0.52519
0.52519
0.52519
0.52519
0.52519
0.52519
0.52519
0.52519
0.52519
0.52519
0.52519
0.52519
0.52519
0.52519
0.52519
0.52519
0.52519
0.52519
0.52519
0.52519
0.52519
0.52519
0.52519
0.52519
0.52519
0.52519
0.52519
0.52519
0.52519
0.52519
0.52519
0.52519
0.52519
0.52519
0.52519
0.52519
0.52519
0.52519
0.52519
0.52519
0.52519
0.52519
0.52519
0.52519
0.52519
0.52519
0.52519
0.52519
0.52519
0.52519
0.52519
0.52519
0.52519
0.52519
0.52519
0.52519
0.52519
0.52519
0.52519
0.52519
0.52519
0.52519
0.52519
0.52519
0.52519
0.52519
0.52519
0.52519
0.52519
0.52519
0.52519
0.52519
0.52519
0.52519
0.52519
0.52519
0.52519
0.52519
0.52519
0.52519
0.52519
0.52519
0.52519
0.52519
0.52519
0.52519
0.52519
0.52519
0.52519
0.52519
0.52519
0.52519
0.52519
0.52519
0.52519
0.52519
0.52519
0.52519
0.52519
0.52519
0.52519
0.52519
0.52519
0.52519
0.52519
0.52519
0.52519
0.52519
0.52519
0.52519
0.52519
0.52519
0.52519
0.52519
0.52519
0.52519
0.52519
0.52519
0.52519
0.52519
0.52519
0.52519
0.52519
0.52519
0.52519
0.52519
0.52519
0.52519
0.52519
0.52519
0.52519
0.52519
0.52519
0.52519
0.52519
0.52519
0.52519
0.52519
0.52519
0.52519
0.52519
0.52519
0.52519
0.52519
0.52519
0.52519
0.52519
0.52519
0.52519
0.52519
0.52519
0.52519
0.52519
0.52519
0.52519
0.52519
0.52519
0.52519
0.52519
0.52519
0.52519
0.52519
0.52519
0.52519
0.52519
0.52519
0.52519
0.52519
0.52519
0.52519
0.52519
0.52519
0.52519
0.52519
0.52519
0.52519
0.52519
0.52519
0.52519
0.52519
0.52519
0.52519
0.52519
0.52519
0.52519
0.52519
0.52519
0.52519
0.52519
0.52519
0.52519
0.52519
0.52519
0.52519
0.52519
0.52519
0.52519
0.52519
0.52519
0.52519
0.52519
0.52519
0.52519
0.52519
0.52519
0.52519
0.52519
0.52519
0.52519
0.52519
0.52519
0.52519
0.52519
0.52519
0.52519
0.52519
0.52519
0.52519
0.52519
0.52519
0.52519
0.52519
0.52519
0.52519
0.52519
0.52519
0.52519
0.52519
0.52519
0.52519
0.52519
0.52519
0.52519
0.52519
0.52519
0.52519
0.52519
0.52519
0.52519
0.52519
0.52519
0.52519
0.52519
0.52519
0.52519
0.52519
0.52519
0.52519
0.52519
0.52519
0.52519
0.52519
0.52519
0.52519
0.52519
0.52519
0.52519
0.52519
0.52519
0.52519
0.52519
0.52519
0.52519
0.52519
0.52519
0.52519
0.52519
0.52519
0.52519
0.52519
0.52519
0.52519
0.52519
0.52519
0.52519
0.52519
0.52519
0.52519
0.52519
0.52519
0.52519
0.52519
0.52519
0.52519
0.52519
0.52519
0.52519
0.52519
0.52519
0.52519
0.52519
0.52519
0.52519
0.52519
0.52519
0.52519
0.52519
0.52519
0.52519
0.52519
0.52519
0.52519
0.52519
0.52519
0.52519
0.52519
0.52519
0.52519
0.52519
0.52519
0.52519
0.52519
0.52519
0.52519
0.52519
0.52519
0.52519
0.52519
0.52519
0.52519
0.52519
0.52519
0.52519
0.52519
0.52519
0.52519
0.52519
0.52519
0.52519
0.52519
0.52519
0.52519
0.52519
0.52519
0.52519
0.52519
0.52519
0.52519
0.52519
0.52519
0.52519
0.52519
0.52519
0.52519
0.52519
0.52519
0.52519
0.52519
0.52519
0.52519
0.52519
0.52519
0.52519
0.52519
0.52519
0.52519
0.52519
0.52519
0.52519
0.52519
0.52519
0.52519
0.52519
0.52519
0.52519
0.52519
0.52519
0.52519
0.52519
0.52519
0.52519
0.52519
0.52519
0.52519
0.52519
0.52519
0.52519
0.52519
0.52519
0.52519
0.52519
0.52519
0.52519
0.52519
0.52519
0.52519
0.52519
0.52519
0.52519
0.52519
0.52519
0.52519
0.52519
0.52519
0.52519
0.52519
0.52519
0.52519
0.52519
0.52519
0.52519
0.52519
0.52519
0.52519
0.52519
0.52519
0.52519
0.52519
0.52519
0.52519
0.52519
0.52519
0.52519
0.52519
0.52519
0.52519
0.52519
0.52519
0.52519
0.52519
0.52519
0.52519
0.52519
0.52519
0.52519
0.52519
0.52519
0.52519
0.52519
0.52519
0.52519
0.52519
0.52519
0.52519
0.52519
0.52519
0.52519
0.52519
0.52519
0.52519
0.52519
0.52519
0.52519
0.52519
0.52519
0.52519
0.52519
0.52519
0.52519
0.52519
0.52519
0.52519
0.52519
0.52519
0.52519
0.52519
0.52519
0.52519
0.52519
0.52519
0.52519
0.52519
0.52519
0.52519
0.52519
0.52519
0.52519
0.52519
0.52519
0.52519
0.52519
0.52519
0.52519
0.52519
0.52519
0.52519
0.52519
0.52519
0.52519
0.52519
0.52519
0.52519
0.52519
0.52519
0.52519
0.52519
0.52519
0.52519
0.52519
0.52519
0.52519
0.52519
0.52519
0.52519
0.52519
0.52519
0.52519
0.52519
0.52519
0.52519
0.52519
0.52519
0.52519
0.52519
0.52519
0.52519
0.52519
0.52519
0.52519
0.52519
0.52519
0.52519
0.52519
0.52519
0.52519
0.52519
0.52519
0.52519
0.52519
0.52519
0.52519
0.52519
0.52519
0.52519
0.52519
0.52519
0.52519
0.52519
0.52519
0.52519
0.52519
0.52519
0.52519
0.52519
0.52519
0.52519
0.52519
0.52519
0.52519
0.52519
0.52519
0.52519
0.52519
0.52519
0.52519
0.52519
0.52519
0.52519
0.52519
0.52519
0.52519
0.52519
0.52519
0.52519
0.52519
0.52519
0.52519
0.52519
0.52519
0.52519
0.52519
0.52519
0.52519
0.52519
0.52519
0.52519
0.52519
0.52519
0.52519
0.52519
0.52519
0.52519
0.52519
0.52519
0.52519
0.52519
0.52519
0.52519
0.52519
0.52519
0.52519
0.52519
0.52519
0.52519
0.52519
0.52519
0.52519
0.52519
0.52519
0.52519
0.52519
0.52519
0.52519
0.52519
0.52519
0.52519
0.52519
0.52519
0.52519
0.52519
0.52519
0.52519
0.52519
0.52519
0.52519
0.52519
0.52519
0.52519
0.52519
0.52519
0.52519
0.52519
0.52519
0.52519
0.52519
0.52519
0.52519
0.52519
0.52519
0.52519
0.52519
0.52519
0.52519
0.52519
0.52519
0.52519
0.52519
0.52519
0.52519
0.52519
0.52519
0.52519
0.52519
0.52519
0.52519
0.52519
0.52519
0.52519
0.52519
0.52519
0.52519
0.52519
0.52519
0.52519
0.52519
0.52519
0.52519
0.52519
0.52519
0.52519
0.52519
0.52519
0.52519
0.52519
0.52519
0.52519
0.52519
0.52519
0.52519
0.52519
0.52519
0.52519
0.52519
0.52519
0.52519
0.52519
0.52519
0.52519
0.52519
0.52519
0.52519
0.52519
0.52519
0.52519
0.52519
0.52519
0.52519
0.52519
0.52519
0.52519
0.52519
0.52519
0.52519
0.52519
0.52519
0.52519
0.52519
0.52519
0.52519
0.52519
0.52519
0.52519
0.52519
0.52519
0.52519
0.52519
0.52519
0.52519
0.52519
0.52519
0.52519
0.52519
0.52519
0.52519
0.52519
0.52519
0.52519
0.52519
0.52519
0.52519
0.52519
0.52519
0.52519
0.52519
0.52519
0.52519
0.52519
0.52519
0.52519
0.52519
0.52519
0.52519
0.52519
0.52519
0.52519
0.52519
0.52519
0.52519
0.52519
0.52519
0.52519
0.52519
0.52519
0.52519
0.52519
0.52519
0.52519
0.52519
0.52519
0.52519
0.52519
0.52519
0.52519
0.52519
0.52519
0.52519
0.52519
0.52519
0.52519
0.52519
0.52519
0.52519
0.52519
0.52519
0.52519
0.52519
0.52519
0.52519
0.52519
0.52519
0.52519
0.52519
0.52519
0.52519
0.52519
0.52519
0.52519
0.52519
0.52519
0.52519
0.52519
0.52519
0.52519
0.52519
0.52519
0.52519
0.52519
0.52519
0.52519
0.52519
0.52519
0.52519
0.52519
0.52519
0.52519
0.52519
0.52519
0.52519
0.52519
0.52519
0.52519
0.52519
0.52519
0.52519
0.52519
0.52519
0.52519
0.52519
0.52519
0.52519
0.52519
0.52519
0.52519
0.52519
0.52519
0.52519
0.52519
0.52519
0.52519
0.52519
0.52519
0.52519
0.52519
0.52519
0.52519
0.52519
0.52519
0.52519
0.52519
0.52519
0.52519
0.52519
0.52519
0.52519
0.52519
0.52519
0.52519
0.52519
0.52519
0.52519
0.52519
0.52519
0.52519
0.52519
0.52519
0.52519
0.52519
0.52519
0.52519
0.52519
0.52519
0.52519
0.52519
0.52519
0.52519
0.52519
0.52519
0.52519
0.52519
0.52519
0.52519
0.52519
0.52519
0.52519
0.52519
0.52519
0.52519
0.52519
0.52519
0.52519
0.52519
0.52519
0.52519
0.52519
0.52519
0.52519
0.52519
0.52519
0.52519
0.52519
0.52519
0.52519
0.52519
0.52519
0.52519
0.52519
0.52519
0.52519
0.52519
0.52519
0.52519
0.52519
0.52519
0.52519
0.52519
0.52519
0.52519
0.52519
0.52519
0.52519
0.52519
0.52519
0.52519
0.52519
0.52519
0.52519
0.52519
0.52519
0.52519
0.52519
0.52519
0.52519
0.52519
0.52519
0.52519
)
;
        value           nonuniform List<scalar> 
962
(
316.014
316.321
316.681
316.878
317.206
316.569
305.859
304.895
304.845
305.56
314.972
315.321
314.864
314.507
314.03
313.709
313.56
313.523
313.536
313.558
313.559
313.526
313.47
313.418
313.397
313.424
316.136
316.504
316.937
317.145
317.748
317.409
307.161
306.206
306.071
306.706
316.609
316.78
315.973
315.428
314.687
314.172
313.918
313.83
313.816
313.822
313.812
313.765
313.685
313.599
313.54
313.537
316.188
316.539
317.028
317.353
318.519
318.396
308.014
306.992
306.914
307.735
318.062
318.042
316.516
315.769
314.89
314.336
314.095
314.029
314.03
314.044
314.04
313.996
313.911
313.809
313.724
313.693
316.079
316.338
316.839
317.27
318.568
318.464
309.586
308.658
308.635
309.616
319.969
320.289
317.468
316.269
315.084
314.409
314.152
314.093
314.1
314.123
314.136
314.117
314.058
313.972
313.889
313.849
315.774
315.966
316.392
315.748
301.657
300.018
298.939
298.714
298.708
298.934
300.11
301.691
315.45
315.584
314.674
314.12
313.984
314.021
314.069
314.115
314.152
314.165
314.144
314.092
314.028
313.989
315.449
315.775
316.412
315.704
299.799
297.905
297.578
297.518
297.515
297.567
297.868
299.631
314.906
315.282
314.495
314.007
313.851
313.861
313.921
313.993
314.074
314.122
314.134
314.116
314.079
314.054
315.14
315.67
316.506
315.832
299.597
297.655
297.407
297.375
297.373
297.395
297.603
299.386
314.779
315.139
314.392
313.943
313.819
313.843
313.902
313.969
314.051
314.121
314.154
314.159
314.148
314.142
314.879
315.553
316.552
315.99
299.584
297.626
297.387
297.36
297.358
297.375
297.571
299.353
314.732
315.051
314.33
313.963
313.911
313.983
314.066
314.137
314.208
314.267
314.287
314.287
314.284
314.298
314.548
315.26
316.312
315.876
299.564
297.617
297.38
297.354
297.351
297.367
297.561
299.34
314.737
315.024
314.353
314.071
314.094
314.216
314.329
314.411
314.474
314.509
314.505
314.49
314.487
314.521
314.29
314.855
315.786
315.482
299.504
297.593
297.361
297.333
297.33
297.344
297.535
299.306
314.725
315.017
314.467
314.307
314.364
314.495
314.62
314.711
314.773
314.786
314.774
314.763
314.776
314.839
314.311
314.512
315.083
314.878
299.396
297.543
297.307
297.268
297.259
297.271
297.458
299.214
314.582
314.981
314.643
314.59
314.635
314.727
314.832
314.927
314.98
315
315.021
315.064
315.136
315.245
314.587
314.441
314.414
313.886
299.427
297.665
297.356
297.218
297.175
297.18
297.374
299.104
314.18
314.986
314.783
314.706
314.702
314.763
314.862
314.962
315.036
315.098
315.191
315.339
315.526
315.697
314.94
314.714
314.286
313.071
302.241
300.679
299.751
298.727
298.459
298.485
298.76
300.297
313.266
314.475
314.541
314.527
314.552
314.633
314.755
314.886
315.005
315.127
315.313
315.604
315.96
316.218
315.125
314.96
314.574
313.306
302.552
301.255
300.814
300.567
300.444
300.407
300.557
301.695
312.795
313.974
314.204
314.315
314.42
314.541
314.681
314.827
314.971
315.139
315.412
315.856
316.421
316.814
315.227
315.115
314.8
313.528
302.374
301.179
300.882
300.714
300.599
300.543
300.648
301.722
312.983
314.158
314.375
314.471
314.553
314.643
314.745
314.856
314.981
315.152
315.471
316.036
316.815
317.368
315.305
315.23
314.991
313.766
302.281
301.115
300.884
300.765
300.686
300.657
300.765
301.822
313.171
314.331
314.533
314.624
314.704
314.782
314.857
314.933
315.02
315.16
315.468
316.079
317.015
317.759
315.386
315.325
315.139
314.048
303.34
302.251
302.055
301.966
301.913
301.901
302.004
302.978
313.495
314.56
314.738
314.821
314.895
314.963
315.022
315.073
315.122
315.209
315.442
315.988
316.918
317.542
315.47
315.42
315.284
314.446
306.144
305.275
305.118
305.052
305.014
305.003
305.08
305.842
314.01
314.843
314.978
315.04
315.097
315.151
315.199
315.238
315.268
315.309
315.439
315.817
316.562
316.87
315.545
315.508
315.424
314.91
309.978
309.431
309.328
309.287
309.261
309.248
309.289
309.755
314.619
315.136
315.22
315.257
315.292
315.328
315.361
315.393
315.421
315.445
315.494
315.668
316.081
315.931
315.604
315.582
315.542
315.319
313.412
313.166
313.115
313.095
313.079
313.066
313.078
313.274
315.151
315.38
315.419
315.436
315.454
315.473
315.492
315.513
315.539
315.567
315.594
315.627
315.66
314.931
315.652
315.639
315.629
315.589
315.492
315.438
315.422
315.414
315.405
315.392
315.386
315.412
315.495
315.544
315.556
315.563
315.572
315.582
315.592
315.603
315.62
315.648
315.681
315.688
315.533
314.346
315.694
315.685
315.689
315.722
316.222
316.245
316.245
316.243
316.236
316.224
316.209
316.167
315.662
315.641
315.642
315.645
315.65
315.656
315.662
315.668
315.679
315.698
315.723
315.735
315.616
314.465
315.736
315.728
315.736
315.776
316.188
316.218
316.222
316.221
316.214
316.201
316.184
316.138
315.724
315.701
315.699
315.7
315.703
315.707
315.711
315.716
315.727
315.744
315.764
315.761
315.617
314.447
315.78
315.772
315.779
315.804
315.966
315.981
315.985
315.983
315.974
315.961
315.945
315.916
315.755
315.748
315.746
315.745
315.746
315.748
315.75
315.756
315.768
315.785
315.803
315.799
315.665
314.581
315.825
315.817
315.823
315.837
315.837
315.84
315.843
315.84
315.831
315.818
315.804
315.787
315.79
315.796
315.792
315.789
315.787
315.786
315.788
315.794
315.806
315.824
315.839
315.834
315.722
314.841
315.87
315.862
315.868
315.878
315.831
315.829
315.832
315.829
315.82
315.808
315.796
315.784
315.836
315.845
315.84
315.834
315.83
315.827
315.828
315.834
315.847
315.862
315.874
315.871
315.793
315.205
315.915
315.907
315.914
315.924
315.884
315.882
315.886
315.883
315.876
315.866
315.854
315.843
315.887
315.896
315.888
315.88
315.875
315.871
315.872
315.878
315.888
315.901
315.91
315.907
315.864
315.567
315.959
315.952
315.96
315.972
315.947
315.945
315.949
315.949
315.943
315.934
315.924
315.912
315.94
315.947
315.938
315.928
315.922
315.919
315.92
315.925
315.933
315.942
315.947
315.946
315.927
315.84
316.006
316
316.008
316.021
316.003
316
316.005
316.006
316.003
315.996
315.986
315.974
315.994
315.999
315.99
315.98
315.973
315.97
315.971
315.975
315.981
315.987
315.989
315.987
315.983
315.998
316.059
316.054
316.063
316.074
316.058
316.053
316.057
316.06
316.059
316.054
316.046
316.034
316.051
316.056
316.047
316.036
316.03
316.028
316.029
316.033
316.036
316.038
316.038
316.035
316.035
316.077
316.121
316.118
316.127
316.137
316.119
316.112
316.116
316.12
316.12
316.117
316.111
316.1
316.117
316.122
316.112
316.102
316.097
316.095
316.097
316.099
316.1
316.099
316.096
316.092
316.092
316.126
316.196
316.195
316.204
316.212
316.194
316.186
316.189
316.193
316.195
316.194
316.189
316.179
316.195
316.199
316.191
316.182
316.178
316.177
316.178
316.179
316.177
316.173
316.168
316.162
316.161
316.183
316.29
316.289
316.298
316.305
316.289
316.281
316.283
316.286
316.288
316.288
316.284
316.277
316.29
316.294
316.287
316.28
316.277
316.277
316.277
316.276
316.272
316.265
316.258
316.251
316.249
316.264
316.407
316.406
316.414
316.42
316.408
316.401
316.401
316.404
316.405
316.405
316.403
316.397
316.407
316.41
316.405
316.401
316.399
316.399
316.399
316.395
316.388
316.379
316.37
316.364
316.362
316.375
316.552
316.551
316.558
316.563
316.554
316.549
316.549
316.55
316.551
316.551
316.549
316.544
316.552
316.554
316.551
316.549
316.549
316.549
316.547
316.541
316.532
316.522
316.512
316.506
316.504
316.518
316.732
316.73
316.736
316.741
316.736
316.733
316.733
316.733
316.732
316.731
316.729
316.725
316.73
316.733
316.732
316.733
316.734
316.733
316.729
316.721
316.71
316.699
316.69
316.684
316.683
316.698
316.963
316.962
316.968
316.973
316.972
316.97
316.97
316.969
316.968
316.966
316.963
316.96
316.963
316.965
316.967
316.969
316.97
316.968
316.962
316.952
316.941
316.93
316.922
316.917
316.917
316.93
)
;
        Tnbr            T;
        qrNbr           none;
        qr              none;
        thermalInertia  false;
        thicknessLayers List<scalar> 0();
        kappaLayers     List<scalar> 0();
        kappaMethod     solidThermo;
        kappa           none;
        alphaAni        none;
        alpha           none;
    }
}


// ************************************************************************* //
