/*--------------------------------*- C++ -*----------------------------------*\
| =========                 |                                                 |
| \\      /  F ield         | OpenFOAM: The Open Source CFD Toolbox           |
|  \\    /   O peration     | Version:  v2012                                 |
|   \\  /    A nd           | Website:  www.openfoam.com                      |
|    \\/     M anipulation  |                                                 |
\*---------------------------------------------------------------------------*/
FoamFile
{
    version     2.0;
    format      ascii;
    class       volScalarField;
    location    "350/asphalt";
    object      T;
}
// * * * * * * * * * * * * * * * * * * * * * * * * * * * * * * * * * * * * * //

dimensions      [0 0 0 1 0 0 0];


internalField   nonuniform List<scalar> 
1980
(
321.646
322.065
322.478
322.832
323.137
323.401
323.634
323.839
324.021
324.185
324.332
324.466
324.588
324.7
324.803
324.898
324.987
325.068
325.144
325.213
325.278
325.339
325.396
325.45
325.501
325.551
325.599
325.646
325.692
325.737
325.781
325.82
325.847
325.88
325.914
325.948
325.98
326.011
326.043
326.073
326.103
326.133
326.162
326.19
326.218
326.247
326.274
326.3
326.326
326.35
326.373
326.395
326.418
326.441
326.464
326.487
326.512
326.539
326.577
326.605
326.629
326.653
326.675
326.697
326.717
326.737
326.757
326.777
326.796
326.815
326.834
326.853
326.872
326.89
326.909
326.927
326.945
326.963
326.982
327
327.019
327.039
327.06
327.083
327.107
327.135
327.168
327.219
327.334
327.648
321.647
322.065
322.479
322.832
323.137
323.402
323.634
323.839
324.022
324.185
324.333
324.467
324.589
324.701
324.804
324.899
324.987
325.069
325.144
325.214
325.279
325.339
325.397
325.451
325.503
325.554
325.602
325.65
325.696
325.742
325.786
325.827
325.865
325.901
325.936
325.97
326.003
326.035
326.067
326.098
326.128
326.157
326.186
326.215
326.242
326.27
326.297
326.323
326.349
326.374
326.399
326.422
326.445
326.468
326.491
326.514
326.537
326.561
326.586
326.61
326.633
326.655
326.679
326.7
326.721
326.741
326.761
326.781
326.8
326.82
326.839
326.858
326.877
326.895
326.914
326.933
326.951
326.969
326.987
327.006
327.024
327.044
327.065
327.087
327.111
327.138
327.171
327.223
327.338
327.652
321.647
322.065
322.479
322.833
323.137
323.402
323.634
323.84
324.022
324.186
324.334
324.467
324.59
324.702
324.805
324.9
324.988
325.069
325.144
325.214
325.279
325.341
325.398
325.454
325.506
325.557
325.606
325.654
325.701
325.747
325.79
325.832
325.87
325.906
325.942
325.976
326.01
326.043
326.075
326.106
326.136
326.166
326.195
326.223
326.25
326.277
326.304
326.33
326.357
326.382
326.407
326.432
326.456
326.479
326.502
326.525
326.548
326.57
326.593
326.615
326.638
326.66
326.683
326.704
326.725
326.745
326.766
326.785
326.805
326.825
326.844
326.863
326.882
326.901
326.92
326.939
326.957
326.976
326.994
327.012
327.031
327.051
327.071
327.093
327.116
327.143
327.176
327.228
327.343
327.658
321.647
322.066
322.479
322.833
323.138
323.403
323.635
323.84
324.023
324.187
324.334
324.468
324.59
324.702
324.805
324.9
324.988
325.07
325.145
325.215
325.281
325.342
325.401
325.456
325.51
325.561
325.61
325.659
325.706
325.751
325.794
325.834
325.872
325.909
325.944
325.979
326.013
326.047
326.079
326.11
326.14
326.17
326.199
326.228
326.255
326.282
326.308
326.335
326.361
326.387
326.412
326.437
326.462
326.485
326.509
326.532
326.554
326.577
326.599
326.621
326.643
326.665
326.687
326.709
326.729
326.75
326.77
326.79
326.81
326.829
326.849
326.868
326.887
326.906
326.925
326.944
326.963
326.982
327
327.019
327.038
327.057
327.078
327.099
327.122
327.148
327.181
327.232
327.348
327.663
321.647
322.066
322.479
322.833
323.138
323.403
323.635
323.84
324.023
324.187
324.335
324.469
324.591
324.703
324.806
324.901
324.989
325.07
325.146
325.216
325.282
325.344
325.403
325.459
325.513
325.564
325.614
325.662
325.709
325.754
325.796
325.836
325.874
325.911
325.947
325.981
326.016
326.049
326.081
326.112
326.143
326.173
326.202
326.231
326.258
326.285
326.311
326.338
326.364
326.39
326.416
326.442
326.466
326.49
326.514
326.537
326.56
326.582
326.604
326.626
326.648
326.669
326.691
326.713
326.733
326.754
326.774
326.794
326.814
326.834
326.854
326.873
326.892
326.911
326.93
326.949
326.969
326.988
327.007
327.026
327.045
327.065
327.085
327.106
327.129
327.155
327.187
327.238
327.354
327.669
321.647
322.066
322.479
322.833
323.138
323.403
323.635
323.841
324.023
324.187
324.335
324.469
324.591
324.703
324.806
324.901
324.989
325.07
325.146
325.217
325.283
325.346
325.405
325.462
325.516
325.568
325.618
325.666
325.712
325.756
325.798
325.837
325.876
325.913
325.949
325.984
326.018
326.051
326.084
326.115
326.146
326.176
326.205
326.234
326.261
326.288
326.315
326.341
326.368
326.394
326.42
326.445
326.47
326.494
326.518
326.541
326.564
326.587
326.609
326.631
326.653
326.674
326.696
326.717
326.738
326.759
326.779
326.799
326.819
326.839
326.859
326.879
326.898
326.917
326.936
326.955
326.975
326.994
327.014
327.033
327.053
327.073
327.093
327.114
327.137
327.163
327.195
327.246
327.361
327.676
321.647
322.065
322.479
322.833
323.138
323.403
323.635
323.841
324.023
324.187
324.335
324.469
324.591
324.703
324.806
324.901
324.989
325.071
325.147
325.218
325.285
325.348
325.408
325.464
325.519
325.571
325.621
325.668
325.714
325.758
325.799
325.839
325.877
325.915
325.951
325.986
326.02
326.054
326.086
326.118
326.148
326.179
326.208
326.237
326.264
326.292
326.319
326.345
326.372
326.398
326.424
326.449
326.474
326.499
326.523
326.546
326.569
326.592
326.615
326.637
326.658
326.68
326.701
326.722
326.743
326.764
326.785
326.805
326.825
326.845
326.865
326.885
326.904
326.923
326.943
326.962
326.981
327.001
327.021
327.041
327.061
327.081
327.101
327.123
327.146
327.172
327.204
327.254
327.369
327.683
321.647
322.065
322.479
322.833
323.138
323.403
323.635
323.841
324.023
324.187
324.335
324.469
324.592
324.704
324.807
324.902
324.99
325.072
325.148
325.219
325.287
325.35
325.411
325.468
325.522
325.574
325.624
325.672
325.717
325.761
325.802
325.842
325.881
325.918
325.955
325.99
326.024
326.058
326.09
326.122
326.153
326.183
326.213
326.242
326.27
326.298
326.325
326.352
326.378
326.405
326.431
326.456
326.481
326.505
326.53
326.553
326.577
326.6
326.622
326.645
326.666
326.688
326.709
326.731
326.751
326.772
326.793
326.813
326.834
326.854
326.874
326.893
326.913
326.932
326.951
326.97
326.99
327.009
327.029
327.049
327.069
327.089
327.11
327.131
327.154
327.18
327.211
327.26
327.373
327.685
321.647
322.065
322.479
322.833
323.138
323.403
323.636
323.841
324.024
324.189
324.337
324.471
324.594
324.706
324.809
324.905
324.993
325.075
325.152
325.224
325.292
325.356
325.417
325.474
325.529
325.581
325.631
325.679
325.724
325.768
325.81
325.85
325.889
325.927
325.964
326
326.034
326.068
326.101
326.133
326.164
326.195
326.225
326.254
326.283
326.311
326.339
326.366
326.393
326.419
326.445
326.471
326.496
326.52
326.545
326.569
326.592
326.616
326.639
326.661
326.683
326.705
326.726
326.748
326.769
326.79
326.81
326.831
326.851
326.871
326.891
326.911
326.93
326.95
326.969
326.988
327.007
327.027
327.046
327.066
327.086
327.106
327.126
327.148
327.171
327.196
327.226
327.273
327.381
327.687
321.648
322.067
322.482
322.837
323.143
323.41
323.644
323.85
324.035
324.2
324.349
324.485
324.609
324.722
324.827
324.923
325.013
325.097
325.175
325.248
325.317
325.383
325.444
325.503
325.559
325.612
325.663
325.711
325.758
325.802
325.845
325.887
325.927
325.966
326.004
326.041
326.077
326.111
326.145
326.178
326.211
326.242
326.273
326.304
326.333
326.362
326.391
326.419
326.447
326.474
326.501
326.528
326.553
326.579
326.604
326.629
326.654
326.678
326.701
326.725
326.748
326.77
326.793
326.815
326.836
326.858
326.879
326.9
326.921
326.942
326.963
326.983
327.003
327.023
327.042
327.062
327.082
327.101
327.121
327.141
327.161
327.182
327.202
327.224
327.247
327.273
327.303
327.347
327.448
327.738
321.654
322.081
322.503
322.865
323.177
323.45
323.69
323.903
324.093
324.264
324.419
324.559
324.688
324.807
324.916
325.017
325.112
325.2
325.282
325.36
325.433
325.503
325.569
325.631
325.691
325.747
325.802
325.854
325.904
325.953
325.999
326.044
326.088
326.131
326.172
326.212
326.251
326.289
326.327
326.363
326.399
326.433
326.467
326.501
326.534
326.566
326.598
326.629
326.66
326.69
326.72
326.749
326.777
326.806
326.834
326.861
326.888
326.915
326.941
326.967
326.993
327.018
327.043
327.068
327.092
327.116
327.14
327.163
327.186
327.209
327.232
327.255
327.277
327.299
327.321
327.342
327.364
327.386
327.407
327.429
327.451
327.473
327.495
327.518
327.543
327.569
327.6
327.643
327.732
327.983
322.793
323.256
323.697
324.07
324.391
324.669
324.914
325.13
325.322
325.494
325.65
325.79
325.919
326.037
326.145
326.246
326.339
326.425
326.504
326.578
326.646
326.71
326.77
326.827
326.881
326.933
326.984
327.033
327.082
327.13
327.176
327.219
327.253
327.289
327.326
327.361
327.395
327.428
327.461
327.493
327.525
327.556
327.586
327.616
327.646
327.676
327.704
327.732
327.759
327.784
327.809
327.832
327.856
327.88
327.905
327.929
327.954
327.982
328.016
328.043
328.069
328.093
328.116
328.139
328.161
328.182
328.202
328.223
328.243
328.263
328.283
328.302
328.322
328.341
328.361
328.38
328.399
328.418
328.436
328.456
328.476
328.497
328.52
328.544
328.569
328.597
328.631
328.682
328.797
329.153
322.793
323.256
323.697
324.07
324.391
324.67
324.914
325.13
325.322
325.495
325.65
325.791
325.919
326.037
326.146
326.246
326.339
326.425
326.504
326.578
326.646
326.71
326.771
326.828
326.883
326.936
326.987
327.037
327.086
327.135
327.181
327.225
327.265
327.303
327.34
327.376
327.411
327.445
327.479
327.511
327.543
327.574
327.604
327.634
327.663
327.692
327.72
327.748
327.776
327.802
327.828
327.852
327.877
327.901
327.925
327.949
327.973
327.998
328.023
328.048
328.072
328.095
328.12
328.143
328.164
328.185
328.206
328.227
328.247
328.267
328.287
328.307
328.327
328.346
328.366
328.385
328.404
328.423
328.442
328.461
328.481
328.502
328.524
328.547
328.572
328.6
328.634
328.685
328.801
329.156
322.793
323.256
323.697
324.07
324.391
324.67
324.914
325.13
325.323
325.495
325.651
325.792
325.92
326.038
326.147
326.247
326.34
326.425
326.505
326.578
326.647
326.711
326.772
326.83
326.886
326.94
326.991
327.042
327.091
327.139
327.185
327.229
327.269
327.308
327.345
327.381
327.417
327.451
327.485
327.518
327.55
327.581
327.612
327.642
327.67
327.698
327.726
327.754
327.782
327.809
327.835
327.861
327.886
327.911
327.935
327.959
327.983
328.006
328.03
328.053
328.077
328.1
328.124
328.147
328.168
328.19
328.21
328.231
328.252
328.272
328.292
328.312
328.332
328.352
328.372
328.391
328.41
328.43
328.449
328.468
328.487
328.508
328.529
328.552
328.577
328.604
328.638
328.689
328.805
329.161
322.794
323.256
323.698
324.071
324.392
324.67
324.915
325.131
325.323
325.496
325.651
325.792
325.921
326.039
326.147
326.248
326.34
326.426
326.505
326.579
326.648
326.713
326.775
326.833
326.889
326.943
326.996
327.046
327.096
327.144
327.189
327.231
327.272
327.31
327.348
327.384
327.42
327.455
327.489
327.522
327.554
327.585
327.616
327.646
327.674
327.702
327.73
327.758
327.786
327.813
327.84
327.867
327.892
327.917
327.941
327.966
327.989
328.013
328.036
328.059
328.082
328.105
328.128
328.151
328.173
328.194
328.215
328.236
328.257
328.277
328.297
328.317
328.337
328.357
328.377
328.397
328.416
328.436
328.455
328.475
328.494
328.515
328.535
328.558
328.582
328.609
328.642
328.693
328.809
329.165
322.794
323.256
323.698
324.071
324.392
324.671
324.915
325.131
325.323
325.496
325.651
325.793
325.921
326.039
326.148
326.248
326.34
326.426
326.506
326.58
326.649
326.715
326.777
326.836
326.893
326.947
327
327.05
327.1
327.146
327.191
327.233
327.273
327.312
327.35
327.386
327.422
327.458
327.491
327.524
327.557
327.588
327.619
327.649
327.678
327.706
327.734
327.762
327.789
327.817
327.844
327.871
327.897
327.922
327.946
327.971
327.995
328.018
328.042
328.064
328.087
328.11
328.133
328.155
328.177
328.198
328.219
328.24
328.261
328.282
328.302
328.323
328.342
328.362
328.382
328.402
328.422
328.442
328.462
328.482
328.502
328.522
328.542
328.564
328.588
328.615
328.648
328.698
328.814
329.17
322.793
323.256
323.698
324.071
324.392
324.671
324.915
325.131
325.324
325.496
325.652
325.793
325.921
326.039
326.148
326.248
326.341
326.426
326.506
326.581
326.651
326.717
326.779
326.839
326.896
326.95
327.003
327.054
327.102
327.149
327.193
327.235
327.275
327.314
327.352
327.388
327.425
327.46
327.494
327.527
327.559
327.591
327.622
327.652
327.681
327.709
327.737
327.765
327.793
327.82
327.848
327.874
327.9
327.926
327.951
327.975
328
328.023
328.047
328.07
328.092
328.115
328.137
328.159
328.181
328.203
328.224
328.245
328.266
328.287
328.308
328.328
328.348
328.368
328.388
328.408
328.428
328.448
328.469
328.489
328.509
328.53
328.55
328.572
328.596
328.622
328.655
328.705
328.821
329.177
322.793
323.256
323.697
324.071
324.392
324.67
324.915
325.131
325.323
325.496
325.652
325.793
325.921
326.039
326.148
326.248
326.341
326.427
326.507
326.581
326.652
326.718
326.781
326.841
326.899
326.953
327.006
327.056
327.104
327.15
327.194
327.236
327.276
327.316
327.354
327.391
327.427
327.462
327.496
327.529
327.562
327.593
327.624
327.655
327.684
327.713
327.741
327.769
327.797
327.824
327.852
327.878
327.904
327.93
327.955
327.98
328.004
328.028
328.052
328.075
328.098
328.12
328.143
328.165
328.187
328.208
328.23
328.251
328.272
328.293
328.314
328.334
328.355
328.374
328.394
328.414
328.434
328.455
328.476
328.496
328.517
328.538
328.559
328.581
328.605
328.631
328.663
328.713
328.828
329.183
322.793
323.256
323.697
324.07
324.391
324.67
324.915
325.131
325.323
325.496
325.652
325.793
325.922
326.04
326.148
326.248
326.341
326.427
326.508
326.583
326.654
326.721
326.784
326.844
326.902
326.957
327.009
327.059
327.107
327.153
327.197
327.239
327.279
327.319
327.357
327.394
327.431
327.466
327.5
327.534
327.566
327.598
327.629
327.66
327.689
327.718
327.747
327.775
327.803
327.831
327.858
327.885
327.911
327.937
327.962
327.987
328.011
328.036
328.059
328.083
328.106
328.128
328.15
328.173
328.194
328.216
328.238
328.259
328.28
328.301
328.322
328.343
328.363
328.383
328.402
328.422
328.442
328.463
328.483
328.504
328.525
328.545
328.567
328.589
328.612
328.639
328.67
328.718
328.831
329.183
322.793
323.256
323.697
324.07
324.391
324.67
324.915
325.131
325.324
325.497
325.652
325.794
325.923
326.041
326.15
326.25
326.343
326.43
326.511
326.587
326.658
326.726
326.789
326.85
326.908
326.963
327.015
327.065
327.113
327.159
327.203
327.246
327.287
327.327
327.365
327.403
327.439
327.475
327.51
327.543
327.576
327.608
327.64
327.671
327.701
327.73
327.759
327.788
327.816
327.844
327.871
327.898
327.924
327.95
327.976
328.001
328.026
328.05
328.074
328.097
328.121
328.143
328.166
328.188
328.21
328.232
328.253
328.275
328.296
328.317
328.338
328.358
328.378
328.398
328.418
328.438
328.458
328.478
328.498
328.519
328.539
328.56
328.581
328.603
328.626
328.652
328.682
328.728
328.837
329.182
322.793
323.257
323.699
324.074
324.396
324.676
324.922
325.139
325.333
325.507
325.664
325.807
325.937
326.056
326.166
326.268
326.362
326.45
326.532
326.61
326.682
326.751
326.816
326.878
326.936
326.992
327.045
327.097
327.145
327.192
327.238
327.281
327.324
327.365
327.404
327.443
327.48
327.517
327.553
327.587
327.621
327.654
327.687
327.719
327.75
327.78
327.811
327.84
327.869
327.898
327.926
327.954
327.981
328.007
328.034
328.06
328.085
328.111
328.135
328.16
328.184
328.208
328.231
328.254
328.276
328.299
328.321
328.343
328.365
328.386
328.408
328.429
328.45
328.47
328.49
328.511
328.531
328.551
328.572
328.592
328.613
328.634
328.655
328.678
328.701
328.727
328.757
328.801
328.901
329.23
322.801
323.273
323.723
324.105
324.435
324.722
324.975
325.199
325.4
325.58
325.743
325.892
326.028
326.153
326.268
326.375
326.475
326.568
326.655
326.737
326.815
326.888
326.957
327.023
327.086
327.146
327.204
327.259
327.312
327.363
327.413
327.461
327.507
327.552
327.596
327.638
327.679
327.72
327.759
327.797
327.835
327.872
327.908
327.943
327.978
328.012
328.046
328.079
328.111
328.143
328.175
328.205
328.236
328.266
328.295
328.324
328.353
328.381
328.409
328.436
328.463
328.49
328.516
328.542
328.567
328.592
328.617
328.642
328.666
328.691
328.714
328.738
328.761
328.784
328.807
328.83
328.852
328.875
328.897
328.92
328.943
328.965
328.988
329.012
329.038
329.065
329.096
329.138
329.226
329.509
)
;

boundaryField
{
    inlet
    {
        type            zeroGradient;
    }
    outlet
    {
        type            zeroGradient;
    }
    side
    {
        type            zeroGradient;
    }
    asphalt_to_soil1
    {
        type            compressible::turbulentTemperatureRadCoupledMixed;
        refValue        nonuniform List<scalar> 
990
(
320.486
320.864
321.25
321.584
321.872
322.123
322.343
322.537
322.71
322.864
323.004
323.131
323.246
323.352
323.449
323.539
323.623
323.7
323.771
323.837
323.899
323.956
324.01
324.061
324.109
324.156
324.202
324.246
324.29
324.333
324.374
324.409
324.43
324.46
324.492
324.524
324.554
324.584
324.613
324.642
324.671
324.699
324.726
324.753
324.78
324.806
324.832
324.857
324.881
324.904
324.926
324.947
324.969
324.99
325.012
325.035
325.058
325.086
325.126
325.154
325.178
325.2
325.221
325.242
325.261
325.28
325.299
325.318
325.336
325.354
325.372
325.39
325.408
325.426
325.444
325.461
325.479
325.496
325.513
325.531
325.549
325.568
325.588
325.609
325.633
325.659
325.692
325.743
325.854
326.132
320.486
320.864
321.25
321.584
321.873
322.124
322.343
322.538
322.71
322.865
323.005
323.131
323.247
323.353
323.45
323.54
323.624
323.701
323.772
323.838
323.899
323.957
324.011
324.063
324.112
324.159
324.205
324.25
324.294
324.338
324.379
324.418
324.453
324.486
324.519
324.551
324.583
324.613
324.643
324.672
324.701
324.729
324.756
324.783
324.809
324.835
324.861
324.886
324.91
324.934
324.957
324.979
325.001
325.023
325.045
325.067
325.089
325.112
325.136
325.159
325.181
325.203
325.225
325.246
325.265
325.284
325.303
325.322
325.341
325.359
325.377
325.395
325.413
325.431
325.449
325.467
325.484
325.502
325.519
325.537
325.555
325.573
325.593
325.614
325.637
325.663
325.695
325.747
325.859
326.137
320.486
320.864
321.251
321.585
321.873
322.124
322.344
322.538
322.711
322.866
323.006
323.132
323.248
323.354
323.451
323.541
323.625
323.701
323.773
323.839
323.9
323.958
324.013
324.065
324.115
324.163
324.209
324.255
324.299
324.342
324.384
324.422
324.459
324.493
324.526
324.559
324.591
324.622
324.652
324.681
324.71
324.738
324.766
324.793
324.818
324.844
324.869
324.894
324.919
324.943
324.967
324.99
325.013
325.035
325.057
325.078
325.1
325.122
325.143
325.165
325.186
325.207
325.229
325.25
325.269
325.289
325.308
325.327
325.345
325.364
325.382
325.401
325.419
325.437
325.455
325.473
325.491
325.508
325.526
325.543
325.561
325.58
325.599
325.62
325.642
325.668
325.701
325.752
325.865
326.143
320.486
320.865
321.251
321.585
321.874
322.125
322.344
322.539
322.712
322.866
323.006
323.133
323.249
323.355
323.452
323.542
323.625
323.702
323.773
323.84
323.901
323.96
324.015
324.068
324.118
324.166
324.213
324.259
324.303
324.346
324.387
324.425
324.461
324.496
324.529
324.562
324.594
324.626
324.656
324.686
324.715
324.743
324.77
324.797
324.823
324.848
324.874
324.899
324.923
324.948
324.972
324.996
325.019
325.041
325.064
325.085
325.107
325.128
325.149
325.17
325.191
325.212
325.233
325.253
325.273
325.293
325.312
325.331
325.35
325.369
325.387
325.406
325.424
325.442
325.46
325.478
325.496
325.514
325.532
325.55
325.568
325.587
325.606
325.626
325.649
325.674
325.706
325.758
325.87
326.149
320.487
320.865
321.251
321.585
321.874
322.125
322.345
322.539
322.712
322.867
323.007
323.133
323.249
323.355
323.453
323.542
323.626
323.702
323.774
323.84
323.903
323.961
324.017
324.07
324.121
324.17
324.217
324.263
324.307
324.349
324.389
324.427
324.463
324.498
324.532
324.564
324.597
324.628
324.659
324.688
324.717
324.746
324.773
324.8
324.826
324.852
324.877
324.902
324.927
324.952
324.976
325
325.023
325.046
325.068
325.09
325.112
325.134
325.155
325.175
325.196
325.216
325.237
325.257
325.277
325.297
325.316
325.335
325.354
325.373
325.392
325.41
325.429
325.447
325.465
325.483
325.502
325.52
325.539
325.557
325.575
325.594
325.613
325.634
325.656
325.681
325.713
325.764
325.877
326.156
320.487
320.865
321.251
321.585
321.874
322.125
322.345
322.539
322.712
322.867
323.007
323.134
323.249
323.355
323.453
323.543
323.626
323.703
323.774
323.841
323.904
323.963
324.02
324.073
324.124
324.173
324.22
324.266
324.31
324.351
324.391
324.428
324.465
324.5
324.534
324.567
324.599
324.631
324.661
324.691
324.72
324.748
324.776
324.803
324.829
324.855
324.88
324.905
324.93
324.955
324.98
325.004
325.027
325.05
325.073
325.095
325.117
325.138
325.16
325.18
325.201
325.221
325.242
325.262
325.282
325.301
325.321
325.34
325.359
325.378
325.397
325.416
325.434
325.453
325.471
325.489
325.508
325.526
325.545
325.564
325.583
325.602
325.621
325.642
325.664
325.689
325.721
325.772
325.885
326.163
320.487
320.865
321.251
321.585
321.874
322.125
322.345
322.539
322.712
322.867
323.007
323.134
323.25
323.356
323.453
323.543
323.626
323.703
323.775
323.842
323.906
323.965
324.022
324.076
324.127
324.176
324.223
324.269
324.312
324.353
324.393
324.43
324.467
324.502
324.536
324.569
324.602
324.633
324.664
324.694
324.723
324.751
324.779
324.806
324.833
324.859
324.884
324.91
324.935
324.959
324.984
325.008
325.032
325.055
325.077
325.1
325.122
325.144
325.165
325.186
325.206
325.227
325.247
325.267
325.287
325.307
325.327
325.346
325.365
325.385
325.404
325.422
325.441
325.459
325.478
325.496
325.515
325.534
325.553
325.572
325.591
325.61
325.63
325.651
325.673
325.698
325.73
325.78
325.892
326.171
320.487
320.865
321.251
321.585
321.874
322.125
322.345
322.539
322.713
322.868
323.008
323.135
323.25
323.356
323.454
323.544
323.627
323.705
323.777
323.844
323.908
323.968
324.025
324.079
324.131
324.18
324.227
324.272
324.315
324.356
324.396
324.434
324.47
324.506
324.54
324.573
324.606
324.638
324.669
324.699
324.728
324.757
324.785
324.812
324.839
324.865
324.891
324.916
324.941
324.966
324.991
325.015
325.039
325.062
325.085
325.107
325.13
325.151
325.173
325.194
325.215
325.235
325.256
325.276
325.296
325.315
325.335
325.355
325.374
325.393
325.412
325.431
325.45
325.468
325.486
325.505
325.523
325.542
325.561
325.581
325.6
325.619
325.639
325.66
325.682
325.707
325.738
325.787
325.898
326.173
320.487
320.865
321.251
321.586
321.875
322.126
322.346
322.541
322.714
322.869
323.01
323.137
323.253
323.359
323.457
323.547
323.631
323.709
323.782
323.85
323.914
323.975
324.032
324.086
324.138
324.188
324.235
324.28
324.323
324.365
324.404
324.442
324.48
324.515
324.55
324.584
324.617
324.649
324.68
324.711
324.74
324.769
324.798
324.825
324.852
324.879
324.905
324.931
324.957
324.982
325.006
325.031
325.054
325.078
325.101
325.124
325.146
325.168
325.19
325.212
325.233
325.253
325.274
325.294
325.314
325.334
325.354
325.373
325.393
325.412
325.431
325.45
325.469
325.487
325.506
325.524
325.542
325.561
325.58
325.599
325.618
325.638
325.657
325.678
325.7
325.725
325.755
325.802
325.909
326.178
320.488
320.867
321.255
321.59
321.88
322.133
322.354
322.55
322.725
322.881
323.023
323.151
323.269
323.376
323.475
323.567
323.652
323.731
323.805
323.874
323.94
324.002
324.06
324.116
324.169
324.219
324.267
324.313
324.357
324.4
324.44
324.48
324.518
324.555
324.591
324.626
324.66
324.693
324.725
324.756
324.787
324.817
324.846
324.875
324.903
324.931
324.958
324.985
325.011
325.037
325.063
325.088
325.112
325.137
325.161
325.184
325.207
325.23
325.253
325.275
325.297
325.319
325.34
325.361
325.382
325.402
325.423
325.443
325.463
325.483
325.503
325.522
325.541
325.56
325.579
325.598
325.617
325.636
325.655
325.674
325.694
325.713
325.734
325.755
325.777
325.802
325.832
325.876
325.975
326.232
320.494
320.879
321.273
321.614
321.91
322.168
322.395
322.596
322.776
322.937
323.084
323.217
323.338
323.45
323.553
323.649
323.738
323.821
323.899
323.972
324.042
324.107
324.169
324.228
324.284
324.338
324.389
324.438
324.486
324.531
324.575
324.618
324.659
324.699
324.738
324.776
324.813
324.849
324.884
324.918
324.952
324.984
325.017
325.048
325.079
325.109
325.139
325.169
325.198
325.226
325.254
325.282
325.309
325.336
325.362
325.388
325.414
325.439
325.464
325.488
325.513
325.536
325.56
325.583
325.606
325.629
325.651
325.674
325.696
325.718
325.739
325.761
325.782
325.803
325.823
325.844
325.865
325.886
325.906
325.927
325.948
325.969
325.991
326.013
326.036
326.062
326.093
326.136
326.224
326.448
)
;
        refGradient     uniform 0;
        valueFraction   nonuniform List<scalar> 
990
(
0.495766
0.495766
0.495766
0.495766
0.495766
0.495766
0.495766
0.495766
0.495766
0.495766
0.495766
0.495766
0.495766
0.495766
0.495766
0.495766
0.495766
0.495766
0.495766
0.495766
0.495766
0.495766
0.495766
0.495766
0.495766
0.495766
0.495766
0.495766
0.495766
0.495766
0.495766
0.495766
0.495766
0.495766
0.495766
0.495766
0.495766
0.495766
0.495766
0.495766
0.495766
0.495766
0.495766
0.495766
0.495766
0.495766
0.495766
0.495766
0.495766
0.495766
0.495766
0.495766
0.495766
0.495766
0.495766
0.495766
0.495766
0.495766
0.495766
0.495766
0.495766
0.495766
0.495766
0.495766
0.495766
0.495766
0.495766
0.495766
0.495766
0.495766
0.495766
0.495766
0.495766
0.495766
0.495766
0.495766
0.495766
0.495766
0.495766
0.495766
0.495766
0.495766
0.495766
0.495766
0.495766
0.495766
0.495766
0.495766
0.495766
0.495766
0.495766
0.495766
0.495766
0.495766
0.495766
0.495766
0.495766
0.495766
0.495766
0.495766
0.495766
0.495766
0.495766
0.495766
0.495766
0.495766
0.495766
0.495766
0.495766
0.495766
0.495766
0.495766
0.495766
0.495766
0.495766
0.495766
0.495766
0.495766
0.495766
0.495766
0.495766
0.495766
0.495766
0.495766
0.495766
0.495766
0.495766
0.495766
0.495766
0.495766
0.495766
0.495766
0.495766
0.495766
0.495766
0.495766
0.495766
0.495766
0.495766
0.495766
0.495766
0.495766
0.495766
0.495766
0.495766
0.495766
0.495766
0.495766
0.495766
0.495766
0.495766
0.495766
0.495766
0.495766
0.495766
0.495766
0.495766
0.495766
0.495766
0.495766
0.495766
0.495766
0.495766
0.495766
0.495766
0.495766
0.495766
0.495766
0.495766
0.495766
0.495766
0.495766
0.495766
0.495766
0.495766
0.495766
0.495766
0.495766
0.495766
0.495766
0.495766
0.495766
0.495766
0.495766
0.495766
0.495766
0.495766
0.495766
0.495766
0.495766
0.495766
0.495766
0.495766
0.495766
0.495766
0.495766
0.495766
0.495766
0.495766
0.495766
0.495766
0.495766
0.495766
0.495766
0.495766
0.495766
0.495766
0.495766
0.495766
0.495766
0.495766
0.495766
0.495766
0.495766
0.495766
0.495766
0.495766
0.495766
0.495766
0.495766
0.495766
0.495766
0.495766
0.495766
0.495766
0.495766
0.495766
0.495766
0.495766
0.495766
0.495766
0.495766
0.495766
0.495766
0.495766
0.495766
0.495766
0.495766
0.495766
0.495766
0.495766
0.495766
0.495766
0.495766
0.495766
0.495766
0.495766
0.495766
0.495766
0.495766
0.495766
0.495766
0.495766
0.495766
0.495766
0.495766
0.495766
0.495766
0.495766
0.495766
0.495766
0.495766
0.495766
0.495766
0.495766
0.495766
0.495766
0.495766
0.495766
0.495766
0.495766
0.495766
0.495766
0.495766
0.495766
0.495766
0.495766
0.495766
0.495766
0.495766
0.495766
0.495766
0.495766
0.495766
0.495766
0.495766
0.495766
0.495766
0.495766
0.495766
0.495766
0.495766
0.495766
0.495766
0.495766
0.495766
0.495766
0.495766
0.495766
0.495766
0.495766
0.495766
0.495766
0.495766
0.495766
0.495766
0.495766
0.495766
0.495766
0.495766
0.495766
0.495766
0.495766
0.495766
0.495766
0.495766
0.495766
0.495766
0.495766
0.495766
0.495766
0.495766
0.495766
0.495766
0.495766
0.495766
0.495766
0.495766
0.495766
0.495766
0.495766
0.495766
0.495766
0.495766
0.495766
0.495766
0.495766
0.495766
0.495766
0.495766
0.495766
0.495766
0.495766
0.495766
0.495766
0.495766
0.495766
0.495766
0.495766
0.495766
0.495766
0.495766
0.495766
0.495766
0.495766
0.495766
0.495766
0.495766
0.495766
0.495766
0.495766
0.495766
0.495766
0.495766
0.495766
0.495766
0.495766
0.495766
0.495766
0.495766
0.495766
0.495766
0.495766
0.495766
0.495766
0.495766
0.495766
0.495766
0.495766
0.495766
0.495766
0.495766
0.495766
0.495766
0.495766
0.495766
0.495766
0.495766
0.495766
0.495766
0.495766
0.495766
0.495766
0.495766
0.495766
0.495766
0.495766
0.495766
0.495766
0.495766
0.495766
0.495766
0.495766
0.495766
0.495766
0.495766
0.495766
0.495766
0.495766
0.495766
0.495766
0.495766
0.495766
0.495766
0.495766
0.495766
0.495766
0.495766
0.495766
0.495766
0.495766
0.495766
0.495766
0.495766
0.495766
0.495766
0.495766
0.495766
0.495766
0.495766
0.495766
0.495766
0.495766
0.495766
0.495766
0.495766
0.495766
0.495766
0.495766
0.495766
0.495766
0.495766
0.495766
0.495766
0.495766
0.495766
0.495766
0.495766
0.495766
0.495766
0.495766
0.495766
0.495766
0.495766
0.495766
0.495766
0.495766
0.495766
0.495766
0.495766
0.495766
0.495766
0.495766
0.495766
0.495766
0.495766
0.495766
0.495766
0.495766
0.495766
0.495766
0.495766
0.495766
0.495766
0.495766
0.495766
0.495766
0.495766
0.495766
0.495766
0.495766
0.495766
0.495766
0.495766
0.495766
0.495766
0.495766
0.495766
0.495766
0.495766
0.495766
0.495766
0.495766
0.495766
0.495766
0.495766
0.495766
0.495766
0.495766
0.495766
0.495766
0.495766
0.495766
0.495766
0.495766
0.495766
0.495766
0.495766
0.495766
0.495766
0.495766
0.495766
0.495766
0.495766
0.495766
0.495766
0.495766
0.495766
0.495766
0.495766
0.495766
0.495766
0.495766
0.495766
0.495766
0.495766
0.495766
0.495766
0.495766
0.495766
0.495766
0.495766
0.495766
0.495766
0.495766
0.495766
0.495766
0.495766
0.495766
0.495766
0.495766
0.495766
0.495766
0.495766
0.495766
0.495766
0.495766
0.495766
0.495766
0.495766
0.495766
0.495766
0.495766
0.495766
0.495766
0.495766
0.495766
0.495766
0.495766
0.495766
0.495766
0.495766
0.495766
0.495766
0.495766
0.495766
0.495766
0.495766
0.495766
0.495766
0.495766
0.495766
0.495766
0.495766
0.495766
0.495766
0.495766
0.495766
0.495766
0.495766
0.495766
0.495766
0.495766
0.495766
0.495766
0.495766
0.495766
0.495766
0.495766
0.495766
0.495766
0.495766
0.495766
0.495766
0.495766
0.495766
0.495766
0.495766
0.495766
0.495766
0.495766
0.495766
0.495766
0.495766
0.495766
0.495766
0.495766
0.495766
0.495766
0.495766
0.495766
0.495766
0.495766
0.495766
0.495766
0.495766
0.495766
0.495766
0.495766
0.495766
0.495766
0.495766
0.495766
0.495766
0.495766
0.495766
0.495766
0.495766
0.495766
0.495766
0.495766
0.495766
0.495766
0.495766
0.495766
0.495766
0.495766
0.495766
0.495766
0.495766
0.495766
0.495766
0.495766
0.495766
0.495766
0.495766
0.495766
0.495766
0.495766
0.495766
0.495766
0.495766
0.495766
0.495766
0.495766
0.495766
0.495766
0.495766
0.495766
0.495766
0.495766
0.495766
0.495766
0.495766
0.495766
0.495766
0.495766
0.495766
0.495766
0.495766
0.495766
0.495766
0.495766
0.495766
0.495766
0.495766
0.495766
0.495766
0.495766
0.495766
0.495766
0.495766
0.495766
0.495766
0.495766
0.495766
0.495766
0.495766
0.495766
0.495766
0.495766
0.495766
0.495766
0.495766
0.495766
0.495766
0.495766
0.495766
0.495766
0.495766
0.495766
0.495766
0.495766
0.495766
0.495766
0.495766
0.495766
0.495766
0.495766
0.495766
0.495766
0.495766
0.495766
0.495766
0.495766
0.495766
0.495766
0.495766
0.495766
0.495766
0.495766
0.495766
0.495766
0.495766
0.495766
0.495766
0.495766
0.495766
0.495766
0.495766
0.495766
0.495766
0.495766
0.495766
0.495766
0.495766
0.495766
0.495766
0.495766
0.495766
0.495766
0.495766
0.495766
0.495766
0.495766
0.495766
0.495766
0.495766
0.495766
0.495766
0.495766
0.495766
0.495766
0.495766
0.495766
0.495766
0.495766
0.495766
0.495766
0.495766
0.495766
0.495766
0.495766
0.495766
0.495766
0.495766
0.495766
0.495766
0.495766
0.495766
0.495766
0.495766
0.495766
0.495766
0.495766
0.495766
0.495766
0.495766
0.495766
0.495766
0.495766
0.495766
0.495766
0.495766
0.495766
0.495766
0.495766
0.495766
0.495766
0.495766
0.495766
0.495766
0.495766
0.495766
0.495766
0.495766
0.495766
0.495766
0.495766
0.495766
0.495766
0.495766
0.495766
0.495766
0.495766
0.495766
0.495766
0.495766
0.495766
0.495766
0.495766
0.495766
0.495766
0.495766
0.495766
0.495766
0.495766
0.495766
0.495766
0.495766
0.495766
0.495766
0.495766
0.495766
0.495766
0.495766
0.495766
0.495766
0.495766
0.495766
0.495766
0.495766
0.495766
0.495766
0.495766
0.495766
0.495766
0.495766
0.495766
0.495766
0.495766
0.495766
0.495766
0.495766
0.495766
0.495766
0.495766
0.495766
0.495766
0.495766
0.495766
0.495766
0.495766
0.495766
0.495766
0.495766
0.495766
0.495766
0.495766
0.495766
0.495766
0.495766
0.495766
0.495766
0.495766
0.495766
0.495766
0.495766
0.495766
0.495766
0.495766
0.495766
0.495766
0.495766
0.495766
0.495766
0.495766
0.495766
0.495766
0.495766
0.495766
0.495766
0.495766
0.495766
0.495766
0.495766
0.495766
0.495766
0.495766
0.495766
0.495766
0.495766
0.495766
0.495766
0.495766
0.495766
0.495766
0.495766
0.495766
0.495766
0.495766
0.495766
0.495766
0.495766
0.495766
0.495766
0.495766
0.495766
0.495766
0.495766
0.495766
0.495766
0.495766
0.495766
0.495766
0.495766
0.495766
0.495766
0.495766
0.495766
0.495766
0.495766
0.495766
0.495766
0.495766
0.495766
0.495766
0.495766
0.495766
0.495766
0.495766
0.495766
0.495766
0.495766
0.495766
0.495766
0.495766
0.495766
0.495766
0.495766
0.495766
0.495766
0.495766
0.495766
0.495766
0.495766
0.495766
0.495766
0.495766
0.495766
0.495766
0.495766
0.495766
0.495766
0.495766
0.495766
0.495766
0.495766
0.495766
0.495766
0.495766
0.495766
0.495766
0.495766
0.495766
0.495766
0.495766
0.495766
0.495766
0.495766
0.495766
0.495766
0.495766
0.495766
0.495766
0.495766
0.495766
0.495766
0.495766
0.495766
0.495766
0.495766
0.495766
0.495766
0.495766
0.495766
0.495766
0.495766
0.495766
0.495766
)
;
        value           nonuniform List<scalar> 
990
(
321.071
321.469
321.869
322.213
322.51
322.768
322.994
323.193
323.371
323.53
323.674
323.804
323.923
324.032
324.132
324.225
324.31
324.39
324.463
324.531
324.594
324.653
324.708
324.761
324.811
324.859
324.906
324.952
324.997
325.041
325.083
325.121
325.144
325.176
325.209
325.242
325.273
325.304
325.334
325.364
325.393
325.422
325.45
325.477
325.505
325.533
325.559
325.585
325.61
325.633
325.656
325.677
325.699
325.722
325.744
325.767
325.791
325.819
325.858
325.886
325.91
325.932
325.954
325.976
325.996
326.015
326.035
326.054
326.073
326.091
326.11
326.128
326.146
326.165
326.183
326.201
326.219
326.236
326.254
326.272
326.29
326.31
326.33
326.352
326.376
326.403
326.436
326.487
326.6
326.897
321.071
321.47
321.87
322.214
322.51
322.768
322.994
323.194
323.372
323.531
323.674
323.805
323.924
324.033
324.133
324.226
324.311
324.39
324.464
324.532
324.595
324.654
324.71
324.763
324.814
324.862
324.91
324.956
325.001
325.046
325.089
325.129
325.165
325.2
325.233
325.266
325.299
325.33
325.361
325.391
325.42
325.449
325.477
325.505
325.532
325.559
325.585
325.611
325.636
325.66
325.684
325.707
325.729
325.752
325.774
325.797
325.819
325.843
325.867
325.891
325.913
325.935
325.958
325.979
325.999
326.019
326.039
326.058
326.077
326.096
326.114
326.133
326.151
326.17
326.188
326.206
326.224
326.242
326.26
326.278
326.296
326.315
326.335
326.357
326.38
326.407
326.44
326.491
326.605
326.901
321.071
321.47
321.87
322.214
322.511
322.769
322.995
323.194
323.372
323.532
323.675
323.806
323.924
324.033
324.134
324.226
324.312
324.391
324.464
324.532
324.596
324.655
324.712
324.765
324.816
324.866
324.914
324.96
325.006
325.051
325.093
325.133
325.17
325.206
325.24
325.273
325.306
325.338
325.369
325.4
325.429
325.458
325.486
325.514
325.541
325.567
325.593
325.618
325.644
325.669
325.693
325.717
325.74
325.763
325.785
325.808
325.83
325.852
325.874
325.896
325.918
325.94
325.962
325.983
326.004
326.023
326.043
326.062
326.082
326.101
326.12
326.138
326.157
326.175
326.194
326.212
326.23
326.248
326.266
326.284
326.303
326.322
326.342
326.363
326.386
326.412
326.445
326.496
326.61
326.907
321.072
321.47
321.87
322.214
322.511
322.769
322.995
323.195
323.373
323.532
323.676
323.806
323.925
324.034
324.134
324.227
324.313
324.392
324.465
324.533
324.597
324.657
324.714
324.768
324.82
324.87
324.918
324.965
325.01
325.054
325.096
325.136
325.173
325.208
325.243
325.277
325.31
325.342
325.373
325.404
325.433
325.462
325.491
325.519
325.545
325.571
325.597
325.623
325.648
325.674
325.699
325.723
325.747
325.77
325.792
325.815
325.837
325.859
325.88
325.902
325.923
325.944
325.966
325.987
326.008
326.027
326.047
326.067
326.086
326.105
326.124
326.143
326.162
326.18
326.199
326.217
326.236
326.254
326.273
326.291
326.31
326.329
326.348
326.369
326.392
326.418
326.45
326.502
326.616
326.913
321.072
321.47
321.871
322.215
322.511
322.769
322.995
323.195
323.373
323.532
323.676
323.807
323.926
324.035
324.135
324.227
324.313
324.392
324.465
324.534
324.598
324.659
324.716
324.771
324.823
324.873
324.922
324.969
325.014
325.057
325.098
325.137
325.175
325.21
325.245
325.279
325.312
325.345
325.376
325.407
325.436
325.465
325.494
325.522
325.548
325.574
325.6
325.626
325.652
325.677
325.702
325.727
325.751
325.774
325.797
325.82
325.842
325.864
325.886
325.907
325.928
325.949
325.97
325.991
326.012
326.032
326.051
326.071
326.091
326.11
326.129
326.148
326.167
326.185
326.204
326.223
326.242
326.26
326.279
326.298
326.317
326.336
326.356
326.376
326.399
326.425
326.457
326.508
326.622
326.919
321.072
321.47
321.871
322.215
322.511
322.769
322.996
323.195
323.373
323.533
323.676
323.807
323.926
324.035
324.135
324.228
324.313
324.392
324.466
324.535
324.599
324.66
324.718
324.773
324.826
324.876
324.925
324.972
325.017
325.059
325.1
325.139
325.176
325.212
325.247
325.281
325.315
325.347
325.378
325.409
325.439
325.468
325.497
325.525
325.551
325.578
325.604
325.629
325.655
325.681
325.706
325.731
325.755
325.778
325.802
325.824
325.847
325.869
325.891
325.912
325.933
325.954
325.975
325.996
326.016
326.036
326.056
326.076
326.096
326.115
326.135
326.154
326.172
326.191
326.21
326.229
326.248
326.267
326.286
326.305
326.324
326.344
326.364
326.384
326.407
326.433
326.465
326.515
326.63
326.927
321.072
321.47
321.87
322.215
322.511
322.769
322.996
323.195
323.373
323.533
323.677
323.807
323.926
324.035
324.135
324.228
324.313
324.393
324.467
324.536
324.601
324.662
324.721
324.776
324.829
324.879
324.928
324.974
325.019
325.061
325.102
325.141
325.178
325.214
325.249
325.284
325.317
325.35
325.381
325.412
325.442
325.471
325.5
325.528
325.555
325.581
325.608
325.634
325.659
325.685
325.71
325.735
325.759
325.783
325.806
325.829
325.852
325.874
325.896
325.918
325.939
325.96
325.981
326.001
326.022
326.042
326.062
326.082
326.102
326.121
326.141
326.16
326.179
326.198
326.216
326.235
326.254
326.274
326.293
326.313
326.332
326.352
326.372
326.393
326.416
326.442
326.473
326.524
326.637
326.934
321.072
321.47
321.87
322.214
322.511
322.769
322.996
323.196
323.374
323.533
323.677
323.808
323.927
324.036
324.136
324.229
324.314
324.394
324.468
324.538
324.603
324.665
324.724
324.779
324.832
324.883
324.932
324.978
325.022
325.064
325.105
325.144
325.181
325.218
325.253
325.288
325.321
325.354
325.386
325.416
325.447
325.476
325.505
325.533
325.56
325.587
325.614
325.64
325.666
325.692
325.717
325.741
325.766
325.79
325.813
325.836
325.859
325.882
325.904
325.926
325.947
325.968
325.989
326.009
326.03
326.05
326.07
326.09
326.11
326.13
326.149
326.169
326.188
326.206
326.225
326.244
326.263
326.282
326.302
326.321
326.341
326.361
326.381
326.402
326.425
326.45
326.481
326.531
326.642
326.936
321.072
321.47
321.87
322.215
322.512
322.77
322.996
323.197
323.375
323.535
323.679
323.81
323.929
324.038
324.139
324.232
324.318
324.398
324.473
324.543
324.609
324.671
324.73
324.786
324.84
324.89
324.939
324.985
325.03
325.072
325.113
325.152
325.19
325.227
325.263
325.298
325.332
325.365
325.397
325.428
325.458
325.488
325.517
325.546
325.574
325.601
325.628
325.655
325.681
325.706
325.732
325.757
325.781
325.805
325.829
325.852
325.876
325.898
325.921
325.943
325.964
325.985
326.006
326.027
326.048
326.068
326.088
326.108
326.128
326.148
326.168
326.187
326.206
326.225
326.244
326.262
326.281
326.3
326.32
326.339
326.359
326.378
326.398
326.419
326.442
326.467
326.498
326.545
326.652
326.94
321.072
321.472
321.873
322.219
322.517
322.777
323.004
323.206
323.385
323.546
323.692
323.824
323.944
324.055
324.157
324.251
324.338
324.42
324.496
324.567
324.634
324.698
324.758
324.815
324.87
324.921
324.971
325.018
325.063
325.107
325.149
325.189
325.229
325.267
325.304
325.339
325.374
325.408
325.441
325.473
325.505
325.536
325.566
325.595
325.624
325.653
325.681
325.708
325.735
325.762
325.788
325.814
325.839
325.864
325.889
325.913
325.937
325.96
325.983
326.006
326.029
326.051
326.072
326.094
326.115
326.136
326.157
326.178
326.198
326.219
326.239
326.259
326.278
326.298
326.317
326.336
326.356
326.375
326.395
326.414
326.434
326.454
326.475
326.496
326.519
326.544
326.574
326.619
326.718
326.992
321.079
321.485
321.893
322.245
322.549
322.815
323.048
323.255
323.44
323.606
323.757
323.894
324.019
324.134
324.24
324.339
324.431
324.516
324.597
324.672
324.743
324.811
324.875
324.935
324.993
325.049
325.102
325.152
325.201
325.248
325.293
325.337
325.38
325.421
325.461
325.5
325.538
325.575
325.611
325.647
325.681
325.715
325.748
325.781
325.813
325.844
325.875
325.905
325.935
325.964
325.993
326.022
326.049
326.077
326.104
326.131
326.157
326.183
326.209
326.234
326.259
326.284
326.308
326.332
326.355
326.379
326.402
326.425
326.448
326.47
326.492
326.514
326.536
326.557
326.579
326.6
326.621
326.642
326.663
326.685
326.706
326.728
326.75
326.772
326.796
326.823
326.853
326.896
326.985
327.223
)
;
        Tnbr            T;
        qrNbr           none;
        qr              none;
        thermalInertia  false;
        thicknessLayers List<scalar> 0();
        kappaLayers     List<scalar> 0();
        kappaMethod     solidThermo;
        kappa           none;
        alphaAni        none;
        alpha           none;
    }
    asphalt_to_air
    {
        type            compressible::turbulentTemperatureRadCoupledMixed;
        refValue        nonuniform List<scalar> 
990
(
310.211
310.408
310.585
310.746
310.895
311.033
311.163
311.285
311.4
311.509
311.612
311.711
311.806
311.897
311.985
312.07
312.152
312.231
312.308
312.383
312.456
312.527
312.597
312.665
312.732
312.797
312.861
312.924
312.986
313.047
313.107
313.166
313.224
313.281
313.338
313.394
313.449
313.503
313.556
313.609
313.662
313.713
313.764
313.814
313.864
313.913
313.961
314.009
314.056
314.103
314.149
314.194
314.239
314.283
314.326
314.369
314.412
314.454
314.495
314.536
314.577
314.617
314.657
314.696
314.734
314.772
314.81
314.847
314.884
314.92
314.956
314.991
315.026
315.061
315.095
315.129
315.162
315.196
315.228
315.261
315.293
315.325
315.357
315.388
315.42
315.452
315.484
315.516
315.551
315.592
310.211
310.408
310.585
310.746
310.895
311.033
311.163
311.285
311.4
311.509
311.612
311.711
311.806
311.897
311.985
312.07
312.152
312.231
312.308
312.383
312.456
312.527
312.597
312.665
312.731
312.797
312.861
312.924
312.986
313.047
313.107
313.166
313.224
313.281
313.338
313.394
313.449
313.503
313.556
313.609
313.661
313.713
313.764
313.814
313.864
313.913
313.961
314.009
314.056
314.103
314.148
314.194
314.239
314.283
314.326
314.369
314.412
314.454
314.495
314.536
314.577
314.617
314.656
314.695
314.734
314.772
314.81
314.847
314.884
314.92
314.956
314.991
315.026
315.061
315.095
315.129
315.163
315.196
315.229
315.261
315.294
315.326
315.358
315.389
315.421
315.453
315.485
315.518
315.553
315.594
310.211
310.408
310.585
310.746
310.895
311.033
311.163
311.285
311.4
311.509
311.612
311.711
311.806
311.897
311.985
312.07
312.152
312.231
312.308
312.383
312.456
312.527
312.597
312.665
312.731
312.797
312.861
312.924
312.985
313.046
313.106
313.165
313.224
313.281
313.338
313.393
313.448
313.502
313.556
313.609
313.661
313.713
313.763
313.814
313.863
313.912
313.96
314.008
314.055
314.102
314.148
314.193
314.238
314.282
314.326
314.369
314.411
314.453
314.495
314.536
314.576
314.616
314.656
314.695
314.734
314.772
314.809
314.847
314.883
314.92
314.956
314.991
315.026
315.061
315.096
315.13
315.163
315.197
315.23
315.263
315.295
315.327
315.36
315.392
315.424
315.456
315.488
315.521
315.557
315.598
310.211
310.408
310.585
310.746
310.895
311.033
311.163
311.285
311.4
311.509
311.612
311.711
311.806
311.897
311.985
312.07
312.152
312.231
312.308
312.383
312.456
312.527
312.596
312.665
312.731
312.796
312.861
312.924
312.985
313.046
313.106
313.165
313.224
313.281
313.337
313.393
313.448
313.502
313.556
313.609
313.661
313.712
313.763
313.813
313.863
313.912
313.96
314.008
314.055
314.101
314.147
314.192
314.237
314.281
314.325
314.368
314.411
314.453
314.494
314.535
314.576
314.616
314.655
314.695
314.733
314.771
314.809
314.846
314.883
314.919
314.955
314.991
315.026
315.061
315.096
315.13
315.163
315.197
315.23
315.263
315.296
315.328
315.361
315.393
315.425
315.457
315.49
315.523
315.559
315.601
310.211
310.408
310.585
310.746
310.895
311.033
311.163
311.285
311.4
311.509
311.612
311.711
311.806
311.897
311.985
312.07
312.151
312.231
312.308
312.383
312.456
312.527
312.596
312.664
312.731
312.796
312.86
312.923
312.985
313.046
313.106
313.165
313.223
313.281
313.337
313.393
313.448
313.502
313.555
313.608
313.66
313.712
313.762
313.812
313.862
313.911
313.959
314.007
314.054
314.1
314.146
314.191
314.236
314.28
314.324
314.367
314.41
314.452
314.493
314.534
314.575
314.615
314.655
314.694
314.732
314.77
314.808
314.845
314.882
314.919
314.955
314.99
315.026
315.061
315.095
315.129
315.163
315.197
315.23
315.264
315.296
315.329
315.362
315.394
315.427
315.459
315.492
315.526
315.562
315.604
310.211
310.408
310.585
310.746
310.895
311.033
311.163
311.285
311.4
311.509
311.612
311.711
311.806
311.897
311.985
312.07
312.151
312.231
312.308
312.383
312.456
312.527
312.596
312.664
312.731
312.796
312.86
312.923
312.985
313.046
313.106
313.165
313.223
313.281
313.337
313.393
313.447
313.502
313.555
313.608
313.66
313.711
313.762
313.812
313.862
313.911
313.959
314.006
314.053
314.1
314.146
314.191
314.236
314.28
314.324
314.367
314.41
314.452
314.493
314.534
314.575
314.615
314.655
314.694
314.732
314.771
314.808
314.846
314.883
314.919
314.955
314.991
315.026
315.061
315.096
315.13
315.164
315.198
315.231
315.265
315.298
315.331
315.363
315.396
315.429
315.462
315.495
315.529
315.565
315.608
310.211
310.408
310.585
310.746
310.895
311.033
311.163
311.284
311.4
311.509
311.612
311.711
311.806
311.897
311.985
312.069
312.151
312.231
312.308
312.382
312.455
312.527
312.596
312.664
312.731
312.796
312.86
312.923
312.985
313.046
313.106
313.165
313.223
313.28
313.337
313.392
313.447
313.501
313.555
313.607
313.659
313.711
313.761
313.811
313.861
313.91
313.958
314.006
314.053
314.099
314.145
314.19
314.235
314.279
314.323
314.366
314.409
314.451
314.492
314.533
314.574
314.614
314.654
314.693
314.731
314.77
314.807
314.845
314.882
314.918
314.954
314.99
315.026
315.061
315.095
315.13
315.164
315.198
315.231
315.265
315.298
315.331
315.364
315.397
315.429
315.462
315.496
315.53
315.566
315.609
310.211
310.408
310.585
310.746
310.895
311.033
311.163
311.284
311.399
311.508
311.612
311.711
311.806
311.897
311.985
312.069
312.151
312.23
312.307
312.382
312.455
312.526
312.596
312.664
312.731
312.796
312.86
312.923
312.985
313.046
313.106
313.165
313.223
313.28
313.337
313.392
313.447
313.501
313.555
313.607
313.659
313.711
313.761
313.812
313.861
313.91
313.958
314.006
314.053
314.099
314.145
314.19
314.235
314.279
314.323
314.366
314.408
314.45
314.492
314.533
314.573
314.613
314.653
314.692
314.73
314.768
314.806
314.843
314.88
314.916
314.952
314.988
315.023
315.058
315.092
315.126
315.16
315.193
315.227
315.26
315.292
315.325
315.357
315.389
315.422
315.454
315.487
315.52
315.556
315.598
310.211
310.408
310.585
310.746
310.895
311.033
311.163
311.284
311.399
311.508
311.612
311.711
311.806
311.897
311.985
312.069
312.151
312.23
312.307
312.382
312.455
312.526
312.596
312.664
312.731
312.796
312.86
312.923
312.985
313.046
313.106
313.165
313.223
313.28
313.336
313.392
313.447
313.501
313.554
313.607
313.659
313.71
313.761
313.811
313.86
313.909
313.957
314.004
314.051
314.097
314.143
314.188
314.233
314.277
314.32
314.363
314.405
314.447
314.488
314.529
314.569
314.609
314.648
314.686
314.725
314.762
314.799
314.836
314.872
314.908
314.944
314.979
315.013
315.047
315.081
315.115
315.148
315.18
315.213
315.245
315.276
315.308
315.339
315.371
315.402
315.433
315.465
315.497
315.531
315.571
310.211
310.408
310.585
310.746
310.895
311.033
311.163
311.285
311.4
311.509
311.612
311.712
311.806
311.898
311.985
312.07
312.152
312.231
312.308
312.383
312.457
312.528
312.598
312.666
312.733
312.798
312.863
312.926
312.988
313.049
313.109
313.168
313.226
313.283
313.34
313.396
313.451
313.505
313.558
313.611
313.663
313.715
313.765
313.816
313.865
313.914
313.962
314.01
314.057
314.103
314.149
314.194
314.239
314.283
314.326
314.369
314.411
314.453
314.494
314.535
314.575
314.615
314.654
314.692
314.73
314.768
314.805
314.841
314.877
314.913
314.948
314.982
315.017
315.05
315.084
315.117
315.149
315.182
315.214
315.245
315.276
315.307
315.338
315.369
315.399
315.429
315.46
315.491
315.524
315.564
310.211
310.408
310.585
310.746
310.896
311.035
311.165
311.287
311.403
311.512
311.617
311.716
311.812
311.904
311.992
312.077
312.16
312.24
312.318
312.394
312.468
312.54
312.61
312.68
312.747
312.814
312.879
312.943
313.006
313.067
313.128
313.188
313.247
313.306
313.363
313.42
313.476
313.531
313.585
313.639
313.692
313.744
313.796
313.847
313.897
313.947
313.996
314.045
314.093
314.14
314.186
314.233
314.278
314.323
314.367
314.411
314.454
314.497
314.539
314.58
314.621
314.662
314.702
314.741
314.78
314.818
314.856
314.893
314.93
314.966
315.002
315.038
315.072
315.107
315.141
315.174
315.207
315.24
315.272
315.304
315.336
315.367
315.398
315.429
315.46
315.491
315.522
315.553
315.586
315.625
)
;
        refGradient     nonuniform List<scalar> 
990
(
71.283
69.0537
67.3169
65.7908
64.4752
63.3305
62.3256
61.4365
60.6442
59.9336
59.2924
58.7105
58.1801
57.6948
57.2494
56.8386
56.4576
56.1021
55.7682
55.4533
55.1556
54.8742
54.6088
54.3586
54.123
53.9009
53.6917
53.4957
53.3133
53.1444
52.9868
52.841
52.7159
52.5727
52.425
52.2804
52.1381
52.0011
51.8694
51.7412
51.6159
51.4934
51.3733
51.2546
51.1412
51.0294
50.9188
50.8098
50.7008
50.5906
50.4798
50.3701
50.2637
50.1612
50.062
49.9649
49.8686
49.7692
49.6557
49.5609
49.4754
49.3922
49.3117
49.231
49.1478
49.0652
48.9838
48.9035
48.8237
48.7441
48.6647
48.5861
48.5083
48.4314
48.3548
48.2782
48.2015
48.1256
48.0519
47.9824
47.9181
47.8586
47.8014
47.7435
47.6841
47.6244
47.5668
47.5213
47.6083
48.6599
71.2824
69.0533
67.3167
65.7909
64.4755
63.331
62.3265
61.4379
60.6461
59.9357
59.2943
58.7124
58.1822
57.6972
57.252
56.8412
56.4601
56.1043
55.7702
55.4553
55.1579
54.8774
54.6131
54.3643
54.13
53.9092
53.7015
53.5069
53.3255
53.1558
52.9941
52.8378
52.6856
52.5329
52.3824
52.2365
52.097
51.9612
51.8289
51.7
51.5742
51.4514
51.3312
51.2131
51.096
50.9815
50.8699
50.7607
50.6531
50.546
50.4392
50.333
50.2285
50.1264
50.0269
49.9296
49.834
49.74
49.6438
49.554
49.4684
49.3845
49.3072
49.2261
49.143
49.0604
48.9791
48.8989
48.8195
48.7405
48.6618
48.5835
48.5061
48.4297
48.3539
48.2781
48.2021
48.1263
48.0519
47.9805
47.9134
47.8505
47.7899
47.7293
47.668
47.6072
47.5488
47.5032
47.5901
48.6418
71.2819
69.0531
67.3169
65.7914
64.4764
63.3323
62.3282
61.4397
60.6479
59.9372
59.2958
58.714
58.1841
57.6995
57.2545
56.8438
56.4625
56.1065
55.7724
55.4577
55.1611
54.8818
54.619
54.3718
54.1389
53.9193
53.7129
53.5193
53.3379
53.1663
53.001
52.8392
52.6802
52.5242
52.3728
52.2263
52.0881
51.9529
51.8201
51.6907
51.5645
51.4414
51.321
51.2033
51.0843
50.9682
50.8558
50.7462
50.6392
50.5341
50.4302
50.327
50.2245
50.1234
50.0241
49.9269
49.8316
49.7383
49.6445
49.5547
49.4679
49.3829
49.304
49.2223
49.1392
49.0567
48.9752
48.8951
48.8159
48.7372
48.6588
48.5808
48.5034
48.427
48.3515
48.2763
48.2012
48.1261
48.0516
47.9787
47.9085
47.8412
47.7761
47.7118
47.6478
47.5849
47.5245
47.4773
47.5631
48.6142
71.2813
69.0528
67.3169
65.7918
64.4772
63.3334
62.3294
61.4409
60.6489
59.9382
59.2969
58.7154
58.186
57.7017
57.2569
56.8461
56.4647
56.1086
55.7747
55.4606
55.1651
54.8872
54.6261
54.3804
54.1487
53.9303
53.7247
53.5314
53.349
53.1749
53.006
52.8406
52.6789
52.5218
52.3702
52.2237
52.0855
51.9502
51.817
51.6872
51.5607
51.4373
51.3167
51.199
51.0794
50.9628
50.85
50.7401
50.6331
50.529
50.4268
50.3256
50.2248
50.1247
50.0261
49.9293
49.8343
49.7411
49.6484
49.5579
49.4699
49.3838
49.3021
49.2197
49.1367
49.0543
48.973
48.893
48.8139
48.7356
48.6575
48.5797
48.5024
48.4259
48.3504
48.2757
48.2017
48.1278
48.0542
47.981
47.9088
47.838
47.7687
47.7005
47.6335
47.5682
47.5055
47.456
47.54
48.5892
71.2805
69.0521
67.3164
65.7916
64.4773
63.3337
62.3297
61.4411
60.6491
59.9385
59.2976
58.7166
58.1875
57.7036
57.2588
56.848
56.4665
56.1105
55.7769
55.4638
55.1697
54.8935
54.634
54.3895
54.1589
53.9412
53.736
53.5423
53.3582
53.1812
53.0093
52.8417
52.6788
52.5215
52.37
52.2235
52.0846
51.9488
51.8154
51.6852
51.5585
51.4349
51.314
51.1961
51.0768
50.9604
50.8475
50.7375
50.6305
50.5265
50.4249
50.3247
50.2249
50.1259
50.028
49.9318
49.8373
49.7443
49.6522
49.5614
49.4725
49.3854
49.3016
49.2184
49.1354
49.0531
48.9719
48.8918
48.8129
48.7348
48.657
48.5793
48.5019
48.4251
48.3493
48.2747
48.2012
48.1284
48.0559
47.9833
47.9105
47.8377
47.7654
47.6942
47.6247
47.5571
47.4918
47.4395
47.5212
48.5678
71.2793
69.0509
67.3153
65.7906
64.4765
63.3329
62.3289
61.4404
60.6486
59.9383
59.2978
58.7171
58.1883
57.7044
57.2597
56.8488
56.4674
56.1116
55.7787
55.4667
55.1741
54.8995
54.6412
54.3977
54.1678
53.9505
53.7451
53.5503
53.3642
53.1847
53.0106
52.8417
52.6784
52.5213
52.37
52.2234
52.0835
51.9471
51.8133
51.683
51.5561
51.4322
51.3111
51.1928
51.0742
50.9582
50.8456
50.7357
50.6286
50.5244
50.4227
50.3225
50.2232
50.1249
50.0278
49.9322
49.8381
49.7454
49.6537
49.5629
49.4737
49.3861
49.3009
49.2169
49.1337
49.0514
48.9703
48.8904
48.8117
48.7338
48.6563
48.5789
48.5016
48.4247
48.3486
48.2737
48.2003
48.1281
48.0565
47.9848
47.9124
47.8394
47.7663
47.6939
47.6231
47.554
47.4864
47.431
47.5102
48.5539
71.2779
69.0494
67.3139
65.7892
64.4751
63.3317
62.3278
61.4395
60.6479
59.9381
59.2978
58.7174
58.1888
57.705
57.2603
56.8495
56.4683
56.113
55.781
55.4703
55.1792
54.9059
54.6486
54.4058
54.1763
53.9591
53.7532
53.557
53.369
53.1877
53.0123
52.843
52.68
52.5231
52.3719
52.2254
52.0845
51.9474
51.8135
51.6831
51.5561
51.4321
51.3108
51.1922
51.0744
50.9591
50.8469
50.7374
50.6304
50.526
50.4237
50.3232
50.2241
50.1262
50.0297
49.9347
49.8411
49.7487
49.6575
49.5672
49.4781
49.3903
49.3044
49.2198
49.1364
49.0542
48.9732
48.8934
48.8148
48.7372
48.6601
48.5832
48.5063
48.4296
48.3535
48.2785
48.205
48.1329
48.0616
47.9904
47.9187
47.8464
47.7738
47.7018
47.6312
47.5617
47.4928
47.4347
47.5116
48.5525
71.2764
69.0476
67.3119
65.7872
64.4732
63.3297
62.326
61.4378
60.6465
59.9368
59.2967
58.7165
58.188
57.7043
57.2597
56.8491
56.4682
56.1136
55.7826
55.4732
55.1832
54.9109
54.6543
54.4119
54.1826
53.9652
53.7585
53.5611
53.3717
53.1892
53.0134
52.8443
52.6816
52.525
52.3739
52.2274
52.0859
51.9484
51.8145
51.6841
51.5571
51.4331
51.3118
51.1931
51.0761
50.9617
50.8501
50.741
50.6343
50.5298
50.4273
50.3265
50.2273
50.1298
50.0339
49.9395
49.8466
49.7549
49.6645
49.5751
49.4867
49.3996
49.3137
49.2293
49.1463
49.0645
48.984
48.9049
48.8269
48.7499
48.6737
48.5979
48.5223
48.447
48.3723
48.2987
48.2266
48.1557
48.0858
48.016
47.9459
47.8753
47.8047
47.7347
47.6659
47.5979
47.5295
47.4699
47.5436
48.58
71.2742
69.0446
67.3085
65.7834
64.4692
63.3256
62.3219
61.4338
60.6425
59.933
59.2931
58.7131
58.1848
57.7014
57.2571
56.8468
56.4665
56.1128
55.783
55.4748
55.1859
54.9144
54.6584
54.4164
54.1871
53.9696
53.7624
53.5643
53.3742
53.1915
53.0161
52.8475
52.6854
52.5293
52.3784
52.2323
52.0906
51.9531
51.8195
51.6895
51.5628
51.4392
51.3183
51.1999
51.0841
50.9708
50.8601
50.7519
50.6459
50.5419
50.4396
50.3392
50.2406
50.1438
50.0488
49.9554
49.8635
49.773
49.6839
49.5959
49.5091
49.4235
49.339
49.2558
49.1742
49.0939
49.015
48.9373
48.8608
48.7854
48.7108
48.6368
48.5631
48.4898
48.4173
48.346
48.276
48.2075
48.1399
48.0728
48.0057
47.9385
47.8717
47.8057
47.7409
47.6765
47.6107
47.5502
47.6167
48.6417
71.2728
69.0453
67.3106
65.7871
64.4745
63.3326
62.3306
61.4443
60.6548
59.9471
59.3092
58.731
58.2045
57.7229
57.2804
56.8722
56.494
56.1427
55.8153
55.5093
55.2226
54.9531
54.6988
54.4583
54.2305
54.014
53.8077
53.6105
53.4215
53.2403
53.0666
52.8998
52.7395
52.5849
52.4354
52.2908
52.1503
52.0141
51.882
51.7534
51.6282
51.506
51.3866
51.2697
51.1558
51.0445
50.9356
50.8291
50.7248
50.6223
50.5216
50.4226
50.3256
50.2304
50.1371
50.0456
49.9556
49.8671
49.7801
49.6944
49.6099
49.5267
49.4444
49.3636
49.2843
49.2064
49.1298
49.0546
48.9806
48.9076
48.8354
48.7639
48.693
48.6226
48.5531
48.4846
48.4175
48.3517
48.2868
48.2224
48.1583
48.0946
48.0315
47.9695
47.9089
47.849
47.7875
47.7266
47.7768
48.76
71.316
69.1377
67.4434
65.9563
64.6769
63.5656
62.5919
61.732
60.9673
60.283
59.6672
59.1101
58.6037
58.1413
57.7174
57.3271
56.9665
56.6323
56.3214
56.0314
55.7599
55.5049
55.2648
55.038
54.8234
54.6197
54.426
54.2413
54.065
53.8965
53.7353
53.5807
53.4321
53.2889
53.1508
53.0173
52.8877
52.7623
52.6409
52.5228
52.408
52.296
52.1868
52.0802
51.9764
51.8752
51.7761
51.6792
51.5843
51.4911
51.3996
51.3099
51.2219
51.1357
51.0513
50.9684
50.8871
50.8072
50.7288
50.6518
50.576
50.5015
50.4279
50.3555
50.2845
50.2148
50.1462
50.0789
50.0127
49.9474
49.8829
49.8192
49.7562
49.6939
49.6325
49.572
49.5124
49.4536
49.3953
49.3374
49.2797
49.2224
49.1656
49.1093
49.0537
48.9979
48.9401
48.8793
48.8961
49.6721
)
;
        valueFraction   nonuniform List<scalar> 
990
(
0.185376
0.175275
0.167264
0.160734
0.155303
0.150719
0.146804
0.143426
0.140487
0.137909
0.135634
0.133613
0.131809
0.130191
0.128733
0.127413
0.126215
0.125124
0.124128
0.123214
0.122376
0.121603
0.120891
0.120231
0.11962
0.119052
0.118523
0.118031
0.11757
0.117139
0.116734
0.116355
0.116
0.115664
0.115346
0.115045
0.114758
0.114484
0.114222
0.113969
0.113726
0.11349
0.113261
0.113039
0.112821
0.112608
0.112399
0.112195
0.111994
0.111797
0.111604
0.111415
0.11123
0.111048
0.11087
0.110696
0.110526
0.11036
0.110196
0.110037
0.109882
0.10973
0.109582
0.109435
0.109291
0.109148
0.109006
0.108865
0.108724
0.108584
0.108445
0.108305
0.108165
0.108025
0.107885
0.107745
0.107605
0.107464
0.107322
0.107179
0.107033
0.106884
0.106732
0.106573
0.106406
0.106226
0.106029
0.105794
0.105515
0.104926
0.185376
0.175275
0.167264
0.160734
0.155303
0.150719
0.146805
0.143427
0.140488
0.137911
0.135637
0.133617
0.131813
0.130195
0.128737
0.127418
0.126221
0.12513
0.124133
0.12322
0.122382
0.121609
0.120895
0.120235
0.119623
0.119053
0.118523
0.118028
0.117566
0.117132
0.116725
0.116343
0.115983
0.115644
0.115323
0.115018
0.114728
0.11445
0.114185
0.113929
0.113683
0.113445
0.113215
0.11299
0.112772
0.112558
0.11235
0.112145
0.111945
0.111748
0.111556
0.111368
0.111183
0.111002
0.110825
0.110652
0.110483
0.110317
0.110155
0.109996
0.109841
0.109688
0.109538
0.109391
0.109246
0.109102
0.10896
0.108818
0.108677
0.108537
0.108398
0.108258
0.108119
0.10798
0.107841
0.107702
0.107563
0.107423
0.107282
0.107139
0.106995
0.106847
0.106695
0.106537
0.106371
0.106192
0.105995
0.105761
0.105482
0.104892
0.185375
0.175275
0.167264
0.160734
0.155303
0.15072
0.146805
0.143428
0.14049
0.137913
0.135639
0.133619
0.131816
0.130199
0.128741
0.127422
0.126225
0.125135
0.124139
0.123225
0.122386
0.121613
0.120899
0.120238
0.119625
0.119054
0.118523
0.118026
0.117561
0.117126
0.116717
0.116332
0.11597
0.115628
0.115304
0.114996
0.114703
0.114422
0.114154
0.113896
0.113648
0.113408
0.113175
0.112949
0.11273
0.112516
0.112306
0.112102
0.111901
0.111705
0.111513
0.111325
0.111141
0.110961
0.110784
0.110611
0.110442
0.110277
0.110115
0.109956
0.1098
0.109647
0.109496
0.109348
0.109201
0.109057
0.108914
0.108772
0.108631
0.10849
0.108351
0.108211
0.108073
0.107934
0.107795
0.107656
0.107517
0.107377
0.107237
0.107095
0.106951
0.106803
0.106651
0.106494
0.106328
0.106149
0.105952
0.105717
0.105438
0.104847
0.185375
0.175275
0.167264
0.160734
0.155303
0.15072
0.146806
0.143429
0.140491
0.137915
0.135641
0.133621
0.131819
0.130201
0.128744
0.127426
0.126229
0.125139
0.124142
0.123229
0.12239
0.121616
0.120902
0.12024
0.119625
0.119054
0.118521
0.118022
0.117556
0.117119
0.116708
0.116322
0.115957
0.115613
0.115286
0.114976
0.114679
0.114397
0.114126
0.113866
0.113615
0.113373
0.113139
0.112912
0.112691
0.112476
0.112267
0.112062
0.111861
0.111665
0.111473
0.111285
0.111101
0.110921
0.110745
0.110573
0.110404
0.110238
0.110076
0.109917
0.109761
0.109607
0.109456
0.109307
0.10916
0.109015
0.108872
0.10873
0.108588
0.108448
0.108308
0.108169
0.108031
0.107893
0.107754
0.107616
0.107477
0.107338
0.107198
0.107057
0.106913
0.106766
0.106615
0.106458
0.106292
0.106113
0.105917
0.105682
0.105402
0.10481
0.185375
0.175275
0.167265
0.160734
0.155304
0.150721
0.146807
0.14343
0.140493
0.137917
0.135643
0.133624
0.131822
0.130205
0.128748
0.12743
0.126233
0.125143
0.124147
0.123233
0.122394
0.12162
0.120905
0.120242
0.119627
0.119054
0.11852
0.11802
0.117553
0.117114
0.116702
0.116314
0.115947
0.1156
0.115271
0.114959
0.11466
0.114375
0.114102
0.11384
0.113587
0.113344
0.113108
0.11288
0.112658
0.112442
0.112232
0.112026
0.111826
0.111629
0.111437
0.111249
0.111065
0.110886
0.110709
0.110537
0.110368
0.110202
0.110039
0.10988
0.109723
0.109569
0.109418
0.109268
0.109121
0.108976
0.108832
0.108689
0.108548
0.108407
0.108267
0.108128
0.10799
0.107852
0.107714
0.107576
0.107437
0.107298
0.107158
0.107017
0.106873
0.106726
0.106575
0.106418
0.106253
0.106074
0.105877
0.105642
0.105362
0.104769
0.185375
0.175275
0.167265
0.160735
0.155304
0.150721
0.146807
0.143431
0.140494
0.137918
0.135644
0.133626
0.131824
0.130207
0.12875
0.127433
0.126236
0.125146
0.12415
0.123236
0.122396
0.121622
0.120906
0.120242
0.119626
0.119053
0.118518
0.118017
0.117548
0.117109
0.116695
0.116305
0.115937
0.115588
0.115257
0.114942
0.114642
0.114355
0.11408
0.113816
0.113561
0.113316
0.113079
0.112849
0.112626
0.11241
0.112199
0.111993
0.111792
0.111595
0.111403
0.111215
0.111031
0.110851
0.110674
0.110502
0.110332
0.110166
0.110003
0.109844
0.109687
0.109532
0.10938
0.109231
0.109083
0.108937
0.108793
0.10865
0.108508
0.108367
0.108228
0.108089
0.107951
0.107813
0.107675
0.107537
0.107399
0.10726
0.10712
0.106979
0.106836
0.106689
0.106539
0.106382
0.106217
0.106038
0.105841
0.105606
0.105326
0.104732
0.185376
0.175275
0.167265
0.160735
0.155305
0.150722
0.146809
0.143433
0.140496
0.13792
0.135647
0.133629
0.131827
0.130211
0.128754
0.127437
0.126241
0.125151
0.124154
0.123241
0.1224
0.121626
0.120909
0.120245
0.119629
0.119054
0.118518
0.118017
0.117547
0.117106
0.116691
0.1163
0.11593
0.115579
0.115247
0.11493
0.114628
0.114339
0.114062
0.113796
0.113541
0.113294
0.113055
0.112824
0.1126
0.112383
0.112171
0.111964
0.111762
0.111565
0.111373
0.111184
0.111
0.110819
0.110643
0.11047
0.1103
0.110134
0.109971
0.10981
0.109653
0.109498
0.109346
0.109195
0.109047
0.108901
0.108756
0.108613
0.108471
0.10833
0.10819
0.108051
0.107913
0.107776
0.107638
0.107501
0.107363
0.107225
0.107085
0.106945
0.106802
0.106656
0.106506
0.10635
0.106186
0.106008
0.105813
0.105579
0.1053
0.104709
0.185376
0.175275
0.167265
0.160735
0.155305
0.150722
0.146809
0.143433
0.140496
0.137921
0.135648
0.13363
0.131828
0.130212
0.128756
0.127439
0.126242
0.125152
0.124156
0.123242
0.122402
0.121626
0.12091
0.120245
0.119628
0.119053
0.118516
0.118014
0.117544
0.117102
0.116685
0.116293
0.115921
0.115569
0.115235
0.114917
0.114613
0.114323
0.114045
0.113778
0.113521
0.113273
0.113033
0.112801
0.112576
0.112357
0.112145
0.111938
0.111735
0.111538
0.111345
0.111157
0.110973
0.110792
0.110616
0.110443
0.110273
0.110107
0.109944
0.109784
0.109626
0.109472
0.109319
0.10917
0.109022
0.108876
0.108732
0.10859
0.108449
0.108309
0.10817
0.108033
0.107897
0.107761
0.107625
0.10749
0.107355
0.107219
0.107083
0.106945
0.106806
0.106664
0.106517
0.106366
0.106205
0.106033
0.105843
0.105615
0.105343
0.104759
0.185376
0.175275
0.167266
0.160736
0.155306
0.150724
0.146811
0.143436
0.140499
0.137924
0.135652
0.133634
0.131832
0.130217
0.128761
0.127443
0.126247
0.125158
0.124161
0.123247
0.122407
0.121631
0.120914
0.12025
0.119632
0.119056
0.118519
0.118016
0.117545
0.117102
0.116685
0.116291
0.115918
0.115565
0.11523
0.11491
0.114605
0.114314
0.114034
0.113766
0.113507
0.113258
0.113018
0.112785
0.112559
0.11234
0.112127
0.111919
0.111717
0.11152
0.111327
0.111139
0.110955
0.110775
0.110599
0.110427
0.110258
0.110093
0.10993
0.109771
0.109615
0.109462
0.109311
0.109163
0.109016
0.108873
0.108731
0.10859
0.108452
0.108315
0.108179
0.108045
0.107912
0.10778
0.107648
0.107518
0.107387
0.107256
0.107125
0.106993
0.106859
0.106724
0.106584
0.10644
0.106287
0.106123
0.105943
0.105726
0.105467
0.104901
0.185376
0.175275
0.167265
0.160735
0.155305
0.150722
0.146809
0.143434
0.140497
0.137922
0.135649
0.133631
0.131829
0.130213
0.128757
0.12744
0.126244
0.125153
0.124157
0.123242
0.122401
0.121626
0.120908
0.120243
0.119625
0.119049
0.118511
0.118008
0.117536
0.117092
0.116674
0.116279
0.115905
0.115551
0.115214
0.114894
0.114588
0.114295
0.114015
0.113745
0.113486
0.113236
0.112995
0.112761
0.112535
0.112315
0.112102
0.111894
0.111691
0.111494
0.111301
0.111113
0.11093
0.11075
0.110575
0.110403
0.110234
0.11007
0.109908
0.10975
0.109595
0.109442
0.109293
0.109146
0.109002
0.108859
0.108719
0.108581
0.108445
0.108311
0.108178
0.108047
0.107917
0.107788
0.10766
0.107533
0.107407
0.107281
0.107155
0.107028
0.1069
0.10677
0.106636
0.106498
0.106353
0.106197
0.106025
0.105818
0.10557
0.105022
0.185374
0.175272
0.16726
0.160728
0.155296
0.150712
0.146797
0.14342
0.140481
0.137905
0.135631
0.133611
0.131808
0.130191
0.128733
0.127414
0.126216
0.125125
0.124126
0.123211
0.122368
0.121591
0.120871
0.120204
0.119584
0.119006
0.118466
0.117961
0.117486
0.11704
0.116619
0.116222
0.115846
0.115489
0.115149
0.114826
0.114517
0.114221
0.113938
0.113666
0.113404
0.113151
0.112907
0.112671
0.112442
0.11222
0.112004
0.111794
0.11159
0.11139
0.111196
0.111007
0.110822
0.110641
0.110464
0.110291
0.110122
0.109956
0.109794
0.109635
0.109479
0.109326
0.109176
0.109028
0.108883
0.108741
0.108601
0.108463
0.108327
0.108193
0.10806
0.10793
0.107801
0.107673
0.107546
0.10742
0.107295
0.107171
0.107046
0.106921
0.106795
0.106667
0.106536
0.106401
0.106259
0.106106
0.105938
0.105737
0.105498
0.104969
)
;
        value           nonuniform List<scalar> 
990
(
323.364
323.851
324.307
324.689
325.018
325.303
325.554
325.775
325.972
326.149
326.308
326.453
326.585
326.705
326.817
326.92
327.015
327.103
327.185
327.26
327.33
327.395
327.457
327.515
327.571
327.625
327.677
327.727
327.777
327.826
327.874
327.919
327.956
327.994
328.031
328.068
328.102
328.136
328.17
328.203
328.236
328.268
328.299
328.329
328.36
328.39
328.42
328.448
328.476
328.502
328.527
328.551
328.575
328.6
328.625
328.65
328.675
328.703
328.736
328.763
328.788
328.813
328.837
328.86
328.882
328.904
328.925
328.946
328.967
328.987
329.007
329.027
329.047
329.067
329.087
329.106
329.125
329.145
329.164
329.183
329.204
329.226
329.249
329.274
329.3
329.328
329.362
329.413
329.528
329.906
323.364
323.852
324.307
324.689
325.018
325.304
325.554
325.775
325.973
326.149
326.309
326.453
326.585
326.706
326.817
326.92
327.015
327.103
327.184
327.26
327.33
327.396
327.458
327.517
327.573
327.627
327.68
327.731
327.782
327.831
327.879
327.924
327.965
328.005
328.043
328.079
328.115
328.15
328.184
328.218
328.25
328.282
328.314
328.344
328.374
328.403
328.432
328.461
328.489
328.516
328.542
328.568
328.593
328.617
328.642
328.667
328.691
328.717
328.742
328.767
328.791
328.815
328.84
328.864
328.886
328.907
328.929
328.95
328.971
328.991
329.011
329.032
329.052
329.072
329.092
329.111
329.131
329.15
329.169
329.189
329.209
329.23
329.253
329.277
329.303
329.331
329.365
329.415
329.531
329.91
323.364
323.852
324.307
324.689
325.018
325.304
325.554
325.776
325.973
326.15
326.309
326.454
326.586
326.706
326.818
326.921
327.016
327.104
327.185
327.26
327.331
327.397
327.459
327.519
327.576
327.631
327.684
327.736
327.786
327.836
327.883
327.927
327.969
328.009
328.047
328.083
328.12
328.156
328.19
328.224
328.257
328.289
328.32
328.351
328.38
328.409
328.438
328.466
328.495
328.522
328.549
328.576
328.601
328.626
328.651
328.676
328.7
328.725
328.748
328.772
328.796
328.82
328.844
328.868
328.89
328.912
328.933
328.954
328.975
328.996
329.017
329.037
329.057
329.077
329.097
329.117
329.137
329.156
329.176
329.195
329.216
329.237
329.259
329.282
329.307
329.335
329.369
329.419
329.535
329.915
323.364
323.852
324.307
324.69
325.019
325.304
325.555
325.776
325.974
326.15
326.31
326.454
326.586
326.707
326.818
326.921
327.016
327.104
327.185
327.261
327.332
327.398
327.462
327.522
327.579
327.635
327.688
327.74
327.791
327.84
327.886
327.93
327.971
328.011
328.049
328.086
328.124
328.159
328.194
328.228
328.261
328.293
328.324
328.355
328.384
328.413
328.442
328.47
328.498
328.527
328.554
328.581
328.607
328.633
328.658
328.682
328.707
328.731
328.755
328.778
328.802
328.825
328.849
328.872
328.894
328.916
328.938
328.959
328.98
329.001
329.022
329.042
329.062
329.083
329.103
329.123
329.143
329.163
329.183
329.202
329.223
329.243
329.264
329.287
329.312
329.339
329.372
329.423
329.538
329.918
323.364
323.852
324.307
324.69
325.019
325.305
325.555
325.777
325.974
326.151
326.31
326.455
326.587
326.707
326.819
326.921
327.016
327.104
327.186
327.262
327.333
327.4
327.464
327.525
327.583
327.639
327.692
327.744
327.795
327.843
327.889
327.932
327.973
328.013
328.051
328.089
328.126
328.162
328.197
328.23
328.263
328.296
328.327
328.358
328.387
328.416
328.445
328.473
328.502
328.53
328.558
328.585
328.612
328.638
328.663
328.688
328.712
328.736
328.76
328.784
328.807
328.83
328.853
328.876
328.898
328.92
328.942
328.963
328.985
329.006
329.027
329.047
329.068
329.088
329.108
329.128
329.149
329.169
329.189
329.21
329.23
329.25
329.271
329.293
329.318
329.345
329.377
329.427
329.543
329.923
323.364
323.852
324.307
324.69
325.019
325.305
325.555
325.777
325.974
326.151
326.31
326.455
326.587
326.708
326.819
326.922
327.016
327.104
327.186
327.263
327.334
327.402
327.466
327.527
327.586
327.642
327.696
327.748
327.798
327.845
327.89
327.933
327.974
328.014
328.053
328.091
328.128
328.164
328.199
328.233
328.266
328.298
328.33
328.361
328.39
328.42
328.448
328.477
328.505
328.534
328.562
328.589
328.616
328.642
328.667
328.692
328.717
328.742
328.765
328.789
328.812
328.835
328.858
328.881
328.903
328.925
328.947
328.968
328.99
329.011
329.032
329.053
329.073
329.093
329.114
329.134
329.154
329.175
329.196
329.217
329.237
329.258
329.279
329.301
329.325
329.352
329.384
329.434
329.549
329.929
323.364
323.852
324.307
324.69
325.019
325.304
325.555
325.776
325.974
326.15
326.31
326.455
326.587
326.708
326.819
326.921
327.016
327.104
327.187
327.263
327.336
327.404
327.468
327.53
327.589
327.645
327.699
327.75
327.8
327.847
327.892
327.934
327.976
328.016
328.055
328.093
328.13
328.166
328.201
328.235
328.268
328.301
328.333
328.364
328.394
328.423
328.452
328.481
328.509
328.538
328.565
328.593
328.62
328.646
328.672
328.697
328.722
328.746
328.771
328.794
328.817
328.84
328.863
328.886
328.908
328.93
328.952
328.974
328.996
329.017
329.038
329.059
329.08
329.1
329.12
329.14
329.161
329.182
329.203
329.224
329.245
329.266
329.288
329.31
329.334
329.361
329.393
329.442
329.556
329.935
323.364
323.851
324.307
324.689
325.018
325.304
325.555
325.776
325.973
326.15
326.31
326.455
326.587
326.708
326.819
326.922
327.017
327.105
327.187
327.265
327.337
327.406
327.471
327.533
327.592
327.648
327.702
327.753
327.802
327.849
327.894
327.937
327.979
328.019
328.059
328.097
328.134
328.17
328.205
328.239
328.273
328.305
328.337
328.368
328.399
328.429
328.458
328.487
328.516
328.544
328.572
328.599
328.626
328.652
328.678
328.704
328.729
328.753
328.778
328.802
328.825
328.848
328.871
328.893
328.916
328.938
328.96
328.982
329.003
329.025
329.046
329.067
329.088
329.108
329.128
329.148
329.169
329.189
329.21
329.231
329.252
329.273
329.295
329.317
329.341
329.368
329.399
329.446
329.559
329.934
323.364
323.851
324.306
324.689
325.018
325.304
325.555
325.776
325.974
326.151
326.31
326.455
326.588
326.709
326.82
326.923
327.019
327.107
327.19
327.268
327.341
327.41
327.476
327.538
327.597
327.653
327.707
327.758
327.808
327.855
327.9
327.943
327.985
328.026
328.066
328.104
328.142
328.178
328.214
328.248
328.282
328.315
328.347
328.379
328.409
328.44
328.469
328.499
328.528
328.556
328.584
328.611
328.638
328.665
328.691
328.717
328.742
328.767
328.791
328.815
328.839
328.862
328.885
328.908
328.93
328.952
328.974
328.996
329.018
329.039
329.061
329.081
329.102
329.122
329.142
329.162
329.183
329.203
329.224
329.244
329.265
329.286
329.307
329.33
329.353
329.379
329.41
329.455
329.563
329.931
323.364
323.852
324.308
324.692
325.022
325.309
325.561
325.784
325.982
326.16
326.321
326.467
326.601
326.723
326.836
326.94
327.036
327.126
327.211
327.29
327.364
327.435
327.501
327.564
327.624
327.682
327.736
327.788
327.839
327.887
327.933
327.978
328.021
328.063
328.104
328.143
328.181
328.219
328.255
328.291
328.326
328.36
328.393
328.425
328.457
328.489
328.519
328.55
328.579
328.609
328.637
328.666
328.693
328.721
328.748
328.774
328.8
328.826
328.851
328.876
328.901
328.925
328.949
328.972
328.995
329.018
329.041
329.063
329.085
329.107
329.129
329.151
329.172
329.192
329.213
329.234
329.254
329.275
329.296
329.317
329.338
329.359
329.38
329.403
329.427
329.453
329.483
329.526
329.625
329.977
323.372
323.869
324.334
324.726
325.064
325.359
325.618
325.848
326.054
326.238
326.406
326.558
326.698
326.826
326.945
327.054
327.157
327.252
327.342
327.426
327.506
327.581
327.652
327.72
327.785
327.847
327.906
327.963
328.017
328.07
328.12
328.169
328.217
328.263
328.308
328.352
328.394
328.436
328.476
328.516
328.554
328.592
328.629
328.666
328.701
328.736
328.771
328.805
328.838
328.871
328.903
328.935
328.966
328.997
329.027
329.057
329.086
329.115
329.144
329.172
329.199
329.227
329.254
329.28
329.306
329.332
329.358
329.383
329.408
329.433
329.457
329.481
329.505
329.528
329.552
329.575
329.598
329.621
329.644
329.667
329.69
329.713
329.737
329.761
329.786
329.814
329.845
329.887
329.974
330.274
)
;
        Tnbr            T;
        qrNbr           qr;
        qr              none;
        thermalInertia  false;
        thicknessLayers List<scalar> 0();
        kappaLayers     List<scalar> 0();
        kappaMethod     solidThermo;
        kappa           none;
        alphaAni        none;
        alpha           none;
    }
    asphalt_to_concrete
    {
        type            compressible::turbulentTemperatureRadCoupledMixed;
        refValue        nonuniform List<scalar> 
52
(
325.697
325.719
325.752
325.785
325.815
325.845
325.876
325.907
325.936
325.965
325.994
326.022
326.052
326.081
326.109
326.135
326.16
326.182
326.204
326.226
326.248
326.271
326.294
326.318
326.345
326.386
327.238
327.268
327.303
327.339
327.371
327.403
327.436
327.468
327.499
327.53
327.56
327.59
327.622
327.653
327.682
327.71
327.736
327.76
327.783
327.806
327.829
327.853
327.878
327.903
327.93
327.967
)
;
        refGradient     uniform 0;
        valueFraction   nonuniform List<scalar> 
52
(
0.470588
0.470588
0.470588
0.470588
0.470588
0.470588
0.470588
0.470588
0.470588
0.470588
0.470588
0.470588
0.470588
0.470588
0.470588
0.470588
0.470588
0.470588
0.470588
0.470588
0.470588
0.470588
0.470588
0.470588
0.470588
0.470588
0.470588
0.470588
0.470588
0.470588
0.470588
0.470588
0.470588
0.470588
0.470588
0.470588
0.470588
0.470588
0.470588
0.470588
0.470588
0.470588
0.470588
0.470588
0.470588
0.470588
0.470588
0.470588
0.470588
0.470588
0.470588
0.470588
)
;
        value           nonuniform List<scalar> 
52
(
325.776
325.804
325.838
325.871
325.902
325.933
325.964
325.995
326.025
326.054
326.083
326.111
326.14
326.169
326.196
326.223
326.248
326.271
326.293
326.316
326.338
326.361
326.384
326.408
326.433
326.467
327.246
327.279
327.315
327.351
327.384
327.416
327.449
327.482
327.513
327.544
327.574
327.604
327.635
327.665
327.694
327.722
327.748
327.773
327.797
327.82
327.844
327.868
327.892
327.917
327.943
327.975
)
;
        Tnbr            T;
        qrNbr           none;
        qr              none;
        thermalInertia  false;
        thicknessLayers List<scalar> 0();
        kappaLayers     List<scalar> 0();
        kappaMethod     solidThermo;
        kappa           none;
        alphaAni        none;
        alpha           none;
    }
    asphalt_to_soil2
    {
        type            compressible::turbulentTemperatureRadCoupledMixed;
        refValue        nonuniform List<scalar> 
128
(
321.646
322.064
322.478
322.832
323.136
323.401
323.633
323.838
324.021
324.185
324.332
324.466
324.588
324.7
324.803
324.898
324.986
325.068
325.144
325.213
325.278
325.339
325.395
325.449
325.5
325.549
325.597
325.643
325.688
325.733
325.775
325.803
326.563
326.603
326.63
326.653
326.674
326.696
326.716
326.736
326.756
326.775
326.794
326.813
326.831
326.85
326.869
326.887
326.906
326.924
326.942
326.96
326.979
326.997
327.016
327.037
327.058
327.081
327.106
327.133
327.166
327.217
327.331
327.645
322.793
323.256
323.697
324.07
324.391
324.669
324.914
325.13
325.322
325.494
325.65
325.791
325.919
326.037
326.145
326.246
326.339
326.425
326.505
326.578
326.647
326.71
326.77
326.827
326.881
326.932
326.982
327.031
327.079
327.126
327.171
327.207
328.008
328.043
328.07
328.095
328.116
328.139
328.16
328.181
328.202
328.222
328.242
328.261
328.281
328.3
328.32
328.339
328.358
328.377
328.396
328.415
328.434
328.454
328.474
328.495
328.518
328.543
328.568
328.597
328.63
328.681
328.796
329.151
)
;
        refGradient     uniform 0;
        valueFraction   nonuniform List<scalar> 
128
(
0.5
0.5
0.5
0.5
0.5
0.5
0.5
0.5
0.5
0.5
0.5
0.5
0.5
0.5
0.5
0.5
0.5
0.5
0.5
0.5
0.5
0.5
0.5
0.5
0.5
0.5
0.5
0.5
0.5
0.5
0.5
0.5
0.5
0.5
0.5
0.5
0.5
0.5
0.5
0.5
0.5
0.5
0.5
0.5
0.5
0.5
0.5
0.5
0.5
0.5
0.5
0.5
0.5
0.5
0.5
0.5
0.5
0.5
0.5
0.5
0.5
0.5
0.5
0.5
0.5
0.5
0.5
0.5
0.5
0.5
0.5
0.5
0.5
0.5
0.5
0.5
0.5
0.5
0.5
0.5
0.5
0.5
0.5
0.5
0.5
0.5
0.5
0.5
0.5
0.5
0.5
0.5
0.5
0.5
0.5
0.5
0.5
0.5
0.5
0.5
0.5
0.5
0.5
0.5
0.5
0.5
0.5
0.5
0.5
0.5
0.5
0.5
0.5
0.5
0.5
0.5
0.5
0.5
0.5
0.5
0.5
0.5
0.5
0.5
0.5
0.5
0.5
0.5
)
;
        value           nonuniform List<scalar> 
128
(
321.646
322.065
322.478
322.832
323.136
323.401
323.633
323.839
324.021
324.185
324.332
324.466
324.588
324.7
324.803
324.898
324.986
325.068
325.144
325.213
325.278
325.339
325.395
325.449
325.501
325.55
325.598
325.644
325.69
325.735
325.778
325.811
326.57
326.604
326.63
326.653
326.675
326.696
326.717
326.737
326.757
326.776
326.795
326.814
326.833
326.852
326.87
326.889
326.908
326.926
326.944
326.962
326.98
326.999
327.018
327.038
327.059
327.082
327.107
327.134
327.167
327.218
327.333
327.647
322.793
323.256
323.697
324.07
324.391
324.669
324.914
325.13
325.322
325.494
325.65
325.791
325.919
326.037
326.146
326.246
326.339
326.425
326.505
326.578
326.646
326.71
326.77
326.827
326.881
326.933
326.983
327.032
327.08
327.128
327.174
327.213
328.012
328.044
328.07
328.094
328.116
328.139
328.161
328.181
328.202
328.222
328.243
328.262
328.282
328.301
328.321
328.34
328.36
328.379
328.398
328.416
328.435
328.455
328.475
328.496
328.519
328.543
328.568
328.597
328.63
328.681
328.796
329.151
)
;
        Tnbr            T;
        qrNbr           none;
        qr              none;
        thermalInertia  false;
        thicknessLayers List<scalar> 0();
        kappaLayers     List<scalar> 0();
        kappaMethod     solidThermo;
        kappa           none;
        alphaAni        none;
        alpha           none;
    }
}


// ************************************************************************* //
