/*--------------------------------*- C++ -*----------------------------------*\
| =========                 |                                                 |
| \\      /  F ield         | OpenFOAM: The Open Source CFD Toolbox           |
|  \\    /   O peration     | Version:  v2012                                 |
|   \\  /    A nd           | Website:  www.openfoam.com                      |
|    \\/     M anipulation  |                                                 |
\*---------------------------------------------------------------------------*/
FoamFile
{
    version     2.0;
    format      ascii;
    class       labelList;
    location    "constant/buildings/polyMesh";
    object      cellRegionAddressing;
}
// * * * * * * * * * * * * * * * * * * * * * * * * * * * * * * * * * * * * * //


384
(
24876
24877
24878
24879
24880
24881
24882
24883
24966
24967
24968
24969
24970
24971
24972
24973
25056
25057
25058
25059
25060
25061
25062
25063
25146
25147
25148
25149
25150
25151
25152
25153
25236
25237
25238
25239
25240
25241
25242
25243
25326
25327
25328
25329
25330
25331
25332
25333
25416
25417
25418
25419
25420
25421
25422
25423
25506
25507
25508
25509
25510
25511
25512
25513
32076
32077
32078
32079
32080
32081
32082
32083
32166
32167
32168
32169
32170
32171
32172
32173
32256
32257
32258
32259
32260
32261
32262
32263
32346
32347
32348
32349
32350
32351
32352
32353
32436
32437
32438
32439
32440
32441
32442
32443
32526
32527
32528
32529
32530
32531
32532
32533
32616
32617
32618
32619
32620
32621
32622
32623
32706
32707
32708
32709
32710
32711
32712
32713
39276
39277
39278
39279
39280
39281
39282
39283
39366
39367
39368
39369
39370
39371
39372
39373
39456
39457
39458
39459
39460
39461
39462
39463
39546
39547
39548
39549
39550
39551
39552
39553
39636
39637
39638
39639
39640
39641
39642
39643
39726
39727
39728
39729
39730
39731
39732
39733
39816
39817
39818
39819
39820
39821
39822
39823
39906
39907
39908
39909
39910
39911
39912
39913
46476
46477
46478
46479
46480
46481
46482
46483
46566
46567
46568
46569
46570
46571
46572
46573
46656
46657
46658
46659
46660
46661
46662
46663
46746
46747
46748
46749
46750
46751
46752
46753
46836
46837
46838
46839
46840
46841
46842
46843
46926
46927
46928
46929
46930
46931
46932
46933
47016
47017
47018
47019
47020
47021
47022
47023
47106
47107
47108
47109
47110
47111
47112
47113
53676
53677
53678
53679
53680
53681
53682
53683
53766
53767
53768
53769
53770
53771
53772
53773
53856
53857
53858
53859
53860
53861
53862
53863
53946
53947
53948
53949
53950
53951
53952
53953
54036
54037
54038
54039
54040
54041
54042
54043
54126
54127
54128
54129
54130
54131
54132
54133
54216
54217
54218
54219
54220
54221
54222
54223
54306
54307
54308
54309
54310
54311
54312
54313
60876
60877
60878
60879
60880
60881
60882
60883
60966
60967
60968
60969
60970
60971
60972
60973
61056
61057
61058
61059
61060
61061
61062
61063
61146
61147
61148
61149
61150
61151
61152
61153
61236
61237
61238
61239
61240
61241
61242
61243
61326
61327
61328
61329
61330
61331
61332
61333
61416
61417
61418
61419
61420
61421
61422
61423
61506
61507
61508
61509
61510
61511
61512
61513
)


// ************************************************************************* //
