/*--------------------------------*- C++ -*----------------------------------*\
| =========                 |                                                 |
| \\      /  F ield         | OpenFOAM: The Open Source CFD Toolbox           |
|  \\    /   O peration     | Version:  v2012                                 |
|   \\  /    A nd           | Website:  www.openfoam.com                      |
|    \\/     M anipulation  |                                                 |
\*---------------------------------------------------------------------------*/
FoamFile
{
    version     2.0;
    format      ascii;
    class       faceList;
    location    "constant/buildings/polyMesh";
    object      faces;
}
// * * * * * * * * * * * * * * * * * * * * * * * * * * * * * * * * * * * * * //


2976
(
4(1 10 91 82)
4(9 90 91 10)
4(81 82 91 90)
4(2 11 92 83)
4(10 91 92 11)
4(82 83 92 91)
4(3 12 93 84)
4(11 92 93 12)
4(83 84 93 92)
4(4 13 94 85)
4(12 93 94 13)
4(84 85 94 93)
4(5 14 95 86)
4(13 94 95 14)
4(85 86 95 94)
4(6 15 96 87)
4(14 95 96 15)
4(86 87 96 95)
4(7 16 97 88)
4(15 96 97 16)
4(87 88 97 96)
4(16 97 98 17)
4(88 89 98 97)
4(10 19 100 91)
4(18 99 100 19)
4(90 91 100 99)
4(11 20 101 92)
4(19 100 101 20)
4(91 92 101 100)
4(12 21 102 93)
4(20 101 102 21)
4(92 93 102 101)
4(13 22 103 94)
4(21 102 103 22)
4(93 94 103 102)
4(14 23 104 95)
4(22 103 104 23)
4(94 95 104 103)
4(15 24 105 96)
4(23 104 105 24)
4(95 96 105 104)
4(16 25 106 97)
4(24 105 106 25)
4(96 97 106 105)
4(25 106 107 26)
4(97 98 107 106)
4(19 28 109 100)
4(27 108 109 28)
4(99 100 109 108)
4(20 29 110 101)
4(28 109 110 29)
4(100 101 110 109)
4(21 30 111 102)
4(29 110 111 30)
4(101 102 111 110)
4(22 31 112 103)
4(30 111 112 31)
4(102 103 112 111)
4(23 32 113 104)
4(31 112 113 32)
4(103 104 113 112)
4(24 33 114 105)
4(32 113 114 33)
4(104 105 114 113)
4(25 34 115 106)
4(33 114 115 34)
4(105 106 115 114)
4(34 115 116 35)
4(106 107 116 115)
4(28 37 118 109)
4(36 117 118 37)
4(108 109 118 117)
4(29 38 119 110)
4(37 118 119 38)
4(109 110 119 118)
4(30 39 120 111)
4(38 119 120 39)
4(110 111 120 119)
4(31 40 121 112)
4(39 120 121 40)
4(111 112 121 120)
4(32 41 122 113)
4(40 121 122 41)
4(112 113 122 121)
4(33 42 123 114)
4(41 122 123 42)
4(113 114 123 122)
4(34 43 124 115)
4(42 123 124 43)
4(114 115 124 123)
4(43 124 125 44)
4(115 116 125 124)
4(37 46 127 118)
4(45 126 127 46)
4(117 118 127 126)
4(38 47 128 119)
4(46 127 128 47)
4(118 119 128 127)
4(39 48 129 120)
4(47 128 129 48)
4(119 120 129 128)
4(40 49 130 121)
4(48 129 130 49)
4(120 121 130 129)
4(41 50 131 122)
4(49 130 131 50)
4(121 122 131 130)
4(42 51 132 123)
4(50 131 132 51)
4(122 123 132 131)
4(43 52 133 124)
4(51 132 133 52)
4(123 124 133 132)
4(52 133 134 53)
4(124 125 134 133)
4(46 55 136 127)
4(54 135 136 55)
4(126 127 136 135)
4(47 56 137 128)
4(55 136 137 56)
4(127 128 137 136)
4(48 57 138 129)
4(56 137 138 57)
4(128 129 138 137)
4(49 58 139 130)
4(57 138 139 58)
4(129 130 139 138)
4(50 59 140 131)
4(58 139 140 59)
4(130 131 140 139)
4(51 60 141 132)
4(59 140 141 60)
4(131 132 141 140)
4(52 61 142 133)
4(60 141 142 61)
4(132 133 142 141)
4(61 142 143 62)
4(133 134 143 142)
4(55 64 145 136)
4(63 144 145 64)
4(135 136 145 144)
4(56 65 146 137)
4(64 145 146 65)
4(136 137 146 145)
4(57 66 147 138)
4(65 146 147 66)
4(137 138 147 146)
4(58 67 148 139)
4(66 147 148 67)
4(138 139 148 147)
4(59 68 149 140)
4(67 148 149 68)
4(139 140 149 148)
4(60 69 150 141)
4(68 149 150 69)
4(140 141 150 149)
4(61 70 151 142)
4(69 150 151 70)
4(141 142 151 150)
4(70 151 152 71)
4(142 143 152 151)
4(64 73 154 145)
4(144 145 154 153)
4(65 74 155 146)
4(145 146 155 154)
4(66 75 156 147)
4(146 147 156 155)
4(67 76 157 148)
4(147 148 157 156)
4(68 77 158 149)
4(148 149 158 157)
4(69 78 159 150)
4(149 150 159 158)
4(70 79 160 151)
4(150 151 160 159)
4(151 152 161 160)
4(82 91 172 163)
4(90 171 172 91)
4(162 163 172 171)
4(83 92 173 164)
4(91 172 173 92)
4(163 164 173 172)
4(84 93 174 165)
4(92 173 174 93)
4(164 165 174 173)
4(85 94 175 166)
4(93 174 175 94)
4(165 166 175 174)
4(86 95 176 167)
4(94 175 176 95)
4(166 167 176 175)
4(87 96 177 168)
4(95 176 177 96)
4(167 168 177 176)
4(88 97 178 169)
4(96 177 178 97)
4(168 169 178 177)
4(97 178 179 98)
4(169 170 179 178)
4(91 100 181 172)
4(99 180 181 100)
4(171 172 181 180)
4(92 101 182 173)
4(100 181 182 101)
4(172 173 182 181)
4(93 102 183 174)
4(101 182 183 102)
4(173 174 183 182)
4(94 103 184 175)
4(102 183 184 103)
4(174 175 184 183)
4(95 104 185 176)
4(103 184 185 104)
4(175 176 185 184)
4(96 105 186 177)
4(104 185 186 105)
4(176 177 186 185)
4(97 106 187 178)
4(105 186 187 106)
4(177 178 187 186)
4(106 187 188 107)
4(178 179 188 187)
4(100 109 190 181)
4(108 189 190 109)
4(180 181 190 189)
4(101 110 191 182)
4(109 190 191 110)
4(181 182 191 190)
4(102 111 192 183)
4(110 191 192 111)
4(182 183 192 191)
4(103 112 193 184)
4(111 192 193 112)
4(183 184 193 192)
4(104 113 194 185)
4(112 193 194 113)
4(184 185 194 193)
4(105 114 195 186)
4(113 194 195 114)
4(185 186 195 194)
4(106 115 196 187)
4(114 195 196 115)
4(186 187 196 195)
4(115 196 197 116)
4(187 188 197 196)
4(109 118 199 190)
4(117 198 199 118)
4(189 190 199 198)
4(110 119 200 191)
4(118 199 200 119)
4(190 191 200 199)
4(111 120 201 192)
4(119 200 201 120)
4(191 192 201 200)
4(112 121 202 193)
4(120 201 202 121)
4(192 193 202 201)
4(113 122 203 194)
4(121 202 203 122)
4(193 194 203 202)
4(114 123 204 195)
4(122 203 204 123)
4(194 195 204 203)
4(115 124 205 196)
4(123 204 205 124)
4(195 196 205 204)
4(124 205 206 125)
4(196 197 206 205)
4(118 127 208 199)
4(126 207 208 127)
4(198 199 208 207)
4(119 128 209 200)
4(127 208 209 128)
4(199 200 209 208)
4(120 129 210 201)
4(128 209 210 129)
4(200 201 210 209)
4(121 130 211 202)
4(129 210 211 130)
4(201 202 211 210)
4(122 131 212 203)
4(130 211 212 131)
4(202 203 212 211)
4(123 132 213 204)
4(131 212 213 132)
4(203 204 213 212)
4(124 133 214 205)
4(132 213 214 133)
4(204 205 214 213)
4(133 214 215 134)
4(205 206 215 214)
4(127 136 217 208)
4(135 216 217 136)
4(207 208 217 216)
4(128 137 218 209)
4(136 217 218 137)
4(208 209 218 217)
4(129 138 219 210)
4(137 218 219 138)
4(209 210 219 218)
4(130 139 220 211)
4(138 219 220 139)
4(210 211 220 219)
4(131 140 221 212)
4(139 220 221 140)
4(211 212 221 220)
4(132 141 222 213)
4(140 221 222 141)
4(212 213 222 221)
4(133 142 223 214)
4(141 222 223 142)
4(213 214 223 222)
4(142 223 224 143)
4(214 215 224 223)
4(136 145 226 217)
4(144 225 226 145)
4(216 217 226 225)
4(137 146 227 218)
4(145 226 227 146)
4(217 218 227 226)
4(138 147 228 219)
4(146 227 228 147)
4(218 219 228 227)
4(139 148 229 220)
4(147 228 229 148)
4(219 220 229 228)
4(140 149 230 221)
4(148 229 230 149)
4(220 221 230 229)
4(141 150 231 222)
4(149 230 231 150)
4(221 222 231 230)
4(142 151 232 223)
4(150 231 232 151)
4(222 223 232 231)
4(151 232 233 152)
4(223 224 233 232)
4(145 154 235 226)
4(225 226 235 234)
4(146 155 236 227)
4(226 227 236 235)
4(147 156 237 228)
4(227 228 237 236)
4(148 157 238 229)
4(228 229 238 237)
4(149 158 239 230)
4(229 230 239 238)
4(150 159 240 231)
4(230 231 240 239)
4(151 160 241 232)
4(231 232 241 240)
4(232 233 242 241)
4(163 172 253 244)
4(171 252 253 172)
4(243 244 253 252)
4(164 173 254 245)
4(172 253 254 173)
4(244 245 254 253)
4(165 174 255 246)
4(173 254 255 174)
4(245 246 255 254)
4(166 175 256 247)
4(174 255 256 175)
4(246 247 256 255)
4(167 176 257 248)
4(175 256 257 176)
4(247 248 257 256)
4(168 177 258 249)
4(176 257 258 177)
4(248 249 258 257)
4(169 178 259 250)
4(177 258 259 178)
4(249 250 259 258)
4(178 259 260 179)
4(250 251 260 259)
4(172 181 262 253)
4(180 261 262 181)
4(252 253 262 261)
4(173 182 263 254)
4(181 262 263 182)
4(253 254 263 262)
4(174 183 264 255)
4(182 263 264 183)
4(254 255 264 263)
4(175 184 265 256)
4(183 264 265 184)
4(255 256 265 264)
4(176 185 266 257)
4(184 265 266 185)
4(256 257 266 265)
4(177 186 267 258)
4(185 266 267 186)
4(257 258 267 266)
4(178 187 268 259)
4(186 267 268 187)
4(258 259 268 267)
4(187 268 269 188)
4(259 260 269 268)
4(181 190 271 262)
4(189 270 271 190)
4(261 262 271 270)
4(182 191 272 263)
4(190 271 272 191)
4(262 263 272 271)
4(183 192 273 264)
4(191 272 273 192)
4(263 264 273 272)
4(184 193 274 265)
4(192 273 274 193)
4(264 265 274 273)
4(185 194 275 266)
4(193 274 275 194)
4(265 266 275 274)
4(186 195 276 267)
4(194 275 276 195)
4(266 267 276 275)
4(187 196 277 268)
4(195 276 277 196)
4(267 268 277 276)
4(196 277 278 197)
4(268 269 278 277)
4(190 199 280 271)
4(198 279 280 199)
4(270 271 280 279)
4(191 200 281 272)
4(199 280 281 200)
4(271 272 281 280)
4(192 201 282 273)
4(200 281 282 201)
4(272 273 282 281)
4(193 202 283 274)
4(201 282 283 202)
4(273 274 283 282)
4(194 203 284 275)
4(202 283 284 203)
4(274 275 284 283)
4(195 204 285 276)
4(203 284 285 204)
4(275 276 285 284)
4(196 205 286 277)
4(204 285 286 205)
4(276 277 286 285)
4(205 286 287 206)
4(277 278 287 286)
4(199 208 289 280)
4(207 288 289 208)
4(279 280 289 288)
4(200 209 290 281)
4(208 289 290 209)
4(280 281 290 289)
4(201 210 291 282)
4(209 290 291 210)
4(281 282 291 290)
4(202 211 292 283)
4(210 291 292 211)
4(282 283 292 291)
4(203 212 293 284)
4(211 292 293 212)
4(283 284 293 292)
4(204 213 294 285)
4(212 293 294 213)
4(284 285 294 293)
4(205 214 295 286)
4(213 294 295 214)
4(285 286 295 294)
4(214 295 296 215)
4(286 287 296 295)
4(208 217 298 289)
4(216 297 298 217)
4(288 289 298 297)
4(209 218 299 290)
4(217 298 299 218)
4(289 290 299 298)
4(210 219 300 291)
4(218 299 300 219)
4(290 291 300 299)
4(211 220 301 292)
4(219 300 301 220)
4(291 292 301 300)
4(212 221 302 293)
4(220 301 302 221)
4(292 293 302 301)
4(213 222 303 294)
4(221 302 303 222)
4(293 294 303 302)
4(214 223 304 295)
4(222 303 304 223)
4(294 295 304 303)
4(223 304 305 224)
4(295 296 305 304)
4(217 226 307 298)
4(225 306 307 226)
4(297 298 307 306)
4(218 227 308 299)
4(226 307 308 227)
4(298 299 308 307)
4(219 228 309 300)
4(227 308 309 228)
4(299 300 309 308)
4(220 229 310 301)
4(228 309 310 229)
4(300 301 310 309)
4(221 230 311 302)
4(229 310 311 230)
4(301 302 311 310)
4(222 231 312 303)
4(230 311 312 231)
4(302 303 312 311)
4(223 232 313 304)
4(231 312 313 232)
4(303 304 313 312)
4(232 313 314 233)
4(304 305 314 313)
4(226 235 316 307)
4(306 307 316 315)
4(227 236 317 308)
4(307 308 317 316)
4(228 237 318 309)
4(308 309 318 317)
4(229 238 319 310)
4(309 310 319 318)
4(230 239 320 311)
4(310 311 320 319)
4(231 240 321 312)
4(311 312 321 320)
4(232 241 322 313)
4(312 313 322 321)
4(313 314 323 322)
4(244 253 334 325)
4(252 333 334 253)
4(324 325 334 333)
4(245 254 335 326)
4(253 334 335 254)
4(325 326 335 334)
4(246 255 336 327)
4(254 335 336 255)
4(326 327 336 335)
4(247 256 337 328)
4(255 336 337 256)
4(327 328 337 336)
4(248 257 338 329)
4(256 337 338 257)
4(328 329 338 337)
4(249 258 339 330)
4(257 338 339 258)
4(329 330 339 338)
4(250 259 340 331)
4(258 339 340 259)
4(330 331 340 339)
4(259 340 341 260)
4(331 332 341 340)
4(253 262 343 334)
4(261 342 343 262)
4(333 334 343 342)
4(254 263 344 335)
4(262 343 344 263)
4(334 335 344 343)
4(255 264 345 336)
4(263 344 345 264)
4(335 336 345 344)
4(256 265 346 337)
4(264 345 346 265)
4(336 337 346 345)
4(257 266 347 338)
4(265 346 347 266)
4(337 338 347 346)
4(258 267 348 339)
4(266 347 348 267)
4(338 339 348 347)
4(259 268 349 340)
4(267 348 349 268)
4(339 340 349 348)
4(268 349 350 269)
4(340 341 350 349)
4(262 271 352 343)
4(270 351 352 271)
4(342 343 352 351)
4(263 272 353 344)
4(271 352 353 272)
4(343 344 353 352)
4(264 273 354 345)
4(272 353 354 273)
4(344 345 354 353)
4(265 274 355 346)
4(273 354 355 274)
4(345 346 355 354)
4(266 275 356 347)
4(274 355 356 275)
4(346 347 356 355)
4(267 276 357 348)
4(275 356 357 276)
4(347 348 357 356)
4(268 277 358 349)
4(276 357 358 277)
4(348 349 358 357)
4(277 358 359 278)
4(349 350 359 358)
4(271 280 361 352)
4(279 360 361 280)
4(351 352 361 360)
4(272 281 362 353)
4(280 361 362 281)
4(352 353 362 361)
4(273 282 363 354)
4(281 362 363 282)
4(353 354 363 362)
4(274 283 364 355)
4(282 363 364 283)
4(354 355 364 363)
4(275 284 365 356)
4(283 364 365 284)
4(355 356 365 364)
4(276 285 366 357)
4(284 365 366 285)
4(356 357 366 365)
4(277 286 367 358)
4(285 366 367 286)
4(357 358 367 366)
4(286 367 368 287)
4(358 359 368 367)
4(280 289 370 361)
4(288 369 370 289)
4(360 361 370 369)
4(281 290 371 362)
4(289 370 371 290)
4(361 362 371 370)
4(282 291 372 363)
4(290 371 372 291)
4(362 363 372 371)
4(283 292 373 364)
4(291 372 373 292)
4(363 364 373 372)
4(284 293 374 365)
4(292 373 374 293)
4(364 365 374 373)
4(285 294 375 366)
4(293 374 375 294)
4(365 366 375 374)
4(286 295 376 367)
4(294 375 376 295)
4(366 367 376 375)
4(295 376 377 296)
4(367 368 377 376)
4(289 298 379 370)
4(297 378 379 298)
4(369 370 379 378)
4(290 299 380 371)
4(298 379 380 299)
4(370 371 380 379)
4(291 300 381 372)
4(299 380 381 300)
4(371 372 381 380)
4(292 301 382 373)
4(300 381 382 301)
4(372 373 382 381)
4(293 302 383 374)
4(301 382 383 302)
4(373 374 383 382)
4(294 303 384 375)
4(302 383 384 303)
4(374 375 384 383)
4(295 304 385 376)
4(303 384 385 304)
4(375 376 385 384)
4(304 385 386 305)
4(376 377 386 385)
4(298 307 388 379)
4(306 387 388 307)
4(378 379 388 387)
4(299 308 389 380)
4(307 388 389 308)
4(379 380 389 388)
4(300 309 390 381)
4(308 389 390 309)
4(380 381 390 389)
4(301 310 391 382)
4(309 390 391 310)
4(381 382 391 390)
4(302 311 392 383)
4(310 391 392 311)
4(382 383 392 391)
4(303 312 393 384)
4(311 392 393 312)
4(383 384 393 392)
4(304 313 394 385)
4(312 393 394 313)
4(384 385 394 393)
4(313 394 395 314)
4(385 386 395 394)
4(307 316 397 388)
4(387 388 397 396)
4(308 317 398 389)
4(388 389 398 397)
4(309 318 399 390)
4(389 390 399 398)
4(310 319 400 391)
4(390 391 400 399)
4(311 320 401 392)
4(391 392 401 400)
4(312 321 402 393)
4(392 393 402 401)
4(313 322 403 394)
4(393 394 403 402)
4(394 395 404 403)
4(325 334 415 406)
4(333 414 415 334)
4(405 406 415 414)
4(326 335 416 407)
4(334 415 416 335)
4(406 407 416 415)
4(327 336 417 408)
4(335 416 417 336)
4(407 408 417 416)
4(328 337 418 409)
4(336 417 418 337)
4(408 409 418 417)
4(329 338 419 410)
4(337 418 419 338)
4(409 410 419 418)
4(330 339 420 411)
4(338 419 420 339)
4(410 411 420 419)
4(331 340 421 412)
4(339 420 421 340)
4(411 412 421 420)
4(340 421 422 341)
4(412 413 422 421)
4(334 343 424 415)
4(342 423 424 343)
4(414 415 424 423)
4(335 344 425 416)
4(343 424 425 344)
4(415 416 425 424)
4(336 345 426 417)
4(344 425 426 345)
4(416 417 426 425)
4(337 346 427 418)
4(345 426 427 346)
4(417 418 427 426)
4(338 347 428 419)
4(346 427 428 347)
4(418 419 428 427)
4(339 348 429 420)
4(347 428 429 348)
4(419 420 429 428)
4(340 349 430 421)
4(348 429 430 349)
4(420 421 430 429)
4(349 430 431 350)
4(421 422 431 430)
4(343 352 433 424)
4(351 432 433 352)
4(423 424 433 432)
4(344 353 434 425)
4(352 433 434 353)
4(424 425 434 433)
4(345 354 435 426)
4(353 434 435 354)
4(425 426 435 434)
4(346 355 436 427)
4(354 435 436 355)
4(426 427 436 435)
4(347 356 437 428)
4(355 436 437 356)
4(427 428 437 436)
4(348 357 438 429)
4(356 437 438 357)
4(428 429 438 437)
4(349 358 439 430)
4(357 438 439 358)
4(429 430 439 438)
4(358 439 440 359)
4(430 431 440 439)
4(352 361 442 433)
4(360 441 442 361)
4(432 433 442 441)
4(353 362 443 434)
4(361 442 443 362)
4(433 434 443 442)
4(354 363 444 435)
4(362 443 444 363)
4(434 435 444 443)
4(355 364 445 436)
4(363 444 445 364)
4(435 436 445 444)
4(356 365 446 437)
4(364 445 446 365)
4(436 437 446 445)
4(357 366 447 438)
4(365 446 447 366)
4(437 438 447 446)
4(358 367 448 439)
4(366 447 448 367)
4(438 439 448 447)
4(367 448 449 368)
4(439 440 449 448)
4(361 370 451 442)
4(369 450 451 370)
4(441 442 451 450)
4(362 371 452 443)
4(370 451 452 371)
4(442 443 452 451)
4(363 372 453 444)
4(371 452 453 372)
4(443 444 453 452)
4(364 373 454 445)
4(372 453 454 373)
4(444 445 454 453)
4(365 374 455 446)
4(373 454 455 374)
4(445 446 455 454)
4(366 375 456 447)
4(374 455 456 375)
4(446 447 456 455)
4(367 376 457 448)
4(375 456 457 376)
4(447 448 457 456)
4(376 457 458 377)
4(448 449 458 457)
4(370 379 460 451)
4(378 459 460 379)
4(450 451 460 459)
4(371 380 461 452)
4(379 460 461 380)
4(451 452 461 460)
4(372 381 462 453)
4(380 461 462 381)
4(452 453 462 461)
4(373 382 463 454)
4(381 462 463 382)
4(453 454 463 462)
4(374 383 464 455)
4(382 463 464 383)
4(454 455 464 463)
4(375 384 465 456)
4(383 464 465 384)
4(455 456 465 464)
4(376 385 466 457)
4(384 465 466 385)
4(456 457 466 465)
4(385 466 467 386)
4(457 458 467 466)
4(379 388 469 460)
4(387 468 469 388)
4(459 460 469 468)
4(380 389 470 461)
4(388 469 470 389)
4(460 461 470 469)
4(381 390 471 462)
4(389 470 471 390)
4(461 462 471 470)
4(382 391 472 463)
4(390 471 472 391)
4(462 463 472 471)
4(383 392 473 464)
4(391 472 473 392)
4(463 464 473 472)
4(384 393 474 465)
4(392 473 474 393)
4(464 465 474 473)
4(385 394 475 466)
4(393 474 475 394)
4(465 466 475 474)
4(394 475 476 395)
4(466 467 476 475)
4(388 397 478 469)
4(468 469 478 477)
4(389 398 479 470)
4(469 470 479 478)
4(390 399 480 471)
4(470 471 480 479)
4(391 400 481 472)
4(471 472 481 480)
4(392 401 482 473)
4(472 473 482 481)
4(393 402 483 474)
4(473 474 483 482)
4(394 403 484 475)
4(474 475 484 483)
4(475 476 485 484)
4(406 415 496 487)
4(414 495 496 415)
4(486 487 496 495)
4(407 416 497 488)
4(415 496 497 416)
4(487 488 497 496)
4(408 417 498 489)
4(416 497 498 417)
4(488 489 498 497)
4(409 418 499 490)
4(417 498 499 418)
4(489 490 499 498)
4(410 419 500 491)
4(418 499 500 419)
4(490 491 500 499)
4(411 420 501 492)
4(419 500 501 420)
4(491 492 501 500)
4(412 421 502 493)
4(420 501 502 421)
4(492 493 502 501)
4(421 502 503 422)
4(493 494 503 502)
4(415 424 505 496)
4(423 504 505 424)
4(495 496 505 504)
4(416 425 506 497)
4(424 505 506 425)
4(496 497 506 505)
4(417 426 507 498)
4(425 506 507 426)
4(497 498 507 506)
4(418 427 508 499)
4(426 507 508 427)
4(498 499 508 507)
4(419 428 509 500)
4(427 508 509 428)
4(499 500 509 508)
4(420 429 510 501)
4(428 509 510 429)
4(500 501 510 509)
4(421 430 511 502)
4(429 510 511 430)
4(501 502 511 510)
4(430 511 512 431)
4(502 503 512 511)
4(424 433 514 505)
4(432 513 514 433)
4(504 505 514 513)
4(425 434 515 506)
4(433 514 515 434)
4(505 506 515 514)
4(426 435 516 507)
4(434 515 516 435)
4(506 507 516 515)
4(427 436 517 508)
4(435 516 517 436)
4(507 508 517 516)
4(428 437 518 509)
4(436 517 518 437)
4(508 509 518 517)
4(429 438 519 510)
4(437 518 519 438)
4(509 510 519 518)
4(430 439 520 511)
4(438 519 520 439)
4(510 511 520 519)
4(439 520 521 440)
4(511 512 521 520)
4(433 442 523 514)
4(441 522 523 442)
4(513 514 523 522)
4(434 443 524 515)
4(442 523 524 443)
4(514 515 524 523)
4(435 444 525 516)
4(443 524 525 444)
4(515 516 525 524)
4(436 445 526 517)
4(444 525 526 445)
4(516 517 526 525)
4(437 446 527 518)
4(445 526 527 446)
4(517 518 527 526)
4(438 447 528 519)
4(446 527 528 447)
4(518 519 528 527)
4(439 448 529 520)
4(447 528 529 448)
4(519 520 529 528)
4(448 529 530 449)
4(520 521 530 529)
4(442 451 532 523)
4(450 531 532 451)
4(522 523 532 531)
4(443 452 533 524)
4(451 532 533 452)
4(523 524 533 532)
4(444 453 534 525)
4(452 533 534 453)
4(524 525 534 533)
4(445 454 535 526)
4(453 534 535 454)
4(525 526 535 534)
4(446 455 536 527)
4(454 535 536 455)
4(526 527 536 535)
4(447 456 537 528)
4(455 536 537 456)
4(527 528 537 536)
4(448 457 538 529)
4(456 537 538 457)
4(528 529 538 537)
4(457 538 539 458)
4(529 530 539 538)
4(451 460 541 532)
4(459 540 541 460)
4(531 532 541 540)
4(452 461 542 533)
4(460 541 542 461)
4(532 533 542 541)
4(453 462 543 534)
4(461 542 543 462)
4(533 534 543 542)
4(454 463 544 535)
4(462 543 544 463)
4(534 535 544 543)
4(455 464 545 536)
4(463 544 545 464)
4(535 536 545 544)
4(456 465 546 537)
4(464 545 546 465)
4(536 537 546 545)
4(457 466 547 538)
4(465 546 547 466)
4(537 538 547 546)
4(466 547 548 467)
4(538 539 548 547)
4(460 469 550 541)
4(468 549 550 469)
4(540 541 550 549)
4(461 470 551 542)
4(469 550 551 470)
4(541 542 551 550)
4(462 471 552 543)
4(470 551 552 471)
4(542 543 552 551)
4(463 472 553 544)
4(471 552 553 472)
4(543 544 553 552)
4(464 473 554 545)
4(472 553 554 473)
4(544 545 554 553)
4(465 474 555 546)
4(473 554 555 474)
4(545 546 555 554)
4(466 475 556 547)
4(474 555 556 475)
4(546 547 556 555)
4(475 556 557 476)
4(547 548 557 556)
4(469 478 559 550)
4(549 550 559 558)
4(470 479 560 551)
4(550 551 560 559)
4(471 480 561 552)
4(551 552 561 560)
4(472 481 562 553)
4(552 553 562 561)
4(473 482 563 554)
4(553 554 563 562)
4(474 483 564 555)
4(554 555 564 563)
4(475 484 565 556)
4(555 556 565 564)
4(556 557 566 565)
4(487 496 577 568)
4(495 576 577 496)
4(567 568 577 576)
4(488 497 578 569)
4(496 577 578 497)
4(568 569 578 577)
4(489 498 579 570)
4(497 578 579 498)
4(569 570 579 578)
4(490 499 580 571)
4(498 579 580 499)
4(570 571 580 579)
4(491 500 581 572)
4(499 580 581 500)
4(571 572 581 580)
4(492 501 582 573)
4(500 581 582 501)
4(572 573 582 581)
4(493 502 583 574)
4(501 582 583 502)
4(573 574 583 582)
4(502 583 584 503)
4(574 575 584 583)
4(496 505 586 577)
4(504 585 586 505)
4(576 577 586 585)
4(497 506 587 578)
4(505 586 587 506)
4(577 578 587 586)
4(498 507 588 579)
4(506 587 588 507)
4(578 579 588 587)
4(499 508 589 580)
4(507 588 589 508)
4(579 580 589 588)
4(500 509 590 581)
4(508 589 590 509)
4(580 581 590 589)
4(501 510 591 582)
4(509 590 591 510)
4(581 582 591 590)
4(502 511 592 583)
4(510 591 592 511)
4(582 583 592 591)
4(511 592 593 512)
4(583 584 593 592)
4(505 514 595 586)
4(513 594 595 514)
4(585 586 595 594)
4(506 515 596 587)
4(514 595 596 515)
4(586 587 596 595)
4(507 516 597 588)
4(515 596 597 516)
4(587 588 597 596)
4(508 517 598 589)
4(516 597 598 517)
4(588 589 598 597)
4(509 518 599 590)
4(517 598 599 518)
4(589 590 599 598)
4(510 519 600 591)
4(518 599 600 519)
4(590 591 600 599)
4(511 520 601 592)
4(519 600 601 520)
4(591 592 601 600)
4(520 601 602 521)
4(592 593 602 601)
4(514 523 604 595)
4(522 603 604 523)
4(594 595 604 603)
4(515 524 605 596)
4(523 604 605 524)
4(595 596 605 604)
4(516 525 606 597)
4(524 605 606 525)
4(596 597 606 605)
4(517 526 607 598)
4(525 606 607 526)
4(597 598 607 606)
4(518 527 608 599)
4(526 607 608 527)
4(598 599 608 607)
4(519 528 609 600)
4(527 608 609 528)
4(599 600 609 608)
4(520 529 610 601)
4(528 609 610 529)
4(600 601 610 609)
4(529 610 611 530)
4(601 602 611 610)
4(523 532 613 604)
4(531 612 613 532)
4(603 604 613 612)
4(524 533 614 605)
4(532 613 614 533)
4(604 605 614 613)
4(525 534 615 606)
4(533 614 615 534)
4(605 606 615 614)
4(526 535 616 607)
4(534 615 616 535)
4(606 607 616 615)
4(527 536 617 608)
4(535 616 617 536)
4(607 608 617 616)
4(528 537 618 609)
4(536 617 618 537)
4(608 609 618 617)
4(529 538 619 610)
4(537 618 619 538)
4(609 610 619 618)
4(538 619 620 539)
4(610 611 620 619)
4(532 541 622 613)
4(540 621 622 541)
4(612 613 622 621)
4(533 542 623 614)
4(541 622 623 542)
4(613 614 623 622)
4(534 543 624 615)
4(542 623 624 543)
4(614 615 624 623)
4(535 544 625 616)
4(543 624 625 544)
4(615 616 625 624)
4(536 545 626 617)
4(544 625 626 545)
4(616 617 626 625)
4(537 546 627 618)
4(545 626 627 546)
4(617 618 627 626)
4(538 547 628 619)
4(546 627 628 547)
4(618 619 628 627)
4(547 628 629 548)
4(619 620 629 628)
4(541 550 631 622)
4(549 630 631 550)
4(621 622 631 630)
4(542 551 632 623)
4(550 631 632 551)
4(622 623 632 631)
4(543 552 633 624)
4(551 632 633 552)
4(623 624 633 632)
4(544 553 634 625)
4(552 633 634 553)
4(624 625 634 633)
4(545 554 635 626)
4(553 634 635 554)
4(625 626 635 634)
4(546 555 636 627)
4(554 635 636 555)
4(626 627 636 635)
4(547 556 637 628)
4(555 636 637 556)
4(627 628 637 636)
4(556 637 638 557)
4(628 629 638 637)
4(550 559 640 631)
4(630 631 640 639)
4(551 560 641 632)
4(631 632 641 640)
4(552 561 642 633)
4(632 633 642 641)
4(553 562 643 634)
4(633 634 643 642)
4(554 563 644 635)
4(634 635 644 643)
4(555 564 645 636)
4(635 636 645 644)
4(556 565 646 637)
4(636 637 646 645)
4(637 638 647 646)
4(568 577 658 649)
4(576 657 658 577)
4(648 649 658 657)
4(569 578 659 650)
4(577 658 659 578)
4(649 650 659 658)
4(570 579 660 651)
4(578 659 660 579)
4(650 651 660 659)
4(571 580 661 652)
4(579 660 661 580)
4(651 652 661 660)
4(572 581 662 653)
4(580 661 662 581)
4(652 653 662 661)
4(573 582 663 654)
4(581 662 663 582)
4(653 654 663 662)
4(574 583 664 655)
4(582 663 664 583)
4(654 655 664 663)
4(583 664 665 584)
4(655 656 665 664)
4(577 586 667 658)
4(585 666 667 586)
4(657 658 667 666)
4(578 587 668 659)
4(586 667 668 587)
4(658 659 668 667)
4(579 588 669 660)
4(587 668 669 588)
4(659 660 669 668)
4(580 589 670 661)
4(588 669 670 589)
4(660 661 670 669)
4(581 590 671 662)
4(589 670 671 590)
4(661 662 671 670)
4(582 591 672 663)
4(590 671 672 591)
4(662 663 672 671)
4(583 592 673 664)
4(591 672 673 592)
4(663 664 673 672)
4(592 673 674 593)
4(664 665 674 673)
4(586 595 676 667)
4(594 675 676 595)
4(666 667 676 675)
4(587 596 677 668)
4(595 676 677 596)
4(667 668 677 676)
4(588 597 678 669)
4(596 677 678 597)
4(668 669 678 677)
4(589 598 679 670)
4(597 678 679 598)
4(669 670 679 678)
4(590 599 680 671)
4(598 679 680 599)
4(670 671 680 679)
4(591 600 681 672)
4(599 680 681 600)
4(671 672 681 680)
4(592 601 682 673)
4(600 681 682 601)
4(672 673 682 681)
4(601 682 683 602)
4(673 674 683 682)
4(595 604 685 676)
4(603 684 685 604)
4(675 676 685 684)
4(596 605 686 677)
4(604 685 686 605)
4(676 677 686 685)
4(597 606 687 678)
4(605 686 687 606)
4(677 678 687 686)
4(598 607 688 679)
4(606 687 688 607)
4(678 679 688 687)
4(599 608 689 680)
4(607 688 689 608)
4(679 680 689 688)
4(600 609 690 681)
4(608 689 690 609)
4(680 681 690 689)
4(601 610 691 682)
4(609 690 691 610)
4(681 682 691 690)
4(610 691 692 611)
4(682 683 692 691)
4(604 613 694 685)
4(612 693 694 613)
4(684 685 694 693)
4(605 614 695 686)
4(613 694 695 614)
4(685 686 695 694)
4(606 615 696 687)
4(614 695 696 615)
4(686 687 696 695)
4(607 616 697 688)
4(615 696 697 616)
4(687 688 697 696)
4(608 617 698 689)
4(616 697 698 617)
4(688 689 698 697)
4(609 618 699 690)
4(617 698 699 618)
4(689 690 699 698)
4(610 619 700 691)
4(618 699 700 619)
4(690 691 700 699)
4(619 700 701 620)
4(691 692 701 700)
4(613 622 703 694)
4(621 702 703 622)
4(693 694 703 702)
4(614 623 704 695)
4(622 703 704 623)
4(694 695 704 703)
4(615 624 705 696)
4(623 704 705 624)
4(695 696 705 704)
4(616 625 706 697)
4(624 705 706 625)
4(696 697 706 705)
4(617 626 707 698)
4(625 706 707 626)
4(697 698 707 706)
4(618 627 708 699)
4(626 707 708 627)
4(698 699 708 707)
4(619 628 709 700)
4(627 708 709 628)
4(699 700 709 708)
4(628 709 710 629)
4(700 701 710 709)
4(622 631 712 703)
4(630 711 712 631)
4(702 703 712 711)
4(623 632 713 704)
4(631 712 713 632)
4(703 704 713 712)
4(624 633 714 705)
4(632 713 714 633)
4(704 705 714 713)
4(625 634 715 706)
4(633 714 715 634)
4(705 706 715 714)
4(626 635 716 707)
4(634 715 716 635)
4(706 707 716 715)
4(627 636 717 708)
4(635 716 717 636)
4(707 708 717 716)
4(628 637 718 709)
4(636 717 718 637)
4(708 709 718 717)
4(637 718 719 638)
4(709 710 719 718)
4(631 640 721 712)
4(711 712 721 720)
4(632 641 722 713)
4(712 713 722 721)
4(633 642 723 714)
4(713 714 723 722)
4(634 643 724 715)
4(714 715 724 723)
4(635 644 725 716)
4(715 716 725 724)
4(636 645 726 717)
4(716 717 726 725)
4(637 646 727 718)
4(717 718 727 726)
4(718 719 728 727)
4(649 658 739 730)
4(657 738 739 658)
4(729 730 739 738)
4(650 659 740 731)
4(658 739 740 659)
4(730 731 740 739)
4(651 660 741 732)
4(659 740 741 660)
4(731 732 741 740)
4(652 661 742 733)
4(660 741 742 661)
4(732 733 742 741)
4(653 662 743 734)
4(661 742 743 662)
4(733 734 743 742)
4(654 663 744 735)
4(662 743 744 663)
4(734 735 744 743)
4(655 664 745 736)
4(663 744 745 664)
4(735 736 745 744)
4(664 745 746 665)
4(736 737 746 745)
4(658 667 748 739)
4(666 747 748 667)
4(738 739 748 747)
4(659 668 749 740)
4(667 748 749 668)
4(739 740 749 748)
4(660 669 750 741)
4(668 749 750 669)
4(740 741 750 749)
4(661 670 751 742)
4(669 750 751 670)
4(741 742 751 750)
4(662 671 752 743)
4(670 751 752 671)
4(742 743 752 751)
4(663 672 753 744)
4(671 752 753 672)
4(743 744 753 752)
4(664 673 754 745)
4(672 753 754 673)
4(744 745 754 753)
4(673 754 755 674)
4(745 746 755 754)
4(667 676 757 748)
4(675 756 757 676)
4(747 748 757 756)
4(668 677 758 749)
4(676 757 758 677)
4(748 749 758 757)
4(669 678 759 750)
4(677 758 759 678)
4(749 750 759 758)
4(670 679 760 751)
4(678 759 760 679)
4(750 751 760 759)
4(671 680 761 752)
4(679 760 761 680)
4(751 752 761 760)
4(672 681 762 753)
4(680 761 762 681)
4(752 753 762 761)
4(673 682 763 754)
4(681 762 763 682)
4(753 754 763 762)
4(682 763 764 683)
4(754 755 764 763)
4(676 685 766 757)
4(684 765 766 685)
4(756 757 766 765)
4(677 686 767 758)
4(685 766 767 686)
4(757 758 767 766)
4(678 687 768 759)
4(686 767 768 687)
4(758 759 768 767)
4(679 688 769 760)
4(687 768 769 688)
4(759 760 769 768)
4(680 689 770 761)
4(688 769 770 689)
4(760 761 770 769)
4(681 690 771 762)
4(689 770 771 690)
4(761 762 771 770)
4(682 691 772 763)
4(690 771 772 691)
4(762 763 772 771)
4(691 772 773 692)
4(763 764 773 772)
4(685 694 775 766)
4(693 774 775 694)
4(765 766 775 774)
4(686 695 776 767)
4(694 775 776 695)
4(766 767 776 775)
4(687 696 777 768)
4(695 776 777 696)
4(767 768 777 776)
4(688 697 778 769)
4(696 777 778 697)
4(768 769 778 777)
4(689 698 779 770)
4(697 778 779 698)
4(769 770 779 778)
4(690 699 780 771)
4(698 779 780 699)
4(770 771 780 779)
4(691 700 781 772)
4(699 780 781 700)
4(771 772 781 780)
4(700 781 782 701)
4(772 773 782 781)
4(694 703 784 775)
4(702 783 784 703)
4(774 775 784 783)
4(695 704 785 776)
4(703 784 785 704)
4(775 776 785 784)
4(696 705 786 777)
4(704 785 786 705)
4(776 777 786 785)
4(697 706 787 778)
4(705 786 787 706)
4(777 778 787 786)
4(698 707 788 779)
4(706 787 788 707)
4(778 779 788 787)
4(699 708 789 780)
4(707 788 789 708)
4(779 780 789 788)
4(700 709 790 781)
4(708 789 790 709)
4(780 781 790 789)
4(709 790 791 710)
4(781 782 791 790)
4(703 712 793 784)
4(711 792 793 712)
4(783 784 793 792)
4(704 713 794 785)
4(712 793 794 713)
4(784 785 794 793)
4(705 714 795 786)
4(713 794 795 714)
4(785 786 795 794)
4(706 715 796 787)
4(714 795 796 715)
4(786 787 796 795)
4(707 716 797 788)
4(715 796 797 716)
4(787 788 797 796)
4(708 717 798 789)
4(716 797 798 717)
4(788 789 798 797)
4(709 718 799 790)
4(717 798 799 718)
4(789 790 799 798)
4(718 799 800 719)
4(790 791 800 799)
4(712 721 802 793)
4(792 793 802 801)
4(713 722 803 794)
4(793 794 803 802)
4(714 723 804 795)
4(794 795 804 803)
4(715 724 805 796)
4(795 796 805 804)
4(716 725 806 797)
4(796 797 806 805)
4(717 726 807 798)
4(797 798 807 806)
4(718 727 808 799)
4(798 799 808 807)
4(799 800 809 808)
4(730 739 820 811)
4(738 819 820 739)
4(810 811 820 819)
4(731 740 821 812)
4(739 820 821 740)
4(811 812 821 820)
4(732 741 822 813)
4(740 821 822 741)
4(812 813 822 821)
4(733 742 823 814)
4(741 822 823 742)
4(813 814 823 822)
4(734 743 824 815)
4(742 823 824 743)
4(814 815 824 823)
4(735 744 825 816)
4(743 824 825 744)
4(815 816 825 824)
4(736 745 826 817)
4(744 825 826 745)
4(816 817 826 825)
4(745 826 827 746)
4(817 818 827 826)
4(739 748 829 820)
4(747 828 829 748)
4(819 820 829 828)
4(740 749 830 821)
4(748 829 830 749)
4(820 821 830 829)
4(741 750 831 822)
4(749 830 831 750)
4(821 822 831 830)
4(742 751 832 823)
4(750 831 832 751)
4(822 823 832 831)
4(743 752 833 824)
4(751 832 833 752)
4(823 824 833 832)
4(744 753 834 825)
4(752 833 834 753)
4(824 825 834 833)
4(745 754 835 826)
4(753 834 835 754)
4(825 826 835 834)
4(754 835 836 755)
4(826 827 836 835)
4(748 757 838 829)
4(756 837 838 757)
4(828 829 838 837)
4(749 758 839 830)
4(757 838 839 758)
4(829 830 839 838)
4(750 759 840 831)
4(758 839 840 759)
4(830 831 840 839)
4(751 760 841 832)
4(759 840 841 760)
4(831 832 841 840)
4(752 761 842 833)
4(760 841 842 761)
4(832 833 842 841)
4(753 762 843 834)
4(761 842 843 762)
4(833 834 843 842)
4(754 763 844 835)
4(762 843 844 763)
4(834 835 844 843)
4(763 844 845 764)
4(835 836 845 844)
4(757 766 847 838)
4(765 846 847 766)
4(837 838 847 846)
4(758 767 848 839)
4(766 847 848 767)
4(838 839 848 847)
4(759 768 849 840)
4(767 848 849 768)
4(839 840 849 848)
4(760 769 850 841)
4(768 849 850 769)
4(840 841 850 849)
4(761 770 851 842)
4(769 850 851 770)
4(841 842 851 850)
4(762 771 852 843)
4(770 851 852 771)
4(842 843 852 851)
4(763 772 853 844)
4(771 852 853 772)
4(843 844 853 852)
4(772 853 854 773)
4(844 845 854 853)
4(766 775 856 847)
4(774 855 856 775)
4(846 847 856 855)
4(767 776 857 848)
4(775 856 857 776)
4(847 848 857 856)
4(768 777 858 849)
4(776 857 858 777)
4(848 849 858 857)
4(769 778 859 850)
4(777 858 859 778)
4(849 850 859 858)
4(770 779 860 851)
4(778 859 860 779)
4(850 851 860 859)
4(771 780 861 852)
4(779 860 861 780)
4(851 852 861 860)
4(772 781 862 853)
4(780 861 862 781)
4(852 853 862 861)
4(781 862 863 782)
4(853 854 863 862)
4(775 784 865 856)
4(783 864 865 784)
4(855 856 865 864)
4(776 785 866 857)
4(784 865 866 785)
4(856 857 866 865)
4(777 786 867 858)
4(785 866 867 786)
4(857 858 867 866)
4(778 787 868 859)
4(786 867 868 787)
4(858 859 868 867)
4(779 788 869 860)
4(787 868 869 788)
4(859 860 869 868)
4(780 789 870 861)
4(788 869 870 789)
4(860 861 870 869)
4(781 790 871 862)
4(789 870 871 790)
4(861 862 871 870)
4(790 871 872 791)
4(862 863 872 871)
4(784 793 874 865)
4(792 873 874 793)
4(864 865 874 873)
4(785 794 875 866)
4(793 874 875 794)
4(865 866 875 874)
4(786 795 876 867)
4(794 875 876 795)
4(866 867 876 875)
4(787 796 877 868)
4(795 876 877 796)
4(867 868 877 876)
4(788 797 878 869)
4(796 877 878 797)
4(868 869 878 877)
4(789 798 879 870)
4(797 878 879 798)
4(869 870 879 878)
4(790 799 880 871)
4(798 879 880 799)
4(870 871 880 879)
4(799 880 881 800)
4(871 872 881 880)
4(793 802 883 874)
4(873 874 883 882)
4(794 803 884 875)
4(874 875 884 883)
4(795 804 885 876)
4(875 876 885 884)
4(796 805 886 877)
4(876 877 886 885)
4(797 806 887 878)
4(877 878 887 886)
4(798 807 888 879)
4(878 879 888 887)
4(799 808 889 880)
4(879 880 889 888)
4(880 881 890 889)
4(811 820 901 892)
4(819 900 901 820)
4(891 892 901 900)
4(812 821 902 893)
4(820 901 902 821)
4(892 893 902 901)
4(813 822 903 894)
4(821 902 903 822)
4(893 894 903 902)
4(814 823 904 895)
4(822 903 904 823)
4(894 895 904 903)
4(815 824 905 896)
4(823 904 905 824)
4(895 896 905 904)
4(816 825 906 897)
4(824 905 906 825)
4(896 897 906 905)
4(817 826 907 898)
4(825 906 907 826)
4(897 898 907 906)
4(826 907 908 827)
4(898 899 908 907)
4(820 829 910 901)
4(828 909 910 829)
4(900 901 910 909)
4(821 830 911 902)
4(829 910 911 830)
4(901 902 911 910)
4(822 831 912 903)
4(830 911 912 831)
4(902 903 912 911)
4(823 832 913 904)
4(831 912 913 832)
4(903 904 913 912)
4(824 833 914 905)
4(832 913 914 833)
4(904 905 914 913)
4(825 834 915 906)
4(833 914 915 834)
4(905 906 915 914)
4(826 835 916 907)
4(834 915 916 835)
4(906 907 916 915)
4(835 916 917 836)
4(907 908 917 916)
4(829 838 919 910)
4(837 918 919 838)
4(909 910 919 918)
4(830 839 920 911)
4(838 919 920 839)
4(910 911 920 919)
4(831 840 921 912)
4(839 920 921 840)
4(911 912 921 920)
4(832 841 922 913)
4(840 921 922 841)
4(912 913 922 921)
4(833 842 923 914)
4(841 922 923 842)
4(913 914 923 922)
4(834 843 924 915)
4(842 923 924 843)
4(914 915 924 923)
4(835 844 925 916)
4(843 924 925 844)
4(915 916 925 924)
4(844 925 926 845)
4(916 917 926 925)
4(838 847 928 919)
4(846 927 928 847)
4(918 919 928 927)
4(839 848 929 920)
4(847 928 929 848)
4(919 920 929 928)
4(840 849 930 921)
4(848 929 930 849)
4(920 921 930 929)
4(841 850 931 922)
4(849 930 931 850)
4(921 922 931 930)
4(842 851 932 923)
4(850 931 932 851)
4(922 923 932 931)
4(843 852 933 924)
4(851 932 933 852)
4(923 924 933 932)
4(844 853 934 925)
4(852 933 934 853)
4(924 925 934 933)
4(853 934 935 854)
4(925 926 935 934)
4(847 856 937 928)
4(855 936 937 856)
4(927 928 937 936)
4(848 857 938 929)
4(856 937 938 857)
4(928 929 938 937)
4(849 858 939 930)
4(857 938 939 858)
4(929 930 939 938)
4(850 859 940 931)
4(858 939 940 859)
4(930 931 940 939)
4(851 860 941 932)
4(859 940 941 860)
4(931 932 941 940)
4(852 861 942 933)
4(860 941 942 861)
4(932 933 942 941)
4(853 862 943 934)
4(861 942 943 862)
4(933 934 943 942)
4(862 943 944 863)
4(934 935 944 943)
4(856 865 946 937)
4(864 945 946 865)
4(936 937 946 945)
4(857 866 947 938)
4(865 946 947 866)
4(937 938 947 946)
4(858 867 948 939)
4(866 947 948 867)
4(938 939 948 947)
4(859 868 949 940)
4(867 948 949 868)
4(939 940 949 948)
4(860 869 950 941)
4(868 949 950 869)
4(940 941 950 949)
4(861 870 951 942)
4(869 950 951 870)
4(941 942 951 950)
4(862 871 952 943)
4(870 951 952 871)
4(942 943 952 951)
4(871 952 953 872)
4(943 944 953 952)
4(865 874 955 946)
4(873 954 955 874)
4(945 946 955 954)
4(866 875 956 947)
4(874 955 956 875)
4(946 947 956 955)
4(867 876 957 948)
4(875 956 957 876)
4(947 948 957 956)
4(868 877 958 949)
4(876 957 958 877)
4(948 949 958 957)
4(869 878 959 950)
4(877 958 959 878)
4(949 950 959 958)
4(870 879 960 951)
4(878 959 960 879)
4(950 951 960 959)
4(871 880 961 952)
4(879 960 961 880)
4(951 952 961 960)
4(880 961 962 881)
4(952 953 962 961)
4(874 883 964 955)
4(954 955 964 963)
4(875 884 965 956)
4(955 956 965 964)
4(876 885 966 957)
4(956 957 966 965)
4(877 886 967 958)
4(957 958 967 966)
4(878 887 968 959)
4(958 959 968 967)
4(879 888 969 960)
4(959 960 969 968)
4(880 889 970 961)
4(960 961 970 969)
4(961 962 971 970)
4(892 901 982 973)
4(900 981 982 901)
4(972 973 982 981)
4(893 902 983 974)
4(901 982 983 902)
4(973 974 983 982)
4(894 903 984 975)
4(902 983 984 903)
4(974 975 984 983)
4(895 904 985 976)
4(903 984 985 904)
4(975 976 985 984)
4(896 905 986 977)
4(904 985 986 905)
4(976 977 986 985)
4(897 906 987 978)
4(905 986 987 906)
4(977 978 987 986)
4(898 907 988 979)
4(906 987 988 907)
4(978 979 988 987)
4(907 988 989 908)
4(979 980 989 988)
4(901 910 991 982)
4(909 990 991 910)
4(981 982 991 990)
4(902 911 992 983)
4(910 991 992 911)
4(982 983 992 991)
4(903 912 993 984)
4(911 992 993 912)
4(983 984 993 992)
4(904 913 994 985)
4(912 993 994 913)
4(984 985 994 993)
4(905 914 995 986)
4(913 994 995 914)
4(985 986 995 994)
4(906 915 996 987)
4(914 995 996 915)
4(986 987 996 995)
4(907 916 997 988)
4(915 996 997 916)
4(987 988 997 996)
4(916 997 998 917)
4(988 989 998 997)
4(910 919 1000 991)
4(918 999 1000 919)
4(990 991 1000 999)
4(911 920 1001 992)
4(919 1000 1001 920)
4(991 992 1001 1000)
4(912 921 1002 993)
4(920 1001 1002 921)
4(992 993 1002 1001)
4(913 922 1003 994)
4(921 1002 1003 922)
4(993 994 1003 1002)
4(914 923 1004 995)
4(922 1003 1004 923)
4(994 995 1004 1003)
4(915 924 1005 996)
4(923 1004 1005 924)
4(995 996 1005 1004)
4(916 925 1006 997)
4(924 1005 1006 925)
4(996 997 1006 1005)
4(925 1006 1007 926)
4(997 998 1007 1006)
4(919 928 1009 1000)
4(927 1008 1009 928)
4(999 1000 1009 1008)
4(920 929 1010 1001)
4(928 1009 1010 929)
4(1000 1001 1010 1009)
4(921 930 1011 1002)
4(929 1010 1011 930)
4(1001 1002 1011 1010)
4(922 931 1012 1003)
4(930 1011 1012 931)
4(1002 1003 1012 1011)
4(923 932 1013 1004)
4(931 1012 1013 932)
4(1003 1004 1013 1012)
4(924 933 1014 1005)
4(932 1013 1014 933)
4(1004 1005 1014 1013)
4(925 934 1015 1006)
4(933 1014 1015 934)
4(1005 1006 1015 1014)
4(934 1015 1016 935)
4(1006 1007 1016 1015)
4(928 937 1018 1009)
4(936 1017 1018 937)
4(1008 1009 1018 1017)
4(929 938 1019 1010)
4(937 1018 1019 938)
4(1009 1010 1019 1018)
4(930 939 1020 1011)
4(938 1019 1020 939)
4(1010 1011 1020 1019)
4(931 940 1021 1012)
4(939 1020 1021 940)
4(1011 1012 1021 1020)
4(932 941 1022 1013)
4(940 1021 1022 941)
4(1012 1013 1022 1021)
4(933 942 1023 1014)
4(941 1022 1023 942)
4(1013 1014 1023 1022)
4(934 943 1024 1015)
4(942 1023 1024 943)
4(1014 1015 1024 1023)
4(943 1024 1025 944)
4(1015 1016 1025 1024)
4(937 946 1027 1018)
4(945 1026 1027 946)
4(1017 1018 1027 1026)
4(938 947 1028 1019)
4(946 1027 1028 947)
4(1018 1019 1028 1027)
4(939 948 1029 1020)
4(947 1028 1029 948)
4(1019 1020 1029 1028)
4(940 949 1030 1021)
4(948 1029 1030 949)
4(1020 1021 1030 1029)
4(941 950 1031 1022)
4(949 1030 1031 950)
4(1021 1022 1031 1030)
4(942 951 1032 1023)
4(950 1031 1032 951)
4(1022 1023 1032 1031)
4(943 952 1033 1024)
4(951 1032 1033 952)
4(1023 1024 1033 1032)
4(952 1033 1034 953)
4(1024 1025 1034 1033)
4(946 955 1036 1027)
4(954 1035 1036 955)
4(1026 1027 1036 1035)
4(947 956 1037 1028)
4(955 1036 1037 956)
4(1027 1028 1037 1036)
4(948 957 1038 1029)
4(956 1037 1038 957)
4(1028 1029 1038 1037)
4(949 958 1039 1030)
4(957 1038 1039 958)
4(1029 1030 1039 1038)
4(950 959 1040 1031)
4(958 1039 1040 959)
4(1030 1031 1040 1039)
4(951 960 1041 1032)
4(959 1040 1041 960)
4(1031 1032 1041 1040)
4(952 961 1042 1033)
4(960 1041 1042 961)
4(1032 1033 1042 1041)
4(961 1042 1043 962)
4(1033 1034 1043 1042)
4(955 964 1045 1036)
4(1035 1036 1045 1044)
4(956 965 1046 1037)
4(1036 1037 1046 1045)
4(957 966 1047 1038)
4(1037 1038 1047 1046)
4(958 967 1048 1039)
4(1038 1039 1048 1047)
4(959 968 1049 1040)
4(1039 1040 1049 1048)
4(960 969 1050 1041)
4(1040 1041 1050 1049)
4(961 970 1051 1042)
4(1041 1042 1051 1050)
4(1042 1043 1052 1051)
4(973 982 1063 1054)
4(981 1062 1063 982)
4(1053 1054 1063 1062)
4(974 983 1064 1055)
4(982 1063 1064 983)
4(1054 1055 1064 1063)
4(975 984 1065 1056)
4(983 1064 1065 984)
4(1055 1056 1065 1064)
4(976 985 1066 1057)
4(984 1065 1066 985)
4(1056 1057 1066 1065)
4(977 986 1067 1058)
4(985 1066 1067 986)
4(1057 1058 1067 1066)
4(978 987 1068 1059)
4(986 1067 1068 987)
4(1058 1059 1068 1067)
4(979 988 1069 1060)
4(987 1068 1069 988)
4(1059 1060 1069 1068)
4(988 1069 1070 989)
4(1060 1061 1070 1069)
4(982 991 1072 1063)
4(990 1071 1072 991)
4(1062 1063 1072 1071)
4(983 992 1073 1064)
4(991 1072 1073 992)
4(1063 1064 1073 1072)
4(984 993 1074 1065)
4(992 1073 1074 993)
4(1064 1065 1074 1073)
4(985 994 1075 1066)
4(993 1074 1075 994)
4(1065 1066 1075 1074)
4(986 995 1076 1067)
4(994 1075 1076 995)
4(1066 1067 1076 1075)
4(987 996 1077 1068)
4(995 1076 1077 996)
4(1067 1068 1077 1076)
4(988 997 1078 1069)
4(996 1077 1078 997)
4(1068 1069 1078 1077)
4(997 1078 1079 998)
4(1069 1070 1079 1078)
4(991 1000 1081 1072)
4(999 1080 1081 1000)
4(1071 1072 1081 1080)
4(992 1001 1082 1073)
4(1000 1081 1082 1001)
4(1072 1073 1082 1081)
4(993 1002 1083 1074)
4(1001 1082 1083 1002)
4(1073 1074 1083 1082)
4(994 1003 1084 1075)
4(1002 1083 1084 1003)
4(1074 1075 1084 1083)
4(995 1004 1085 1076)
4(1003 1084 1085 1004)
4(1075 1076 1085 1084)
4(996 1005 1086 1077)
4(1004 1085 1086 1005)
4(1076 1077 1086 1085)
4(997 1006 1087 1078)
4(1005 1086 1087 1006)
4(1077 1078 1087 1086)
4(1006 1087 1088 1007)
4(1078 1079 1088 1087)
4(1000 1009 1090 1081)
4(1008 1089 1090 1009)
4(1080 1081 1090 1089)
4(1001 1010 1091 1082)
4(1009 1090 1091 1010)
4(1081 1082 1091 1090)
4(1002 1011 1092 1083)
4(1010 1091 1092 1011)
4(1082 1083 1092 1091)
4(1003 1012 1093 1084)
4(1011 1092 1093 1012)
4(1083 1084 1093 1092)
4(1004 1013 1094 1085)
4(1012 1093 1094 1013)
4(1084 1085 1094 1093)
4(1005 1014 1095 1086)
4(1013 1094 1095 1014)
4(1085 1086 1095 1094)
4(1006 1015 1096 1087)
4(1014 1095 1096 1015)
4(1086 1087 1096 1095)
4(1015 1096 1097 1016)
4(1087 1088 1097 1096)
4(1009 1018 1099 1090)
4(1017 1098 1099 1018)
4(1089 1090 1099 1098)
4(1010 1019 1100 1091)
4(1018 1099 1100 1019)
4(1090 1091 1100 1099)
4(1011 1020 1101 1092)
4(1019 1100 1101 1020)
4(1091 1092 1101 1100)
4(1012 1021 1102 1093)
4(1020 1101 1102 1021)
4(1092 1093 1102 1101)
4(1013 1022 1103 1094)
4(1021 1102 1103 1022)
4(1093 1094 1103 1102)
4(1014 1023 1104 1095)
4(1022 1103 1104 1023)
4(1094 1095 1104 1103)
4(1015 1024 1105 1096)
4(1023 1104 1105 1024)
4(1095 1096 1105 1104)
4(1024 1105 1106 1025)
4(1096 1097 1106 1105)
4(1018 1027 1108 1099)
4(1026 1107 1108 1027)
4(1098 1099 1108 1107)
4(1019 1028 1109 1100)
4(1027 1108 1109 1028)
4(1099 1100 1109 1108)
4(1020 1029 1110 1101)
4(1028 1109 1110 1029)
4(1100 1101 1110 1109)
4(1021 1030 1111 1102)
4(1029 1110 1111 1030)
4(1101 1102 1111 1110)
4(1022 1031 1112 1103)
4(1030 1111 1112 1031)
4(1102 1103 1112 1111)
4(1023 1032 1113 1104)
4(1031 1112 1113 1032)
4(1103 1104 1113 1112)
4(1024 1033 1114 1105)
4(1032 1113 1114 1033)
4(1104 1105 1114 1113)
4(1033 1114 1115 1034)
4(1105 1106 1115 1114)
4(1027 1036 1117 1108)
4(1035 1116 1117 1036)
4(1107 1108 1117 1116)
4(1028 1037 1118 1109)
4(1036 1117 1118 1037)
4(1108 1109 1118 1117)
4(1029 1038 1119 1110)
4(1037 1118 1119 1038)
4(1109 1110 1119 1118)
4(1030 1039 1120 1111)
4(1038 1119 1120 1039)
4(1110 1111 1120 1119)
4(1031 1040 1121 1112)
4(1039 1120 1121 1040)
4(1111 1112 1121 1120)
4(1032 1041 1122 1113)
4(1040 1121 1122 1041)
4(1112 1113 1122 1121)
4(1033 1042 1123 1114)
4(1041 1122 1123 1042)
4(1113 1114 1123 1122)
4(1042 1123 1124 1043)
4(1114 1115 1124 1123)
4(1036 1045 1126 1117)
4(1116 1117 1126 1125)
4(1037 1046 1127 1118)
4(1117 1118 1127 1126)
4(1038 1047 1128 1119)
4(1118 1119 1128 1127)
4(1039 1048 1129 1120)
4(1119 1120 1129 1128)
4(1040 1049 1130 1121)
4(1120 1121 1130 1129)
4(1041 1050 1131 1122)
4(1121 1122 1131 1130)
4(1042 1051 1132 1123)
4(1122 1123 1132 1131)
4(1123 1124 1133 1132)
4(1054 1063 1144 1135)
4(1062 1143 1144 1063)
4(1055 1064 1145 1136)
4(1063 1144 1145 1064)
4(1056 1065 1146 1137)
4(1064 1145 1146 1065)
4(1057 1066 1147 1138)
4(1065 1146 1147 1066)
4(1058 1067 1148 1139)
4(1066 1147 1148 1067)
4(1059 1068 1149 1140)
4(1067 1148 1149 1068)
4(1060 1069 1150 1141)
4(1068 1149 1150 1069)
4(1069 1150 1151 1070)
4(1063 1072 1153 1144)
4(1071 1152 1153 1072)
4(1064 1073 1154 1145)
4(1072 1153 1154 1073)
4(1065 1074 1155 1146)
4(1073 1154 1155 1074)
4(1066 1075 1156 1147)
4(1074 1155 1156 1075)
4(1067 1076 1157 1148)
4(1075 1156 1157 1076)
4(1068 1077 1158 1149)
4(1076 1157 1158 1077)
4(1069 1078 1159 1150)
4(1077 1158 1159 1078)
4(1078 1159 1160 1079)
4(1072 1081 1162 1153)
4(1080 1161 1162 1081)
4(1073 1082 1163 1154)
4(1081 1162 1163 1082)
4(1074 1083 1164 1155)
4(1082 1163 1164 1083)
4(1075 1084 1165 1156)
4(1083 1164 1165 1084)
4(1076 1085 1166 1157)
4(1084 1165 1166 1085)
4(1077 1086 1167 1158)
4(1085 1166 1167 1086)
4(1078 1087 1168 1159)
4(1086 1167 1168 1087)
4(1087 1168 1169 1088)
4(1081 1090 1171 1162)
4(1089 1170 1171 1090)
4(1082 1091 1172 1163)
4(1090 1171 1172 1091)
4(1083 1092 1173 1164)
4(1091 1172 1173 1092)
4(1084 1093 1174 1165)
4(1092 1173 1174 1093)
4(1085 1094 1175 1166)
4(1093 1174 1175 1094)
4(1086 1095 1176 1167)
4(1094 1175 1176 1095)
4(1087 1096 1177 1168)
4(1095 1176 1177 1096)
4(1096 1177 1178 1097)
4(1090 1099 1180 1171)
4(1098 1179 1180 1099)
4(1091 1100 1181 1172)
4(1099 1180 1181 1100)
4(1092 1101 1182 1173)
4(1100 1181 1182 1101)
4(1093 1102 1183 1174)
4(1101 1182 1183 1102)
4(1094 1103 1184 1175)
4(1102 1183 1184 1103)
4(1095 1104 1185 1176)
4(1103 1184 1185 1104)
4(1096 1105 1186 1177)
4(1104 1185 1186 1105)
4(1105 1186 1187 1106)
4(1099 1108 1189 1180)
4(1107 1188 1189 1108)
4(1100 1109 1190 1181)
4(1108 1189 1190 1109)
4(1101 1110 1191 1182)
4(1109 1190 1191 1110)
4(1102 1111 1192 1183)
4(1110 1191 1192 1111)
4(1103 1112 1193 1184)
4(1111 1192 1193 1112)
4(1104 1113 1194 1185)
4(1112 1193 1194 1113)
4(1105 1114 1195 1186)
4(1113 1194 1195 1114)
4(1114 1195 1196 1115)
4(1108 1117 1198 1189)
4(1116 1197 1198 1117)
4(1109 1118 1199 1190)
4(1117 1198 1199 1118)
4(1110 1119 1200 1191)
4(1118 1199 1200 1119)
4(1111 1120 1201 1192)
4(1119 1200 1201 1120)
4(1112 1121 1202 1193)
4(1120 1201 1202 1121)
4(1113 1122 1203 1194)
4(1121 1202 1203 1122)
4(1114 1123 1204 1195)
4(1122 1203 1204 1123)
4(1123 1204 1205 1124)
4(1117 1126 1207 1198)
4(1118 1127 1208 1199)
4(1119 1128 1209 1200)
4(1120 1129 1210 1201)
4(1121 1130 1211 1202)
4(1122 1131 1212 1203)
4(1123 1132 1213 1204)
4(0 9 10 1)
4(1 10 11 2)
4(2 11 12 3)
4(3 12 13 4)
4(4 13 14 5)
4(5 14 15 6)
4(6 15 16 7)
4(7 16 17 8)
4(9 18 19 10)
4(10 19 20 11)
4(11 20 21 12)
4(12 21 22 13)
4(13 22 23 14)
4(14 23 24 15)
4(15 24 25 16)
4(16 25 26 17)
4(18 27 28 19)
4(19 28 29 20)
4(20 29 30 21)
4(21 30 31 22)
4(22 31 32 23)
4(23 32 33 24)
4(24 33 34 25)
4(25 34 35 26)
4(27 36 37 28)
4(28 37 38 29)
4(29 38 39 30)
4(30 39 40 31)
4(31 40 41 32)
4(32 41 42 33)
4(33 42 43 34)
4(34 43 44 35)
4(36 45 46 37)
4(37 46 47 38)
4(38 47 48 39)
4(39 48 49 40)
4(40 49 50 41)
4(41 50 51 42)
4(42 51 52 43)
4(43 52 53 44)
4(45 54 55 46)
4(46 55 56 47)
4(47 56 57 48)
4(48 57 58 49)
4(49 58 59 50)
4(50 59 60 51)
4(51 60 61 52)
4(52 61 62 53)
4(54 63 64 55)
4(55 64 65 56)
4(56 65 66 57)
4(57 66 67 58)
4(58 67 68 59)
4(59 68 69 60)
4(60 69 70 61)
4(61 70 71 62)
4(63 72 73 64)
4(64 73 74 65)
4(65 74 75 66)
4(66 75 76 67)
4(67 76 77 68)
4(68 77 78 69)
4(69 78 79 70)
4(70 79 80 71)
4(0 1 82 81)
4(1 2 83 82)
4(2 3 84 83)
4(3 4 85 84)
4(4 5 86 85)
4(5 6 87 86)
4(6 7 88 87)
4(7 8 89 88)
4(0 81 90 9)
4(8 17 98 89)
4(9 90 99 18)
4(17 26 107 98)
4(18 99 108 27)
4(26 35 116 107)
4(27 108 117 36)
4(35 44 125 116)
4(36 117 126 45)
4(44 53 134 125)
4(45 126 135 54)
4(53 62 143 134)
4(54 135 144 63)
4(62 71 152 143)
4(63 144 153 72)
4(72 153 154 73)
4(73 154 155 74)
4(74 155 156 75)
4(75 156 157 76)
4(76 157 158 77)
4(77 158 159 78)
4(78 159 160 79)
4(71 80 161 152)
4(79 160 161 80)
4(81 82 163 162)
4(82 83 164 163)
4(83 84 165 164)
4(84 85 166 165)
4(85 86 167 166)
4(86 87 168 167)
4(87 88 169 168)
4(88 89 170 169)
4(81 162 171 90)
4(89 98 179 170)
4(90 171 180 99)
4(98 107 188 179)
4(99 180 189 108)
4(107 116 197 188)
4(108 189 198 117)
4(116 125 206 197)
4(117 198 207 126)
4(125 134 215 206)
4(126 207 216 135)
4(134 143 224 215)
4(135 216 225 144)
4(143 152 233 224)
4(144 225 234 153)
4(153 234 235 154)
4(154 235 236 155)
4(155 236 237 156)
4(156 237 238 157)
4(157 238 239 158)
4(158 239 240 159)
4(159 240 241 160)
4(152 161 242 233)
4(160 241 242 161)
4(162 163 244 243)
4(163 164 245 244)
4(164 165 246 245)
4(165 166 247 246)
4(166 167 248 247)
4(167 168 249 248)
4(168 169 250 249)
4(169 170 251 250)
4(162 243 252 171)
4(170 179 260 251)
4(171 252 261 180)
4(179 188 269 260)
4(180 261 270 189)
4(188 197 278 269)
4(189 270 279 198)
4(197 206 287 278)
4(198 279 288 207)
4(206 215 296 287)
4(207 288 297 216)
4(215 224 305 296)
4(216 297 306 225)
4(224 233 314 305)
4(225 306 315 234)
4(234 315 316 235)
4(235 316 317 236)
4(236 317 318 237)
4(237 318 319 238)
4(238 319 320 239)
4(239 320 321 240)
4(240 321 322 241)
4(233 242 323 314)
4(241 322 323 242)
4(243 244 325 324)
4(244 245 326 325)
4(245 246 327 326)
4(246 247 328 327)
4(247 248 329 328)
4(248 249 330 329)
4(249 250 331 330)
4(250 251 332 331)
4(243 324 333 252)
4(251 260 341 332)
4(252 333 342 261)
4(260 269 350 341)
4(261 342 351 270)
4(269 278 359 350)
4(270 351 360 279)
4(278 287 368 359)
4(279 360 369 288)
4(287 296 377 368)
4(288 369 378 297)
4(296 305 386 377)
4(297 378 387 306)
4(305 314 395 386)
4(306 387 396 315)
4(315 396 397 316)
4(316 397 398 317)
4(317 398 399 318)
4(318 399 400 319)
4(319 400 401 320)
4(320 401 402 321)
4(321 402 403 322)
4(314 323 404 395)
4(322 403 404 323)
4(324 325 406 405)
4(325 326 407 406)
4(326 327 408 407)
4(327 328 409 408)
4(328 329 410 409)
4(329 330 411 410)
4(330 331 412 411)
4(331 332 413 412)
4(324 405 414 333)
4(332 341 422 413)
4(333 414 423 342)
4(341 350 431 422)
4(342 423 432 351)
4(350 359 440 431)
4(351 432 441 360)
4(359 368 449 440)
4(360 441 450 369)
4(368 377 458 449)
4(369 450 459 378)
4(377 386 467 458)
4(378 459 468 387)
4(386 395 476 467)
4(387 468 477 396)
4(396 477 478 397)
4(397 478 479 398)
4(398 479 480 399)
4(399 480 481 400)
4(400 481 482 401)
4(401 482 483 402)
4(402 483 484 403)
4(395 404 485 476)
4(403 484 485 404)
4(405 406 487 486)
4(406 407 488 487)
4(407 408 489 488)
4(408 409 490 489)
4(409 410 491 490)
4(410 411 492 491)
4(411 412 493 492)
4(412 413 494 493)
4(405 486 495 414)
4(413 422 503 494)
4(414 495 504 423)
4(422 431 512 503)
4(423 504 513 432)
4(431 440 521 512)
4(432 513 522 441)
4(440 449 530 521)
4(441 522 531 450)
4(449 458 539 530)
4(450 531 540 459)
4(458 467 548 539)
4(459 540 549 468)
4(467 476 557 548)
4(468 549 558 477)
4(477 558 559 478)
4(478 559 560 479)
4(479 560 561 480)
4(480 561 562 481)
4(481 562 563 482)
4(482 563 564 483)
4(483 564 565 484)
4(476 485 566 557)
4(484 565 566 485)
4(486 487 568 567)
4(487 488 569 568)
4(488 489 570 569)
4(489 490 571 570)
4(490 491 572 571)
4(491 492 573 572)
4(492 493 574 573)
4(493 494 575 574)
4(486 567 576 495)
4(494 503 584 575)
4(495 576 585 504)
4(503 512 593 584)
4(504 585 594 513)
4(512 521 602 593)
4(513 594 603 522)
4(521 530 611 602)
4(522 603 612 531)
4(530 539 620 611)
4(531 612 621 540)
4(539 548 629 620)
4(540 621 630 549)
4(548 557 638 629)
4(549 630 639 558)
4(558 639 640 559)
4(559 640 641 560)
4(560 641 642 561)
4(561 642 643 562)
4(562 643 644 563)
4(563 644 645 564)
4(564 645 646 565)
4(557 566 647 638)
4(565 646 647 566)
4(567 568 649 648)
4(568 569 650 649)
4(569 570 651 650)
4(570 571 652 651)
4(571 572 653 652)
4(572 573 654 653)
4(573 574 655 654)
4(574 575 656 655)
4(567 648 657 576)
4(575 584 665 656)
4(576 657 666 585)
4(584 593 674 665)
4(585 666 675 594)
4(593 602 683 674)
4(594 675 684 603)
4(602 611 692 683)
4(603 684 693 612)
4(611 620 701 692)
4(612 693 702 621)
4(620 629 710 701)
4(621 702 711 630)
4(629 638 719 710)
4(630 711 720 639)
4(639 720 721 640)
4(640 721 722 641)
4(641 722 723 642)
4(642 723 724 643)
4(643 724 725 644)
4(644 725 726 645)
4(645 726 727 646)
4(638 647 728 719)
4(646 727 728 647)
4(648 649 730 729)
4(649 650 731 730)
4(650 651 732 731)
4(651 652 733 732)
4(652 653 734 733)
4(653 654 735 734)
4(654 655 736 735)
4(655 656 737 736)
4(648 729 738 657)
4(656 665 746 737)
4(657 738 747 666)
4(665 674 755 746)
4(666 747 756 675)
4(674 683 764 755)
4(675 756 765 684)
4(683 692 773 764)
4(684 765 774 693)
4(692 701 782 773)
4(693 774 783 702)
4(701 710 791 782)
4(702 783 792 711)
4(710 719 800 791)
4(711 792 801 720)
4(720 801 802 721)
4(721 802 803 722)
4(722 803 804 723)
4(723 804 805 724)
4(724 805 806 725)
4(725 806 807 726)
4(726 807 808 727)
4(719 728 809 800)
4(727 808 809 728)
4(729 730 811 810)
4(730 731 812 811)
4(731 732 813 812)
4(732 733 814 813)
4(733 734 815 814)
4(734 735 816 815)
4(735 736 817 816)
4(736 737 818 817)
4(729 810 819 738)
4(737 746 827 818)
4(738 819 828 747)
4(746 755 836 827)
4(747 828 837 756)
4(755 764 845 836)
4(756 837 846 765)
4(764 773 854 845)
4(765 846 855 774)
4(773 782 863 854)
4(774 855 864 783)
4(782 791 872 863)
4(783 864 873 792)
4(791 800 881 872)
4(792 873 882 801)
4(801 882 883 802)
4(802 883 884 803)
4(803 884 885 804)
4(804 885 886 805)
4(805 886 887 806)
4(806 887 888 807)
4(807 888 889 808)
4(800 809 890 881)
4(808 889 890 809)
4(810 811 892 891)
4(811 812 893 892)
4(812 813 894 893)
4(813 814 895 894)
4(814 815 896 895)
4(815 816 897 896)
4(816 817 898 897)
4(817 818 899 898)
4(810 891 900 819)
4(818 827 908 899)
4(819 900 909 828)
4(827 836 917 908)
4(828 909 918 837)
4(836 845 926 917)
4(837 918 927 846)
4(845 854 935 926)
4(846 927 936 855)
4(854 863 944 935)
4(855 936 945 864)
4(863 872 953 944)
4(864 945 954 873)
4(872 881 962 953)
4(873 954 963 882)
4(882 963 964 883)
4(883 964 965 884)
4(884 965 966 885)
4(885 966 967 886)
4(886 967 968 887)
4(887 968 969 888)
4(888 969 970 889)
4(881 890 971 962)
4(889 970 971 890)
4(891 892 973 972)
4(892 893 974 973)
4(893 894 975 974)
4(894 895 976 975)
4(895 896 977 976)
4(896 897 978 977)
4(897 898 979 978)
4(898 899 980 979)
4(891 972 981 900)
4(899 908 989 980)
4(900 981 990 909)
4(908 917 998 989)
4(909 990 999 918)
4(917 926 1007 998)
4(918 999 1008 927)
4(926 935 1016 1007)
4(927 1008 1017 936)
4(935 944 1025 1016)
4(936 1017 1026 945)
4(944 953 1034 1025)
4(945 1026 1035 954)
4(953 962 1043 1034)
4(954 1035 1044 963)
4(963 1044 1045 964)
4(964 1045 1046 965)
4(965 1046 1047 966)
4(966 1047 1048 967)
4(967 1048 1049 968)
4(968 1049 1050 969)
4(969 1050 1051 970)
4(962 971 1052 1043)
4(970 1051 1052 971)
4(972 973 1054 1053)
4(973 974 1055 1054)
4(974 975 1056 1055)
4(975 976 1057 1056)
4(976 977 1058 1057)
4(977 978 1059 1058)
4(978 979 1060 1059)
4(979 980 1061 1060)
4(972 1053 1062 981)
4(980 989 1070 1061)
4(981 1062 1071 990)
4(989 998 1079 1070)
4(990 1071 1080 999)
4(998 1007 1088 1079)
4(999 1080 1089 1008)
4(1007 1016 1097 1088)
4(1008 1089 1098 1017)
4(1016 1025 1106 1097)
4(1017 1098 1107 1026)
4(1025 1034 1115 1106)
4(1026 1107 1116 1035)
4(1034 1043 1124 1115)
4(1035 1116 1125 1044)
4(1044 1125 1126 1045)
4(1045 1126 1127 1046)
4(1046 1127 1128 1047)
4(1047 1128 1129 1048)
4(1048 1129 1130 1049)
4(1049 1130 1131 1050)
4(1050 1131 1132 1051)
4(1043 1052 1133 1124)
4(1051 1132 1133 1052)
4(1053 1054 1135 1134)
4(1054 1055 1136 1135)
4(1055 1056 1137 1136)
4(1056 1057 1138 1137)
4(1057 1058 1139 1138)
4(1058 1059 1140 1139)
4(1059 1060 1141 1140)
4(1060 1061 1142 1141)
4(1053 1134 1143 1062)
4(1134 1135 1144 1143)
4(1135 1136 1145 1144)
4(1136 1137 1146 1145)
4(1137 1138 1147 1146)
4(1138 1139 1148 1147)
4(1139 1140 1149 1148)
4(1140 1141 1150 1149)
4(1061 1070 1151 1142)
4(1141 1142 1151 1150)
4(1062 1143 1152 1071)
4(1143 1144 1153 1152)
4(1144 1145 1154 1153)
4(1145 1146 1155 1154)
4(1146 1147 1156 1155)
4(1147 1148 1157 1156)
4(1148 1149 1158 1157)
4(1149 1150 1159 1158)
4(1070 1079 1160 1151)
4(1150 1151 1160 1159)
4(1071 1152 1161 1080)
4(1152 1153 1162 1161)
4(1153 1154 1163 1162)
4(1154 1155 1164 1163)
4(1155 1156 1165 1164)
4(1156 1157 1166 1165)
4(1157 1158 1167 1166)
4(1158 1159 1168 1167)
4(1079 1088 1169 1160)
4(1159 1160 1169 1168)
4(1080 1161 1170 1089)
4(1161 1162 1171 1170)
4(1162 1163 1172 1171)
4(1163 1164 1173 1172)
4(1164 1165 1174 1173)
4(1165 1166 1175 1174)
4(1166 1167 1176 1175)
4(1167 1168 1177 1176)
4(1088 1097 1178 1169)
4(1168 1169 1178 1177)
4(1089 1170 1179 1098)
4(1170 1171 1180 1179)
4(1171 1172 1181 1180)
4(1172 1173 1182 1181)
4(1173 1174 1183 1182)
4(1174 1175 1184 1183)
4(1175 1176 1185 1184)
4(1176 1177 1186 1185)
4(1097 1106 1187 1178)
4(1177 1178 1187 1186)
4(1098 1179 1188 1107)
4(1179 1180 1189 1188)
4(1180 1181 1190 1189)
4(1181 1182 1191 1190)
4(1182 1183 1192 1191)
4(1183 1184 1193 1192)
4(1184 1185 1194 1193)
4(1185 1186 1195 1194)
4(1106 1115 1196 1187)
4(1186 1187 1196 1195)
4(1107 1188 1197 1116)
4(1188 1189 1198 1197)
4(1189 1190 1199 1198)
4(1190 1191 1200 1199)
4(1191 1192 1201 1200)
4(1192 1193 1202 1201)
4(1193 1194 1203 1202)
4(1194 1195 1204 1203)
4(1115 1124 1205 1196)
4(1195 1196 1205 1204)
4(1116 1197 1206 1125)
4(1125 1206 1207 1126)
4(1197 1198 1207 1206)
4(1126 1207 1208 1127)
4(1198 1199 1208 1207)
4(1127 1208 1209 1128)
4(1199 1200 1209 1208)
4(1128 1209 1210 1129)
4(1200 1201 1210 1209)
4(1129 1210 1211 1130)
4(1201 1202 1211 1210)
4(1130 1211 1212 1131)
4(1202 1203 1212 1211)
4(1131 1212 1213 1132)
4(1203 1204 1213 1212)
4(1124 1133 1214 1205)
4(1132 1213 1214 1133)
4(1204 1205 1214 1213)
)


// ************************************************************************* //
