/*--------------------------------*- C++ -*----------------------------------*\
| =========                 |                                                 |
| \\      /  F ield         | OpenFOAM: The Open Source CFD Toolbox           |
|  \\    /   O peration     | Version:  v2012                                 |
|   \\  /    A nd           | Website:  www.openfoam.com                      |
|    \\/     M anipulation  |                                                 |
\*---------------------------------------------------------------------------*/
FoamFile
{
    version     2.0;
    format      ascii;
    class       labelList;
    location    "constant/buildings/polyMesh";
    object      faceRegionAddressing;
}
// * * * * * * * * * * * * * * * * * * * * * * * * * * * * * * * * * * * * * //


2976
(
224093
224094
224095
224096
224097
224098
224099
224100
224101
224102
224103
224104
224105
224106
224107
224108
224109
224110
224111
224112
224113
224115
224116
224362
224363
224364
224365
224366
224367
224368
224369
224370
224371
224372
224373
224374
224375
224376
224377
224378
224379
224380
224381
224382
224384
224385
224631
224632
224633
224634
224635
224636
224637
224638
224639
224640
224641
224642
224643
224644
224645
224646
224647
224648
224649
224650
224651
224653
224654
224900
224901
224902
224903
224904
224905
224906
224907
224908
224909
224910
224911
224912
224913
224914
224915
224916
224917
224918
224919
224920
224922
224923
225169
225170
225171
225172
225173
225174
225175
225176
225177
225178
225179
225180
225181
225182
225183
225184
225185
225186
225187
225188
225189
225191
225192
225438
225439
225440
225441
225442
225443
225444
225445
225446
225447
225448
225449
225450
225451
225452
225453
225454
225455
225456
225457
225458
225460
225461
225707
225708
225709
225710
225711
225712
225713
225714
225715
225716
225717
225718
225719
225720
225721
225722
225723
225724
225725
225726
225727
225729
225730
225976
225978
225979
225981
225982
225984
225985
225987
225988
225990
225991
225993
225994
225996
225999
245523
245524
245525
245526
245527
245528
245529
245530
245531
245532
245533
245534
245535
245536
245537
245538
245539
245540
245541
245542
245543
245545
245546
245792
245793
245794
245795
245796
245797
245798
245799
245800
245801
245802
245803
245804
245805
245806
245807
245808
245809
245810
245811
245812
245814
245815
246061
246062
246063
246064
246065
246066
246067
246068
246069
246070
246071
246072
246073
246074
246075
246076
246077
246078
246079
246080
246081
246083
246084
246330
246331
246332
246333
246334
246335
246336
246337
246338
246339
246340
246341
246342
246343
246344
246345
246346
246347
246348
246349
246350
246352
246353
246599
246600
246601
246602
246603
246604
246605
246606
246607
246608
246609
246610
246611
246612
246613
246614
246615
246616
246617
246618
246619
246621
246622
246868
246869
246870
246871
246872
246873
246874
246875
246876
246877
246878
246879
246880
246881
246882
246883
246884
246885
246886
246887
246888
246890
246891
247137
247138
247139
247140
247141
247142
247143
247144
247145
247146
247147
247148
247149
247150
247151
247152
247153
247154
247155
247156
247157
247159
247160
247406
247408
247409
247411
247412
247414
247415
247417
247418
247420
247421
247423
247424
247426
247429
266953
266954
266955
266956
266957
266958
266959
266960
266961
266962
266963
266964
266965
266966
266967
266968
266969
266970
266971
266972
266973
266975
266976
267222
267223
267224
267225
267226
267227
267228
267229
267230
267231
267232
267233
267234
267235
267236
267237
267238
267239
267240
267241
267242
267244
267245
267491
267492
267493
267494
267495
267496
267497
267498
267499
267500
267501
267502
267503
267504
267505
267506
267507
267508
267509
267510
267511
267513
267514
267760
267761
267762
267763
267764
267765
267766
267767
267768
267769
267770
267771
267772
267773
267774
267775
267776
267777
267778
267779
267780
267782
267783
268029
268030
268031
268032
268033
268034
268035
268036
268037
268038
268039
268040
268041
268042
268043
268044
268045
268046
268047
268048
268049
268051
268052
268298
268299
268300
268301
268302
268303
268304
268305
268306
268307
268308
268309
268310
268311
268312
268313
268314
268315
268316
268317
268318
268320
268321
268567
268568
268569
268570
268571
268572
268573
268574
268575
268576
268577
268578
268579
268580
268581
268582
268583
268584
268585
268586
268587
268589
268590
268836
268838
268839
268841
268842
268844
268845
268847
268848
268850
268851
268853
268854
268856
268859
288383
288384
288385
288386
288387
288388
288389
288390
288391
288392
288393
288394
288395
288396
288397
288398
288399
288400
288401
288402
288403
288405
288406
288652
288653
288654
288655
288656
288657
288658
288659
288660
288661
288662
288663
288664
288665
288666
288667
288668
288669
288670
288671
288672
288674
288675
288921
288922
288923
288924
288925
288926
288927
288928
288929
288930
288931
288932
288933
288934
288935
288936
288937
288938
288939
288940
288941
288943
288944
289190
289191
289192
289193
289194
289195
289196
289197
289198
289199
289200
289201
289202
289203
289204
289205
289206
289207
289208
289209
289210
289212
289213
289459
289460
289461
289462
289463
289464
289465
289466
289467
289468
289469
289470
289471
289472
289473
289474
289475
289476
289477
289478
289479
289481
289482
289728
289729
289730
289731
289732
289733
289734
289735
289736
289737
289738
289739
289740
289741
289742
289743
289744
289745
289746
289747
289748
289750
289751
289997
289998
289999
290000
290001
290002
290003
290004
290005
290006
290007
290008
290009
290010
290011
290012
290013
290014
290015
290016
290017
290019
290020
290266
290268
290269
290271
290272
290274
290275
290277
290278
290280
290281
290283
290284
290286
290289
309813
309814
309815
309816
309817
309818
309819
309820
309821
309822
309823
309824
309825
309826
309827
309828
309829
309830
309831
309832
309833
309835
309836
310082
310083
310084
310085
310086
310087
310088
310089
310090
310091
310092
310093
310094
310095
310096
310097
310098
310099
310100
310101
310102
310104
310105
310351
310352
310353
310354
310355
310356
310357
310358
310359
310360
310361
310362
310363
310364
310365
310366
310367
310368
310369
310370
310371
310373
310374
310620
310621
310622
310623
310624
310625
310626
310627
310628
310629
310630
310631
310632
310633
310634
310635
310636
310637
310638
310639
310640
310642
310643
310889
310890
310891
310892
310893
310894
310895
310896
310897
310898
310899
310900
310901
310902
310903
310904
310905
310906
310907
310908
310909
310911
310912
311158
311159
311160
311161
311162
311163
311164
311165
311166
311167
311168
311169
311170
311171
311172
311173
311174
311175
311176
311177
311178
311180
311181
311427
311428
311429
311430
311431
311432
311433
311434
311435
311436
311437
311438
311439
311440
311441
311442
311443
311444
311445
311446
311447
311449
311450
311696
311698
311699
311701
311702
311704
311705
311707
311708
311710
311711
311713
311714
311716
311719
331243
331244
331245
331246
331247
331248
331249
331250
331251
331252
331253
331254
331255
331256
331257
331258
331259
331260
331261
331262
331263
331265
331266
331512
331513
331514
331515
331516
331517
331518
331519
331520
331521
331522
331523
331524
331525
331526
331527
331528
331529
331530
331531
331532
331534
331535
331781
331782
331783
331784
331785
331786
331787
331788
331789
331790
331791
331792
331793
331794
331795
331796
331797
331798
331799
331800
331801
331803
331804
332050
332051
332052
332053
332054
332055
332056
332057
332058
332059
332060
332061
332062
332063
332064
332065
332066
332067
332068
332069
332070
332072
332073
332319
332320
332321
332322
332323
332324
332325
332326
332327
332328
332329
332330
332331
332332
332333
332334
332335
332336
332337
332338
332339
332341
332342
332588
332589
332590
332591
332592
332593
332594
332595
332596
332597
332598
332599
332600
332601
332602
332603
332604
332605
332606
332607
332608
332610
332611
332857
332858
332859
332860
332861
332862
332863
332864
332865
332866
332867
332868
332869
332870
332871
332872
332873
332874
332875
332876
332877
332879
332880
333126
333128
333129
333131
333132
333134
333135
333137
333138
333140
333141
333143
333144
333146
333149
352673
352674
352675
352676
352677
352678
352679
352680
352681
352682
352683
352684
352685
352686
352687
352688
352689
352690
352691
352692
352693
352695
352696
352942
352943
352944
352945
352946
352947
352948
352949
352950
352951
352952
352953
352954
352955
352956
352957
352958
352959
352960
352961
352962
352964
352965
353211
353212
353213
353214
353215
353216
353217
353218
353219
353220
353221
353222
353223
353224
353225
353226
353227
353228
353229
353230
353231
353233
353234
353480
353481
353482
353483
353484
353485
353486
353487
353488
353489
353490
353491
353492
353493
353494
353495
353496
353497
353498
353499
353500
353502
353503
353749
353750
353751
353752
353753
353754
353755
353756
353757
353758
353759
353760
353761
353762
353763
353764
353765
353766
353767
353768
353769
353771
353772
354018
354019
354020
354021
354022
354023
354024
354025
354026
354027
354028
354029
354030
354031
354032
354033
354034
354035
354036
354037
354038
354040
354041
354287
354288
354289
354290
354291
354292
354293
354294
354295
354296
354297
354298
354299
354300
354301
354302
354303
354304
354305
354306
354307
354309
354310
354556
354558
354559
354561
354562
354564
354565
354567
354568
354570
354571
354573
354574
354576
354579
374103
374104
374105
374106
374107
374108
374109
374110
374111
374112
374113
374114
374115
374116
374117
374118
374119
374120
374121
374122
374123
374125
374126
374372
374373
374374
374375
374376
374377
374378
374379
374380
374381
374382
374383
374384
374385
374386
374387
374388
374389
374390
374391
374392
374394
374395
374641
374642
374643
374644
374645
374646
374647
374648
374649
374650
374651
374652
374653
374654
374655
374656
374657
374658
374659
374660
374661
374663
374664
374910
374911
374912
374913
374914
374915
374916
374917
374918
374919
374920
374921
374922
374923
374924
374925
374926
374927
374928
374929
374930
374932
374933
375179
375180
375181
375182
375183
375184
375185
375186
375187
375188
375189
375190
375191
375192
375193
375194
375195
375196
375197
375198
375199
375201
375202
375448
375449
375450
375451
375452
375453
375454
375455
375456
375457
375458
375459
375460
375461
375462
375463
375464
375465
375466
375467
375468
375470
375471
375717
375718
375719
375720
375721
375722
375723
375724
375725
375726
375727
375728
375729
375730
375731
375732
375733
375734
375735
375736
375737
375739
375740
375986
375988
375989
375991
375992
375994
375995
375997
375998
376000
376001
376003
376004
376006
376009
395533
395534
395535
395536
395537
395538
395539
395540
395541
395542
395543
395544
395545
395546
395547
395548
395549
395550
395551
395552
395553
395555
395556
395802
395803
395804
395805
395806
395807
395808
395809
395810
395811
395812
395813
395814
395815
395816
395817
395818
395819
395820
395821
395822
395824
395825
396071
396072
396073
396074
396075
396076
396077
396078
396079
396080
396081
396082
396083
396084
396085
396086
396087
396088
396089
396090
396091
396093
396094
396340
396341
396342
396343
396344
396345
396346
396347
396348
396349
396350
396351
396352
396353
396354
396355
396356
396357
396358
396359
396360
396362
396363
396609
396610
396611
396612
396613
396614
396615
396616
396617
396618
396619
396620
396621
396622
396623
396624
396625
396626
396627
396628
396629
396631
396632
396878
396879
396880
396881
396882
396883
396884
396885
396886
396887
396888
396889
396890
396891
396892
396893
396894
396895
396896
396897
396898
396900
396901
397147
397148
397149
397150
397151
397152
397153
397154
397155
397156
397157
397158
397159
397160
397161
397162
397163
397164
397165
397166
397167
397169
397170
397416
397418
397419
397421
397422
397424
397425
397427
397428
397430
397431
397433
397434
397436
397439
416963
416964
416965
416966
416967
416968
416969
416970
416971
416972
416973
416974
416975
416976
416977
416978
416979
416980
416981
416982
416983
416985
416986
417232
417233
417234
417235
417236
417237
417238
417239
417240
417241
417242
417243
417244
417245
417246
417247
417248
417249
417250
417251
417252
417254
417255
417501
417502
417503
417504
417505
417506
417507
417508
417509
417510
417511
417512
417513
417514
417515
417516
417517
417518
417519
417520
417521
417523
417524
417770
417771
417772
417773
417774
417775
417776
417777
417778
417779
417780
417781
417782
417783
417784
417785
417786
417787
417788
417789
417790
417792
417793
418039
418040
418041
418042
418043
418044
418045
418046
418047
418048
418049
418050
418051
418052
418053
418054
418055
418056
418057
418058
418059
418061
418062
418308
418309
418310
418311
418312
418313
418314
418315
418316
418317
418318
418319
418320
418321
418322
418323
418324
418325
418326
418327
418328
418330
418331
418577
418578
418579
418580
418581
418582
418583
418584
418585
418586
418587
418588
418589
418590
418591
418592
418593
418594
418595
418596
418597
418599
418600
418846
418848
418849
418851
418852
418854
418855
418857
418858
418860
418861
418863
418864
418866
418869
438393
438394
438395
438396
438397
438398
438399
438400
438401
438402
438403
438404
438405
438406
438407
438408
438409
438410
438411
438412
438413
438415
438416
438662
438663
438664
438665
438666
438667
438668
438669
438670
438671
438672
438673
438674
438675
438676
438677
438678
438679
438680
438681
438682
438684
438685
438931
438932
438933
438934
438935
438936
438937
438938
438939
438940
438941
438942
438943
438944
438945
438946
438947
438948
438949
438950
438951
438953
438954
439200
439201
439202
439203
439204
439205
439206
439207
439208
439209
439210
439211
439212
439213
439214
439215
439216
439217
439218
439219
439220
439222
439223
439469
439470
439471
439472
439473
439474
439475
439476
439477
439478
439479
439480
439481
439482
439483
439484
439485
439486
439487
439488
439489
439491
439492
439738
439739
439740
439741
439742
439743
439744
439745
439746
439747
439748
439749
439750
439751
439752
439753
439754
439755
439756
439757
439758
439760
439761
440007
440008
440009
440010
440011
440012
440013
440014
440015
440016
440017
440018
440019
440020
440021
440022
440023
440024
440025
440026
440027
440029
440030
440276
440278
440279
440281
440282
440284
440285
440287
440288
440290
440291
440293
440294
440296
440299
459823
459824
459825
459826
459827
459828
459829
459830
459831
459832
459833
459834
459835
459836
459837
459838
459839
459840
459841
459842
459843
459845
459846
460092
460093
460094
460095
460096
460097
460098
460099
460100
460101
460102
460103
460104
460105
460106
460107
460108
460109
460110
460111
460112
460114
460115
460361
460362
460363
460364
460365
460366
460367
460368
460369
460370
460371
460372
460373
460374
460375
460376
460377
460378
460379
460380
460381
460383
460384
460630
460631
460632
460633
460634
460635
460636
460637
460638
460639
460640
460641
460642
460643
460644
460645
460646
460647
460648
460649
460650
460652
460653
460899
460900
460901
460902
460903
460904
460905
460906
460907
460908
460909
460910
460911
460912
460913
460914
460915
460916
460917
460918
460919
460921
460922
461168
461169
461170
461171
461172
461173
461174
461175
461176
461177
461178
461179
461180
461181
461182
461183
461184
461185
461186
461187
461188
461190
461191
461437
461438
461439
461440
461441
461442
461443
461444
461445
461446
461447
461448
461449
461450
461451
461452
461453
461454
461455
461456
461457
461459
461460
461706
461708
461709
461711
461712
461714
461715
461717
461718
461720
461721
461723
461724
461726
461729
481253
481254
481255
481256
481257
481258
481259
481260
481261
481262
481263
481264
481265
481266
481267
481268
481269
481270
481271
481272
481273
481275
481276
481522
481523
481524
481525
481526
481527
481528
481529
481530
481531
481532
481533
481534
481535
481536
481537
481538
481539
481540
481541
481542
481544
481545
481791
481792
481793
481794
481795
481796
481797
481798
481799
481800
481801
481802
481803
481804
481805
481806
481807
481808
481809
481810
481811
481813
481814
482060
482061
482062
482063
482064
482065
482066
482067
482068
482069
482070
482071
482072
482073
482074
482075
482076
482077
482078
482079
482080
482082
482083
482329
482330
482331
482332
482333
482334
482335
482336
482337
482338
482339
482340
482341
482342
482343
482344
482345
482346
482347
482348
482349
482351
482352
482598
482599
482600
482601
482602
482603
482604
482605
482606
482607
482608
482609
482610
482611
482612
482613
482614
482615
482616
482617
482618
482620
482621
482867
482868
482869
482870
482871
482872
482873
482874
482875
482876
482877
482878
482879
482880
482881
482882
482883
482884
482885
482886
482887
482889
482890
483136
483138
483139
483141
483142
483144
483145
483147
483148
483150
483151
483153
483154
483156
483159
502683
502684
502686
502687
502689
502690
502692
502693
502695
502696
502698
502699
502701
502702
502705
502952
502953
502955
502956
502958
502959
502961
502962
502964
502965
502967
502968
502970
502971
502974
503221
503222
503224
503225
503227
503228
503230
503231
503233
503234
503236
503237
503239
503240
503243
503490
503491
503493
503494
503496
503497
503499
503500
503502
503503
503505
503506
503508
503509
503512
503759
503760
503762
503763
503765
503766
503768
503769
503771
503772
503774
503775
503777
503778
503781
504028
504029
504031
504032
504034
504035
504037
504038
504040
504041
504043
504044
504046
504047
504050
504297
504298
504300
504301
504303
504304
504306
504307
504309
504310
504312
504313
504315
504316
504319
504566
504569
504572
504575
504578
504581
504584
-202665
-202668
-202671
-202674
-202677
-202680
-202683
-202686
-202934
-202937
-202940
-202943
-202946
-202949
-202952
-202955
-203203
-203206
-203209
-203212
-203215
-203218
-203221
-203224
-203472
-203475
-203478
-203481
-203484
-203487
-203490
-203493
-203741
-203744
-203747
-203750
-203753
-203756
-203759
-203762
-204010
-204013
-204016
-204019
-204022
-204025
-204028
-204031
-204279
-204282
-204285
-204288
-204291
-204294
-204297
-204300
-204548
-204551
-204554
-204557
-204560
-204563
-204566
-204569
-223825
-223828
-223831
-223834
-223837
-223840
-223843
-223846
-224090
224114
-224359
224383
-224628
224652
-224897
224921
-225166
225190
-225435
225459
-225704
225728
-225973
225977
225980
225983
225986
225989
225992
225995
225997
225998
-245255
-245258
-245261
-245264
-245267
-245270
-245273
-245276
-245520
245544
-245789
245813
-246058
246082
-246327
246351
-246596
246620
-246865
246889
-247134
247158
-247403
247407
247410
247413
247416
247419
247422
247425
247427
247428
-266685
-266688
-266691
-266694
-266697
-266700
-266703
-266706
-266950
266974
-267219
267243
-267488
267512
-267757
267781
-268026
268050
-268295
268319
-268564
268588
-268833
268837
268840
268843
268846
268849
268852
268855
268857
268858
-288115
-288118
-288121
-288124
-288127
-288130
-288133
-288136
-288380
288404
-288649
288673
-288918
288942
-289187
289211
-289456
289480
-289725
289749
-289994
290018
-290263
290267
290270
290273
290276
290279
290282
290285
290287
290288
-309545
-309548
-309551
-309554
-309557
-309560
-309563
-309566
-309810
309834
-310079
310103
-310348
310372
-310617
310641
-310886
310910
-311155
311179
-311424
311448
-311693
311697
311700
311703
311706
311709
311712
311715
311717
311718
-330975
-330978
-330981
-330984
-330987
-330990
-330993
-330996
-331240
331264
-331509
331533
-331778
331802
-332047
332071
-332316
332340
-332585
332609
-332854
332878
-333123
333127
333130
333133
333136
333139
333142
333145
333147
333148
-352405
-352408
-352411
-352414
-352417
-352420
-352423
-352426
-352670
352694
-352939
352963
-353208
353232
-353477
353501
-353746
353770
-354015
354039
-354284
354308
-354553
354557
354560
354563
354566
354569
354572
354575
354577
354578
-373835
-373838
-373841
-373844
-373847
-373850
-373853
-373856
-374100
374124
-374369
374393
-374638
374662
-374907
374931
-375176
375200
-375445
375469
-375714
375738
-375983
375987
375990
375993
375996
375999
376002
376005
376007
376008
-395265
-395268
-395271
-395274
-395277
-395280
-395283
-395286
-395530
395554
-395799
395823
-396068
396092
-396337
396361
-396606
396630
-396875
396899
-397144
397168
-397413
397417
397420
397423
397426
397429
397432
397435
397437
397438
-416695
-416698
-416701
-416704
-416707
-416710
-416713
-416716
-416960
416984
-417229
417253
-417498
417522
-417767
417791
-418036
418060
-418305
418329
-418574
418598
-418843
418847
418850
418853
418856
418859
418862
418865
418867
418868
-438125
-438128
-438131
-438134
-438137
-438140
-438143
-438146
-438390
438414
-438659
438683
-438928
438952
-439197
439221
-439466
439490
-439735
439759
-440004
440028
-440273
440277
440280
440283
440286
440289
440292
440295
440297
440298
-459555
-459558
-459561
-459564
-459567
-459570
-459573
-459576
-459820
459844
-460089
460113
-460358
460382
-460627
460651
-460896
460920
-461165
461189
-461434
461458
-461703
461707
461710
461713
461716
461719
461722
461725
461727
461728
-480985
-480988
-480991
-480994
-480997
-481000
-481003
-481006
-481250
481274
-481519
481543
-481788
481812
-482057
482081
-482326
482350
-482595
482619
-482864
482888
-483133
483137
483140
483143
483146
483149
483152
483155
483157
483158
-502415
-502418
-502421
-502424
-502427
-502430
-502433
-502436
-502680
502685
502688
502691
502694
502697
502700
502703
502704
502706
-502949
502954
502957
502960
502963
502966
502969
502972
502973
502975
-503218
503223
503226
503229
503232
503235
503238
503241
503242
503244
-503487
503492
503495
503498
503501
503504
503507
503510
503511
503513
-503756
503761
503764
503767
503770
503773
503776
503779
503780
503782
-504025
504030
504033
504036
504039
504042
504045
504048
504049
504051
-504294
504299
504302
504305
504308
504311
504314
504317
504318
504320
-504563
504567
504568
504570
504571
504573
504574
504576
504577
504579
504580
504582
504583
504585
504586
504587
504588
504589
)


// ************************************************************************* //
