/*--------------------------------*- C++ -*----------------------------------*\
| =========                 |                                                 |
| \\      /  F ield         | OpenFOAM: The Open Source CFD Toolbox           |
|  \\    /   O peration     | Version:  v2012                                 |
|   \\  /    A nd           | Website:  www.openfoam.com                      |
|    \\/     M anipulation  |                                                 |
\*---------------------------------------------------------------------------*/
FoamFile
{
    version     2.0;
    format      ascii;
    class       labelList;
    note        "nPoints:1215  nCells:896  nFaces:2976  nInternalFaces:2400";
    location    "constant/buildings/polyMesh";
    object      neighbour;
}
// * * * * * * * * * * * * * * * * * * * * * * * * * * * * * * * * * * * * * //


2400
(
1
8
64
2
9
65
3
10
66
4
11
67
5
12
68
6
13
69
7
14
70
15
71
9
16
72
10
17
73
11
18
74
12
19
75
13
20
76
14
21
77
15
22
78
23
79
17
24
80
18
25
81
19
26
82
20
27
83
21
28
84
22
29
85
23
30
86
31
87
25
32
88
26
33
89
27
34
90
28
35
91
29
36
92
30
37
93
31
38
94
39
95
33
40
96
34
41
97
35
42
98
36
43
99
37
44
100
38
45
101
39
46
102
47
103
41
48
104
42
49
105
43
50
106
44
51
107
45
52
108
46
53
109
47
54
110
55
111
49
56
112
50
57
113
51
58
114
52
59
115
53
60
116
54
61
117
55
62
118
63
119
57
120
58
121
59
122
60
123
61
124
62
125
63
126
127
65
72
128
66
73
129
67
74
130
68
75
131
69
76
132
70
77
133
71
78
134
79
135
73
80
136
74
81
137
75
82
138
76
83
139
77
84
140
78
85
141
79
86
142
87
143
81
88
144
82
89
145
83
90
146
84
91
147
85
92
148
86
93
149
87
94
150
95
151
89
96
152
90
97
153
91
98
154
92
99
155
93
100
156
94
101
157
95
102
158
103
159
97
104
160
98
105
161
99
106
162
100
107
163
101
108
164
102
109
165
103
110
166
111
167
105
112
168
106
113
169
107
114
170
108
115
171
109
116
172
110
117
173
111
118
174
119
175
113
120
176
114
121
177
115
122
178
116
123
179
117
124
180
118
125
181
119
126
182
127
183
121
184
122
185
123
186
124
187
125
188
126
189
127
190
191
129
136
192
130
137
193
131
138
194
132
139
195
133
140
196
134
141
197
135
142
198
143
199
137
144
200
138
145
201
139
146
202
140
147
203
141
148
204
142
149
205
143
150
206
151
207
145
152
208
146
153
209
147
154
210
148
155
211
149
156
212
150
157
213
151
158
214
159
215
153
160
216
154
161
217
155
162
218
156
163
219
157
164
220
158
165
221
159
166
222
167
223
161
168
224
162
169
225
163
170
226
164
171
227
165
172
228
166
173
229
167
174
230
175
231
169
176
232
170
177
233
171
178
234
172
179
235
173
180
236
174
181
237
175
182
238
183
239
177
184
240
178
185
241
179
186
242
180
187
243
181
188
244
182
189
245
183
190
246
191
247
185
248
186
249
187
250
188
251
189
252
190
253
191
254
255
193
200
256
194
201
257
195
202
258
196
203
259
197
204
260
198
205
261
199
206
262
207
263
201
208
264
202
209
265
203
210
266
204
211
267
205
212
268
206
213
269
207
214
270
215
271
209
216
272
210
217
273
211
218
274
212
219
275
213
220
276
214
221
277
215
222
278
223
279
217
224
280
218
225
281
219
226
282
220
227
283
221
228
284
222
229
285
223
230
286
231
287
225
232
288
226
233
289
227
234
290
228
235
291
229
236
292
230
237
293
231
238
294
239
295
233
240
296
234
241
297
235
242
298
236
243
299
237
244
300
238
245
301
239
246
302
247
303
241
248
304
242
249
305
243
250
306
244
251
307
245
252
308
246
253
309
247
254
310
255
311
249
312
250
313
251
314
252
315
253
316
254
317
255
318
319
257
264
320
258
265
321
259
266
322
260
267
323
261
268
324
262
269
325
263
270
326
271
327
265
272
328
266
273
329
267
274
330
268
275
331
269
276
332
270
277
333
271
278
334
279
335
273
280
336
274
281
337
275
282
338
276
283
339
277
284
340
278
285
341
279
286
342
287
343
281
288
344
282
289
345
283
290
346
284
291
347
285
292
348
286
293
349
287
294
350
295
351
289
296
352
290
297
353
291
298
354
292
299
355
293
300
356
294
301
357
295
302
358
303
359
297
304
360
298
305
361
299
306
362
300
307
363
301
308
364
302
309
365
303
310
366
311
367
305
312
368
306
313
369
307
314
370
308
315
371
309
316
372
310
317
373
311
318
374
319
375
313
376
314
377
315
378
316
379
317
380
318
381
319
382
383
321
328
384
322
329
385
323
330
386
324
331
387
325
332
388
326
333
389
327
334
390
335
391
329
336
392
330
337
393
331
338
394
332
339
395
333
340
396
334
341
397
335
342
398
343
399
337
344
400
338
345
401
339
346
402
340
347
403
341
348
404
342
349
405
343
350
406
351
407
345
352
408
346
353
409
347
354
410
348
355
411
349
356
412
350
357
413
351
358
414
359
415
353
360
416
354
361
417
355
362
418
356
363
419
357
364
420
358
365
421
359
366
422
367
423
361
368
424
362
369
425
363
370
426
364
371
427
365
372
428
366
373
429
367
374
430
375
431
369
376
432
370
377
433
371
378
434
372
379
435
373
380
436
374
381
437
375
382
438
383
439
377
440
378
441
379
442
380
443
381
444
382
445
383
446
447
385
392
448
386
393
449
387
394
450
388
395
451
389
396
452
390
397
453
391
398
454
399
455
393
400
456
394
401
457
395
402
458
396
403
459
397
404
460
398
405
461
399
406
462
407
463
401
408
464
402
409
465
403
410
466
404
411
467
405
412
468
406
413
469
407
414
470
415
471
409
416
472
410
417
473
411
418
474
412
419
475
413
420
476
414
421
477
415
422
478
423
479
417
424
480
418
425
481
419
426
482
420
427
483
421
428
484
422
429
485
423
430
486
431
487
425
432
488
426
433
489
427
434
490
428
435
491
429
436
492
430
437
493
431
438
494
439
495
433
440
496
434
441
497
435
442
498
436
443
499
437
444
500
438
445
501
439
446
502
447
503
441
504
442
505
443
506
444
507
445
508
446
509
447
510
511
449
456
512
450
457
513
451
458
514
452
459
515
453
460
516
454
461
517
455
462
518
463
519
457
464
520
458
465
521
459
466
522
460
467
523
461
468
524
462
469
525
463
470
526
471
527
465
472
528
466
473
529
467
474
530
468
475
531
469
476
532
470
477
533
471
478
534
479
535
473
480
536
474
481
537
475
482
538
476
483
539
477
484
540
478
485
541
479
486
542
487
543
481
488
544
482
489
545
483
490
546
484
491
547
485
492
548
486
493
549
487
494
550
495
551
489
496
552
490
497
553
491
498
554
492
499
555
493
500
556
494
501
557
495
502
558
503
559
497
504
560
498
505
561
499
506
562
500
507
563
501
508
564
502
509
565
503
510
566
511
567
505
568
506
569
507
570
508
571
509
572
510
573
511
574
575
513
520
576
514
521
577
515
522
578
516
523
579
517
524
580
518
525
581
519
526
582
527
583
521
528
584
522
529
585
523
530
586
524
531
587
525
532
588
526
533
589
527
534
590
535
591
529
536
592
530
537
593
531
538
594
532
539
595
533
540
596
534
541
597
535
542
598
543
599
537
544
600
538
545
601
539
546
602
540
547
603
541
548
604
542
549
605
543
550
606
551
607
545
552
608
546
553
609
547
554
610
548
555
611
549
556
612
550
557
613
551
558
614
559
615
553
560
616
554
561
617
555
562
618
556
563
619
557
564
620
558
565
621
559
566
622
567
623
561
568
624
562
569
625
563
570
626
564
571
627
565
572
628
566
573
629
567
574
630
575
631
569
632
570
633
571
634
572
635
573
636
574
637
575
638
639
577
584
640
578
585
641
579
586
642
580
587
643
581
588
644
582
589
645
583
590
646
591
647
585
592
648
586
593
649
587
594
650
588
595
651
589
596
652
590
597
653
591
598
654
599
655
593
600
656
594
601
657
595
602
658
596
603
659
597
604
660
598
605
661
599
606
662
607
663
601
608
664
602
609
665
603
610
666
604
611
667
605
612
668
606
613
669
607
614
670
615
671
609
616
672
610
617
673
611
618
674
612
619
675
613
620
676
614
621
677
615
622
678
623
679
617
624
680
618
625
681
619
626
682
620
627
683
621
628
684
622
629
685
623
630
686
631
687
625
632
688
626
633
689
627
634
690
628
635
691
629
636
692
630
637
693
631
638
694
639
695
633
696
634
697
635
698
636
699
637
700
638
701
639
702
703
641
648
704
642
649
705
643
650
706
644
651
707
645
652
708
646
653
709
647
654
710
655
711
649
656
712
650
657
713
651
658
714
652
659
715
653
660
716
654
661
717
655
662
718
663
719
657
664
720
658
665
721
659
666
722
660
667
723
661
668
724
662
669
725
663
670
726
671
727
665
672
728
666
673
729
667
674
730
668
675
731
669
676
732
670
677
733
671
678
734
679
735
673
680
736
674
681
737
675
682
738
676
683
739
677
684
740
678
685
741
679
686
742
687
743
681
688
744
682
689
745
683
690
746
684
691
747
685
692
748
686
693
749
687
694
750
695
751
689
696
752
690
697
753
691
698
754
692
699
755
693
700
756
694
701
757
695
702
758
703
759
697
760
698
761
699
762
700
763
701
764
702
765
703
766
767
705
712
768
706
713
769
707
714
770
708
715
771
709
716
772
710
717
773
711
718
774
719
775
713
720
776
714
721
777
715
722
778
716
723
779
717
724
780
718
725
781
719
726
782
727
783
721
728
784
722
729
785
723
730
786
724
731
787
725
732
788
726
733
789
727
734
790
735
791
729
736
792
730
737
793
731
738
794
732
739
795
733
740
796
734
741
797
735
742
798
743
799
737
744
800
738
745
801
739
746
802
740
747
803
741
748
804
742
749
805
743
750
806
751
807
745
752
808
746
753
809
747
754
810
748
755
811
749
756
812
750
757
813
751
758
814
759
815
753
760
816
754
761
817
755
762
818
756
763
819
757
764
820
758
765
821
759
766
822
767
823
761
824
762
825
763
826
764
827
765
828
766
829
767
830
831
769
776
832
770
777
833
771
778
834
772
779
835
773
780
836
774
781
837
775
782
838
783
839
777
784
840
778
785
841
779
786
842
780
787
843
781
788
844
782
789
845
783
790
846
791
847
785
792
848
786
793
849
787
794
850
788
795
851
789
796
852
790
797
853
791
798
854
799
855
793
800
856
794
801
857
795
802
858
796
803
859
797
804
860
798
805
861
799
806
862
807
863
801
808
864
802
809
865
803
810
866
804
811
867
805
812
868
806
813
869
807
814
870
815
871
809
816
872
810
817
873
811
818
874
812
819
875
813
820
876
814
821
877
815
822
878
823
879
817
824
880
818
825
881
819
826
882
820
827
883
821
828
884
822
829
885
823
830
886
831
887
825
888
826
889
827
890
828
891
829
892
830
893
831
894
895
833
840
834
841
835
842
836
843
837
844
838
845
839
846
847
841
848
842
849
843
850
844
851
845
852
846
853
847
854
855
849
856
850
857
851
858
852
859
853
860
854
861
855
862
863
857
864
858
865
859
866
860
867
861
868
862
869
863
870
871
865
872
866
873
867
874
868
875
869
876
870
877
871
878
879
873
880
874
881
875
882
876
883
877
884
878
885
879
886
887
881
888
882
889
883
890
884
891
885
892
886
893
887
894
895
889
890
891
892
893
894
895
)


// ************************************************************************* //
