/*--------------------------------*- C++ -*----------------------------------*\
| =========                 |                                                 |
| \\      /  F ield         | OpenFOAM: The Open Source CFD Toolbox           |
|  \\    /   O peration     | Version:  v2012                                 |
|   \\  /    A nd           | Website:  www.openfoam.com                      |
|    \\/     M anipulation  |                                                 |
\*---------------------------------------------------------------------------*/
FoamFile
{
    version     2.0;
    format      ascii;
    class       vectorField;
    location    "constant/buildings/polyMesh";
    object      points;
}
// * * * * * * * * * * * * * * * * * * * * * * * * * * * * * * * * * * * * * //


567
(
(36 36 0)
(37 36 7.40149e-17)
(38 36 1.4803e-16)
(39 36 7.40149e-17)
(40 36 0)
(41 36 7.40149e-17)
(42 36 7.40149e-17)
(43 36 7.40149e-17)
(44 36 0)
(36 37 1.4803e-16)
(37 37 2.22045e-16)
(38 37 7.40149e-17)
(39 37 7.40149e-17)
(40 37 7.40149e-17)
(41 37 7.40149e-17)
(42 37 7.40149e-17)
(43 37 2.96059e-16)
(44 37 1.4803e-16)
(36 38 -1.4803e-16)
(37 38 -7.40149e-17)
(38 38 -2.22045e-16)
(39 38 -7.40149e-17)
(40 38 7.40149e-17)
(41 38 -2.22045e-16)
(42 38 7.40149e-17)
(43 38 2.22045e-16)
(44 38 2.96059e-16)
(36 39 -2.22045e-16)
(37 39 -1.4803e-16)
(38 39 -7.40149e-17)
(39 39 7.40149e-17)
(40 39 0)
(41 39 2.22045e-16)
(42 39 7.40149e-17)
(43 39 0)
(44 39 0)
(36 40 2.22045e-16)
(37 40 2.22045e-16)
(38 40 2.22045e-16)
(39 40 2.22045e-16)
(40 40 2.22045e-16)
(41 40 7.40149e-17)
(42 40 2.22045e-16)
(43 40 7.40149e-17)
(44 40 2.22045e-16)
(36 41 2.22045e-16)
(37 41 2.22045e-16)
(38 41 0)
(39 41 2.22045e-16)
(40 41 2.22045e-16)
(41 41 7.40149e-17)
(42 41 2.96059e-16)
(43 41 7.40149e-17)
(44 41 0)
(36 42 -1.4803e-16)
(37 42 -7.40149e-17)
(38 42 -2.22045e-16)
(39 42 -7.40149e-17)
(40 42 7.40149e-17)
(41 42 -2.22045e-16)
(42 42 7.40149e-17)
(43 42 2.22045e-16)
(44 42 2.96059e-16)
(36 43 1.4803e-16)
(37 43 2.22045e-16)
(38 43 7.40149e-17)
(39 43 7.40149e-17)
(40 43 7.40149e-17)
(41 43 7.40149e-17)
(42 43 7.40149e-17)
(43 43 2.96059e-16)
(44 43 1.4803e-16)
(36 44 2.96059e-16)
(37 44 0)
(38 44 -2.22045e-16)
(39 44 2.22045e-16)
(40 44 2.22045e-16)
(41 44 7.40149e-17)
(42 44 2.96059e-16)
(43 44 7.40149e-17)
(44 44 0)
(36 36 1)
(37 36 1)
(38 36 1)
(39 36 1)
(40 36 1)
(41 36 1)
(42 36 1)
(43 36 1)
(44 36 1)
(36 37 1)
(37 37 1)
(38 37 1)
(39 37 1)
(40 37 1)
(41 37 1)
(42 37 1)
(43 37 1)
(44 37 1)
(36 38 1)
(37 38 1)
(38 38 1)
(39 38 1)
(40 38 1)
(41 38 1)
(42 38 1)
(43 38 1)
(44 38 1)
(36 39 1)
(37 39 1)
(38 39 1)
(39 39 1)
(40 39 1)
(41 39 1)
(42 39 1)
(43 39 1)
(44 39 1)
(36 40 1)
(37 40 1)
(38 40 1)
(39 40 1)
(40 40 1)
(41 40 1)
(42 40 1)
(43 40 1)
(44 40 1)
(36 41 1)
(37 41 1)
(38 41 1)
(39 41 1)
(40 41 1)
(41 41 1)
(42 41 1)
(43 41 1)
(44 41 1)
(36 42 1)
(37 42 1)
(38 42 1)
(39 42 1)
(40 42 1)
(41 42 1)
(42 42 1)
(43 42 1)
(44 42 1)
(36 43 1)
(37 43 1)
(38 43 1)
(39 43 1)
(40 43 1)
(41 43 1)
(42 43 1)
(43 43 1)
(44 43 1)
(36 44 1)
(37 44 1)
(38 44 1)
(39 44 1)
(40 44 1)
(41 44 1)
(42 44 1)
(43 44 1)
(44 44 1)
(36 36 2)
(37 36 2)
(38 36 2)
(39 36 2)
(40 36 2)
(41 36 2)
(42 36 2)
(43 36 2)
(44 36 2)
(36 37 2)
(37 37 2)
(38 37 2)
(39 37 2)
(40 37 2)
(41 37 2)
(42 37 2)
(43 37 2)
(44 37 2)
(36 38 2)
(37 38 2)
(38 38 2)
(39 38 2)
(40 38 2)
(41 38 2)
(42 38 2)
(43 38 2)
(44 38 2)
(36 39 2)
(37 39 2)
(38 39 2)
(39 39 2)
(40 39 2)
(41 39 2)
(42 39 2)
(43 39 2)
(44 39 2)
(36 40 2)
(37 40 2)
(38 40 2)
(39 40 2)
(40 40 2)
(41 40 2)
(42 40 2)
(43 40 2)
(44 40 2)
(36 41 2)
(37 41 2)
(38 41 2)
(39 41 2)
(40 41 2)
(41 41 2)
(42 41 2)
(43 41 2)
(44 41 2)
(36 42 2)
(37 42 2)
(38 42 2)
(39 42 2)
(40 42 2)
(41 42 2)
(42 42 2)
(43 42 2)
(44 42 2)
(36 43 2)
(37 43 2)
(38 43 2)
(39 43 2)
(40 43 2)
(41 43 2)
(42 43 2)
(43 43 2)
(44 43 2)
(36 44 2)
(37 44 2)
(38 44 2)
(39 44 2)
(40 44 2)
(41 44 2)
(42 44 2)
(43 44 2)
(44 44 2)
(36 36 3)
(37 36 3)
(38 36 3)
(39 36 3)
(40 36 3)
(41 36 3)
(42 36 3)
(43 36 3)
(44 36 3)
(36 37 3)
(37 37 3)
(38 37 3)
(39 37 3)
(40 37 3)
(41 37 3)
(42 37 3)
(43 37 3)
(44 37 3)
(36 38 3)
(37 38 3)
(38 38 3)
(39 38 3)
(40 38 3)
(41 38 3)
(42 38 3)
(43 38 3)
(44 38 3)
(36 39 3)
(37 39 3)
(38 39 3)
(39 39 3)
(40 39 3)
(41 39 3)
(42 39 3)
(43 39 3)
(44 39 3)
(36 40 3)
(37 40 3)
(38 40 3)
(39 40 3)
(40 40 3)
(41 40 3)
(42 40 3)
(43 40 3)
(44 40 3)
(36 41 3)
(37 41 3)
(38 41 3)
(39 41 3)
(40 41 3)
(41 41 3)
(42 41 3)
(43 41 3)
(44 41 3)
(36 42 3)
(37 42 3)
(38 42 3)
(39 42 3)
(40 42 3)
(41 42 3)
(42 42 3)
(43 42 3)
(44 42 3)
(36 43 3)
(37 43 3)
(38 43 3)
(39 43 3)
(40 43 3)
(41 43 3)
(42 43 3)
(43 43 3)
(44 43 3)
(36 44 3)
(37 44 3)
(38 44 3)
(39 44 3)
(40 44 3)
(41 44 3)
(42 44 3)
(43 44 3)
(44 44 3)
(36 36 4)
(37 36 4)
(38 36 4)
(39 36 4)
(40 36 4)
(41 36 4)
(42 36 4)
(43 36 4)
(44 36 4)
(36 37 4)
(37 37 4)
(38 37 4)
(39 37 4)
(40 37 4)
(41 37 4)
(42 37 4)
(43 37 4)
(44 37 4)
(36 38 4)
(37 38 4)
(38 38 4)
(39 38 4)
(40 38 4)
(41 38 4)
(42 38 4)
(43 38 4)
(44 38 4)
(36 39 4)
(37 39 4)
(38 39 4)
(39 39 4)
(40 39 4)
(41 39 4)
(42 39 4)
(43 39 4)
(44 39 4)
(36 40 4)
(37 40 4)
(38 40 4)
(39 40 4)
(40 40 4)
(41 40 4)
(42 40 4)
(43 40 4)
(44 40 4)
(36 41 4)
(37 41 4)
(38 41 4)
(39 41 4)
(40 41 4)
(41 41 4)
(42 41 4)
(43 41 4)
(44 41 4)
(36 42 4)
(37 42 4)
(38 42 4)
(39 42 4)
(40 42 4)
(41 42 4)
(42 42 4)
(43 42 4)
(44 42 4)
(36 43 4)
(37 43 4)
(38 43 4)
(39 43 4)
(40 43 4)
(41 43 4)
(42 43 4)
(43 43 4)
(44 43 4)
(36 44 4)
(37 44 4)
(38 44 4)
(39 44 4)
(40 44 4)
(41 44 4)
(42 44 4)
(43 44 4)
(44 44 4)
(36 36 5)
(37 36 5)
(38 36 5)
(39 36 5)
(40 36 5)
(41 36 5)
(42 36 5)
(43 36 5)
(44 36 5)
(36 37 5)
(37 37 5)
(38 37 5)
(39 37 5)
(40 37 5)
(41 37 5)
(42 37 5)
(43 37 5)
(44 37 5)
(36 38 5)
(37 38 5)
(38 38 5)
(39 38 5)
(40 38 5)
(41 38 5)
(42 38 5)
(43 38 5)
(44 38 5)
(36 39 5)
(37 39 5)
(38 39 5)
(39 39 5)
(40 39 5)
(41 39 5)
(42 39 5)
(43 39 5)
(44 39 5)
(36 40 5)
(37 40 5)
(38 40 5)
(39 40 5)
(40 40 5)
(41 40 5)
(42 40 5)
(43 40 5)
(44 40 5)
(36 41 5)
(37 41 5)
(38 41 5)
(39 41 5)
(40 41 5)
(41 41 5)
(42 41 5)
(43 41 5)
(44 41 5)
(36 42 5)
(37 42 5)
(38 42 5)
(39 42 5)
(40 42 5)
(41 42 5)
(42 42 5)
(43 42 5)
(44 42 5)
(36 43 5)
(37 43 5)
(38 43 5)
(39 43 5)
(40 43 5)
(41 43 5)
(42 43 5)
(43 43 5)
(44 43 5)
(36 44 5)
(37 44 5)
(38 44 5)
(39 44 5)
(40 44 5)
(41 44 5)
(42 44 5)
(43 44 5)
(44 44 5)
(36 36 6)
(37 36 6)
(38 36 6)
(39 36 6)
(40 36 6)
(41 36 6)
(42 36 6)
(43 36 6)
(44 36 6)
(36 37 6)
(37 37 6)
(38 37 6)
(39 37 6)
(40 37 6)
(41 37 6)
(42 37 6)
(43 37 6)
(44 37 6)
(36 38 6)
(37 38 6)
(38 38 6)
(39 38 6)
(40 38 6)
(41 38 6)
(42 38 6)
(43 38 6)
(44 38 6)
(36 39 6)
(37 39 6)
(38 39 6)
(39 39 6)
(40 39 6)
(41 39 6)
(42 39 6)
(43 39 6)
(44 39 6)
(36 40 6)
(37 40 6)
(38 40 6)
(39 40 6)
(40 40 6)
(41 40 6)
(42 40 6)
(43 40 6)
(44 40 6)
(36 41 6)
(37 41 6)
(38 41 6)
(39 41 6)
(40 41 6)
(41 41 6)
(42 41 6)
(43 41 6)
(44 41 6)
(36 42 6)
(37 42 6)
(38 42 6)
(39 42 6)
(40 42 6)
(41 42 6)
(42 42 6)
(43 42 6)
(44 42 6)
(36 43 6)
(37 43 6)
(38 43 6)
(39 43 6)
(40 43 6)
(41 43 6)
(42 43 6)
(43 43 6)
(44 43 6)
(36 44 6)
(37 44 6)
(38 44 6)
(39 44 6)
(40 44 6)
(41 44 6)
(42 44 6)
(43 44 6)
(44 44 6)
)


// ************************************************************************* //
