/*--------------------------------*- C++ -*----------------------------------*\
| =========                 |                                                 |
| \\      /  F ield         | OpenFOAM: The Open Source CFD Toolbox           |
|  \\    /   O peration     | Version:  v2012                                 |
|   \\  /    A nd           | Website:  www.openfoam.com                      |
|    \\/     M anipulation  |                                                 |
\*---------------------------------------------------------------------------*/
FoamFile
{
    version     2.0;
    format      ascii;
    class       labelList;
    location    "constant/buildings/polyMesh";
    object      pointRegionAddressing;
}
// * * * * * * * * * * * * * * * * * * * * * * * * * * * * * * * * * * * * * //


1215
(
77022
77023
77024
77025
77026
77027
77028
77029
77030
77113
77114
77115
77116
77117
77118
77119
77120
77121
77204
77205
77206
77207
77208
77209
77210
77211
77212
77295
77296
77297
77298
77299
77300
77301
77302
77303
77386
77387
77388
77389
77390
77391
77392
77393
77394
77477
77478
77479
77480
77481
77482
77483
77484
77485
77568
77569
77570
77571
77572
77573
77574
77575
77576
77659
77660
77661
77662
77663
77664
77665
77666
77667
77750
77751
77752
77753
77754
77755
77756
77757
77758
84393
84394
84395
84396
84397
84398
84399
84400
84401
84484
84485
84486
84487
84488
84489
84490
84491
84492
84575
84576
84577
84578
84579
84580
84581
84582
84583
84666
84667
84668
84669
84670
84671
84672
84673
84674
84757
84758
84759
84760
84761
84762
84763
84764
84765
84848
84849
84850
84851
84852
84853
84854
84855
84856
84939
84940
84941
84942
84943
84944
84945
84946
84947
85030
85031
85032
85033
85034
85035
85036
85037
85038
85121
85122
85123
85124
85125
85126
85127
85128
85129
91764
91765
91766
91767
91768
91769
91770
91771
91772
91855
91856
91857
91858
91859
91860
91861
91862
91863
91946
91947
91948
91949
91950
91951
91952
91953
91954
92037
92038
92039
92040
92041
92042
92043
92044
92045
92128
92129
92130
92131
92132
92133
92134
92135
92136
92219
92220
92221
92222
92223
92224
92225
92226
92227
92310
92311
92312
92313
92314
92315
92316
92317
92318
92401
92402
92403
92404
92405
92406
92407
92408
92409
92492
92493
92494
92495
92496
92497
92498
92499
92500
99135
99136
99137
99138
99139
99140
99141
99142
99143
99226
99227
99228
99229
99230
99231
99232
99233
99234
99317
99318
99319
99320
99321
99322
99323
99324
99325
99408
99409
99410
99411
99412
99413
99414
99415
99416
99499
99500
99501
99502
99503
99504
99505
99506
99507
99590
99591
99592
99593
99594
99595
99596
99597
99598
99681
99682
99683
99684
99685
99686
99687
99688
99689
99772
99773
99774
99775
99776
99777
99778
99779
99780
99863
99864
99865
99866
99867
99868
99869
99870
99871
106506
106507
106508
106509
106510
106511
106512
106513
106514
106597
106598
106599
106600
106601
106602
106603
106604
106605
106688
106689
106690
106691
106692
106693
106694
106695
106696
106779
106780
106781
106782
106783
106784
106785
106786
106787
106870
106871
106872
106873
106874
106875
106876
106877
106878
106961
106962
106963
106964
106965
106966
106967
106968
106969
107052
107053
107054
107055
107056
107057
107058
107059
107060
107143
107144
107145
107146
107147
107148
107149
107150
107151
107234
107235
107236
107237
107238
107239
107240
107241
107242
113877
113878
113879
113880
113881
113882
113883
113884
113885
113968
113969
113970
113971
113972
113973
113974
113975
113976
114059
114060
114061
114062
114063
114064
114065
114066
114067
114150
114151
114152
114153
114154
114155
114156
114157
114158
114241
114242
114243
114244
114245
114246
114247
114248
114249
114332
114333
114334
114335
114336
114337
114338
114339
114340
114423
114424
114425
114426
114427
114428
114429
114430
114431
114514
114515
114516
114517
114518
114519
114520
114521
114522
114605
114606
114607
114608
114609
114610
114611
114612
114613
121248
121249
121250
121251
121252
121253
121254
121255
121256
121339
121340
121341
121342
121343
121344
121345
121346
121347
121430
121431
121432
121433
121434
121435
121436
121437
121438
121521
121522
121523
121524
121525
121526
121527
121528
121529
121612
121613
121614
121615
121616
121617
121618
121619
121620
121703
121704
121705
121706
121707
121708
121709
121710
121711
121794
121795
121796
121797
121798
121799
121800
121801
121802
121885
121886
121887
121888
121889
121890
121891
121892
121893
121976
121977
121978
121979
121980
121981
121982
121983
121984
128619
128620
128621
128622
128623
128624
128625
128626
128627
128710
128711
128712
128713
128714
128715
128716
128717
128718
128801
128802
128803
128804
128805
128806
128807
128808
128809
128892
128893
128894
128895
128896
128897
128898
128899
128900
128983
128984
128985
128986
128987
128988
128989
128990
128991
129074
129075
129076
129077
129078
129079
129080
129081
129082
129165
129166
129167
129168
129169
129170
129171
129172
129173
129256
129257
129258
129259
129260
129261
129262
129263
129264
129347
129348
129349
129350
129351
129352
129353
129354
129355
135990
135991
135992
135993
135994
135995
135996
135997
135998
136081
136082
136083
136084
136085
136086
136087
136088
136089
136172
136173
136174
136175
136176
136177
136178
136179
136180
136263
136264
136265
136266
136267
136268
136269
136270
136271
136354
136355
136356
136357
136358
136359
136360
136361
136362
136445
136446
136447
136448
136449
136450
136451
136452
136453
136536
136537
136538
136539
136540
136541
136542
136543
136544
136627
136628
136629
136630
136631
136632
136633
136634
136635
136718
136719
136720
136721
136722
136723
136724
136725
136726
143361
143362
143363
143364
143365
143366
143367
143368
143369
143452
143453
143454
143455
143456
143457
143458
143459
143460
143543
143544
143545
143546
143547
143548
143549
143550
143551
143634
143635
143636
143637
143638
143639
143640
143641
143642
143725
143726
143727
143728
143729
143730
143731
143732
143733
143816
143817
143818
143819
143820
143821
143822
143823
143824
143907
143908
143909
143910
143911
143912
143913
143914
143915
143998
143999
144000
144001
144002
144003
144004
144005
144006
144089
144090
144091
144092
144093
144094
144095
144096
144097
150732
150733
150734
150735
150736
150737
150738
150739
150740
150823
150824
150825
150826
150827
150828
150829
150830
150831
150914
150915
150916
150917
150918
150919
150920
150921
150922
151005
151006
151007
151008
151009
151010
151011
151012
151013
151096
151097
151098
151099
151100
151101
151102
151103
151104
151187
151188
151189
151190
151191
151192
151193
151194
151195
151278
151279
151280
151281
151282
151283
151284
151285
151286
151369
151370
151371
151372
151373
151374
151375
151376
151377
151460
151461
151462
151463
151464
151465
151466
151467
151468
158103
158104
158105
158106
158107
158108
158109
158110
158111
158194
158195
158196
158197
158198
158199
158200
158201
158202
158285
158286
158287
158288
158289
158290
158291
158292
158293
158376
158377
158378
158379
158380
158381
158382
158383
158384
158467
158468
158469
158470
158471
158472
158473
158474
158475
158558
158559
158560
158561
158562
158563
158564
158565
158566
158649
158650
158651
158652
158653
158654
158655
158656
158657
158740
158741
158742
158743
158744
158745
158746
158747
158748
158831
158832
158833
158834
158835
158836
158837
158838
158839
165474
165475
165476
165477
165478
165479
165480
165481
165482
165565
165566
165567
165568
165569
165570
165571
165572
165573
165656
165657
165658
165659
165660
165661
165662
165663
165664
165747
165748
165749
165750
165751
165752
165753
165754
165755
165838
165839
165840
165841
165842
165843
165844
165845
165846
165929
165930
165931
165932
165933
165934
165935
165936
165937
166020
166021
166022
166023
166024
166025
166026
166027
166028
166111
166112
166113
166114
166115
166116
166117
166118
166119
166202
166203
166204
166205
166206
166207
166208
166209
166210
172845
172846
172847
172848
172849
172850
172851
172852
172853
172936
172937
172938
172939
172940
172941
172942
172943
172944
173027
173028
173029
173030
173031
173032
173033
173034
173035
173118
173119
173120
173121
173122
173123
173124
173125
173126
173209
173210
173211
173212
173213
173214
173215
173216
173217
173300
173301
173302
173303
173304
173305
173306
173307
173308
173391
173392
173393
173394
173395
173396
173397
173398
173399
173482
173483
173484
173485
173486
173487
173488
173489
173490
173573
173574
173575
173576
173577
173578
173579
173580
173581
180216
180217
180218
180219
180220
180221
180222
180223
180224
180307
180308
180309
180310
180311
180312
180313
180314
180315
180398
180399
180400
180401
180402
180403
180404
180405
180406
180489
180490
180491
180492
180493
180494
180495
180496
180497
180580
180581
180582
180583
180584
180585
180586
180587
180588
180671
180672
180673
180674
180675
180676
180677
180678
180679
180762
180763
180764
180765
180766
180767
180768
180769
180770
180853
180854
180855
180856
180857
180858
180859
180860
180861
180944
180945
180946
180947
180948
180949
180950
180951
180952
)


// ************************************************************************* //
