/*--------------------------------*- C++ -*----------------------------------*\
| =========                 |                                                 |
| \\      /  F ield         | OpenFOAM: The Open Source CFD Toolbox           |
|  \\    /   O peration     | Version:  v2012                                 |
|   \\  /    A nd           | Website:  www.openfoam.com                      |
|    \\/     M anipulation  |                                                 |
\*---------------------------------------------------------------------------*/
FoamFile
{
    version     2.0;
    format      ascii;
    class       volScalarField;
    location    "650/concrete";
    object      T;
}
// * * * * * * * * * * * * * * * * * * * * * * * * * * * * * * * * * * * * * //

dimensions      [0 0 0 1 0 0 0];


internalField   nonuniform List<scalar> 
1924
(
326.082
326.155
326.22
326.176
326.045
324.813
312.071
310.779
310.671
311.62
322.886
323.73
323.644
323.532
323.415
323.364
323.363
323.399
323.463
323.551
323.657
323.773
323.894
324.014
324.132
324.258
326.009
326.018
325.997
325.854
325.741
324.554
312.1
310.844
310.797
311.928
324.168
325.261
325.175
325.01
324.789
324.615
324.477
324.37
324.294
324.253
324.244
324.261
324.298
324.349
324.413
324.498
325.794
325.662
325.468
325.248
325.3
324.179
311.587
310.301
310.278
311.527
324.353
325.604
325.444
325.324
325.163
325.05
324.957
324.876
324.805
324.748
324.706
324.682
324.674
324.683
324.711
324.767
325.327
325.031
324.635
324.293
323.833
322.71
312
310.847
310.833
312.04
323.782
325.459
326.063
326.059
325.76
325.462
325.226
325.06
324.952
324.885
324.845
324.827
324.827
324.845
324.884
324.953
324.563
324.258
323.78
322.277
303.445
300.438
298.596
298.091
298.1
298.65
300.677
304.062
325.161
326.326
325.972
325.609
325.301
325.093
324.972
324.916
324.915
324.95
325.011
325.094
325.195
325.324
323.733
323.707
323.598
322.056
300.66
297.185
296.196
295.908
295.917
296.235
297.32
301.135
324.587
326.333
326.165
325.854
325.585
325.398
325.286
325.24
325.256
325.32
325.407
325.517
325.621
325.727
323.159
323.432
323.614
322.211
300.122
296.494
295.601
295.364
295.371
295.634
296.605
300.542
324.44
326.307
326.215
325.935
325.679
325.489
325.362
325.296
325.282
325.306
325.352
325.419
325.479
325.543
322.958
323.341
323.649
322.356
300.008
296.326
295.443
295.216
295.223
295.473
296.431
300.405
324.406
326.294
326.207
325.892
325.595
325.365
325.206
325.112
325.071
325.068
325.094
325.133
325.173
325.224
322.831
323.224
323.533
322.266
299.975
296.301
295.424
295.201
295.208
295.454
296.41
300.397
324.463
326.387
326.281
325.978
325.659
325.393
325.198
325.076
325.011
324.988
324.989
325.003
325.025
325.065
322.843
323.144
323.33
321.98
299.987
296.372
295.514
295.297
295.303
295.544
296.491
300.475
324.653
326.689
326.569
326.256
325.894
325.582
325.347
325.201
325.118
325.072
325.051
325.047
325.058
325.09
323.276
323.286
323.176
321.666
300.19
296.713
295.899
295.692
295.694
295.918
296.825
300.737
324.958
327.176
327.147
326.541
326.095
325.759
325.527
325.378
325.285
325.232
325.207
325.202
325.214
325.249
324.023
323.735
323.215
321.539
301.357
298.264
297.555
297.363
297.345
297.517
298.288
301.815
325.094
326.857
326.636
326.242
325.906
325.666
325.51
325.417
325.369
325.351
325.355
325.375
325.408
325.459
324.731
324.362
323.679
322.183
309.77
308.183
307.712
307.474
307.328
307.298
307.605
309.37
323.693
325.181
325.347
325.32
325.283
325.269
325.28
325.31
325.354
325.406
325.464
325.525
325.589
325.658
325.214
324.944
324.334
322.765
310.656
309.291
308.941
308.79
308.714
308.722
308.964
310.327
322.977
324.419
324.763
324.916
325.026
325.127
325.227
325.326
325.422
325.515
325.605
325.69
325.767
325.836
325.464
325.309
324.856
323.318
310.738
309.384
309.074
308.95
308.89
308.898
309.11
310.399
323.116
324.539
324.895
325.064
325.183
325.288
325.388
325.486
325.582
325.676
325.766
325.85
325.918
325.932
325.59
325.501
325.174
323.751
310.867
309.509
309.217
309.108
309.057
309.067
309.267
310.529
323.316
324.691
325.021
325.179
325.293
325.395
325.493
325.592
325.689
325.786
325.878
325.961
326.014
325.984
325.666
325.603
325.358
324.123
312.169
310.918
310.655
310.561
310.519
310.531
310.713
311.868
323.708
324.952
325.24
325.377
325.478
325.567
325.654
325.742
325.83
325.919
326.005
326.075
326.079
325.731
325.715
325.667
325.492
324.561
315.361
314.389
314.184
314.112
314.083
314.096
314.243
315.145
324.287
325.253
325.478
325.589
325.674
325.75
325.825
325.901
325.978
326.056
326.131
326.18
326.108
325.303
325.738
325.706
325.604
325.051
319.728
319.144
319.019
318.978
318.967
318.983
319.085
319.641
324.959
325.556
325.709
325.793
325.861
325.926
325.989
326.053
326.118
326.184
326.245
326.271
326.128
324.932
325.74
325.724
325.685
325.471
323.635
323.407
323.358
323.348
323.354
323.375
323.436
323.676
325.54
325.8
325.888
325.947
326.001
326.054
326.107
326.16
326.214
326.27
326.319
326.328
326.143
324.767
325.729
325.726
325.729
325.725
325.918
325.911
325.914
325.926
325.944
325.968
326.001
326.047
325.898
325.948
325.994
326.037
326.081
326.125
326.171
326.216
326.263
326.308
326.346
326.342
326.142
324.785
325.717
325.721
325.743
325.814
326.572
326.646
326.672
326.695
326.719
326.744
326.766
326.743
326.036
326.012
326.039
326.073
326.11
326.15
326.191
326.232
326.273
326.312
326.341
326.328
326.122
324.777
325.706
325.714
325.741
325.808
326.341
326.41
326.441
326.467
326.492
326.517
326.538
326.521
326.042
326.024
326.048
326.078
326.112
326.149
326.187
326.226
326.263
326.298
326.322
326.303
326.098
324.778
325.699
325.708
325.734
325.777
325.957
326
326.028
326.053
326.079
326.104
326.127
326.137
326.011
326.021
326.047
326.077
326.109
326.143
326.179
326.216
326.252
326.284
326.305
326.287
326.098
324.881
325.694
325.704
325.729
325.756
325.752
325.777
325.803
325.828
325.853
325.879
325.905
325.932
325.992
326.02
326.047
326.077
326.108
326.14
326.174
326.209
326.243
326.274
326.295
326.283
326.133
325.152
325.691
325.702
325.727
325.751
325.72
325.742
325.767
325.793
325.818
325.845
325.873
325.904
325.991
326.024
326.052
326.081
326.11
326.141
326.173
326.206
326.239
326.269
326.291
326.29
326.196
325.557
325.688
325.7
325.727
325.754
325.755
325.779
325.805
325.831
325.857
325.884
325.912
325.942
326
326.03
326.058
326.086
326.115
326.144
326.174
326.205
326.236
326.265
326.29
326.3
326.262
325.966
325.686
325.7
325.728
325.758
325.784
325.811
325.838
325.864
325.891
325.919
325.947
325.975
326.008
326.037
326.064
326.091
326.119
326.147
326.175
326.205
326.234
326.263
326.289
326.308
326.312
326.26
325.686
325.7
325.729
325.76
325.794
325.822
325.85
325.877
325.904
325.932
325.961
325.988
326.014
326.042
326.068
326.095
326.122
326.149
326.177
326.205
326.233
326.26
326.287
326.312
326.337
326.4
325.685
325.7
325.73
325.762
325.794
325.823
325.851
325.879
325.906
325.935
325.963
325.991
326.018
326.046
326.072
326.099
326.125
326.152
326.178
326.205
326.232
326.258
326.285
326.311
326.344
326.429
325.685
325.701
325.731
325.763
325.793
325.822
325.851
325.879
325.907
325.936
325.964
325.992
326.021
326.049
326.076
326.102
326.128
326.154
326.18
326.205
326.231
326.257
326.283
326.31
326.342
326.41
325.686
325.702
325.732
325.764
325.794
325.823
325.853
325.881
325.91
325.938
325.967
325.995
326.025
326.053
326.079
326.105
326.131
326.156
326.181
326.206
326.231
326.257
326.282
326.308
326.338
326.388
325.686
325.703
325.733
325.766
325.796
325.826
325.855
325.885
325.913
325.942
325.97
325.998
326.028
326.056
326.082
326.108
326.134
326.159
326.183
326.208
326.232
326.257
326.282
326.308
326.336
326.378
325.687
325.704
325.735
325.767
325.798
325.828
325.858
325.888
325.917
325.946
325.974
326.002
326.031
326.059
326.085
326.111
326.137
326.161
326.186
326.21
326.234
326.258
326.283
326.308
326.336
326.377
325.689
325.705
325.736
325.769
325.8
325.831
325.862
325.892
325.921
325.95
325.978
326.006
326.034
326.062
326.089
326.115
326.14
326.164
326.189
326.213
326.237
326.261
326.285
326.31
326.337
326.38
325.693
325.71
325.741
325.774
325.806
325.837
325.868
325.898
325.928
325.957
325.985
326.013
326.041
326.068
326.095
326.121
326.146
326.171
326.195
326.219
326.243
326.267
326.291
326.315
326.342
326.385
325.71
325.73
325.762
325.795
325.828
325.86
325.891
325.921
325.951
325.98
326.008
326.036
326.064
326.091
326.118
326.144
326.169
326.194
326.218
326.242
326.266
326.29
326.314
326.338
326.364
326.403
327.648
327.738
327.82
327.79
327.748
326.888
312.205
311.263
311.161
311.791
324.807
325.279
325.081
324.935
324.794
324.734
324.732
324.771
324.842
324.939
325.055
325.182
325.314
325.445
325.572
325.7
327.587
327.611
327.604
327.463
327.449
326.635
312.306
311.393
311.349
312.144
326.267
326.999
326.798
326.594
326.341
326.146
325.991
325.868
325.781
325.732
325.719
325.734
325.771
325.824
325.889
325.971
327.37
327.241
327.045
326.838
327.086
326.356
311.768
310.801
310.776
311.693
326.541
327.41
327.036
326.866
326.687
326.575
326.485
326.403
326.33
326.269
326.222
326.193
326.181
326.188
326.213
326.261
326.878
326.57
326.164
325.95
326.199
325.523
312.973
312.054
312.032
312.981
326.764
328.056
327.899
327.724
327.352
327.019
326.761
326.583
326.469
326.397
326.353
326.331
326.329
326.346
326.382
326.445
326.054
325.743
325.311
324.313
302.102
299.446
297.822
297.391
297.398
297.868
299.655
302.647
327.57
328.101
327.574
327.159
326.822
326.598
326.469
326.41
326.41
326.449
326.517
326.607
326.717
326.85
325.152
325.158
325.19
324.329
299.626
296.561
295.715
295.47
295.477
295.748
296.677
300.042
327.113
328.145
327.798
327.435
327.143
326.945
326.827
326.779
326.798
326.867
326.961
327.086
327.198
327.304
324.539
324.875
325.24
324.588
299.168
295.97
295.207
295.006
295.012
295.235
296.065
299.534
327.016
328.13
327.854
327.522
327.245
327.043
326.908
326.837
326.823
326.847
326.896
326.967
327.031
327.089
324.345
324.792
325.294
324.783
299.072
295.828
295.073
294.88
294.886
295.098
295.917
299.418
326.996
328.116
327.841
327.464
327.14
326.894
326.723
326.624
326.58
326.577
326.606
326.648
326.689
326.735
324.214
324.666
325.168
324.686
299.044
295.806
295.057
294.867
294.873
295.082
295.899
299.411
327.057
328.214
327.914
327.556
327.208
326.924
326.715
326.587
326.518
326.493
326.495
326.509
326.531
326.565
324.218
324.572
324.937
324.35
299.053
295.866
295.133
294.949
294.953
295.159
295.967
299.478
327.26
328.546
328.224
327.865
327.47
327.135
326.882
326.726
326.638
326.589
326.566
326.56
326.569
326.595
324.688
324.718
324.751
323.956
299.225
296.157
295.462
295.286
295.288
295.479
296.254
299.704
327.588
329.118
328.92
328.192
327.7
327.335
327.085
326.924
326.824
326.765
326.737
326.73
326.74
326.769
325.508
325.204
324.755
323.691
300.259
297.528
296.922
296.758
296.742
296.887
297.545
300.661
327.728
328.776
328.341
327.874
327.498
327.236
327.066
326.965
326.912
326.892
326.895
326.915
326.949
326.995
326.276
325.883
325.226
324.124
310.156
308.981
308.59
308.356
308.189
308.114
308.299
309.602
325.79
326.821
326.883
326.834
326.796
326.786
326.802
326.837
326.886
326.943
327.006
327.073
327.141
327.209
326.788
326.511
325.935
324.692
310.834
309.832
309.558
309.422
309.341
309.326
309.481
310.45
324.904
325.978
326.253
326.401
326.519
326.632
326.743
326.852
326.958
327.06
327.157
327.248
327.332
327.402
327.04
326.893
326.497
325.291
310.827
309.835
309.598
309.488
309.424
309.41
309.541
310.454
325.075
326.141
326.429
326.588
326.711
326.821
326.928
327.033
327.135
327.235
327.332
327.422
327.498
327.521
327.16
327.087
326.829
325.755
310.883
309.882
309.662
309.566
309.512
309.502
309.624
310.52
325.276
326.297
326.559
326.707
326.824
326.931
327.036
327.141
327.245
327.348
327.448
327.539
327.606
327.588
327.23
327.185
327.007
326.1
312.268
311.34
311.142
311.059
311.015
311.01
311.122
311.945
325.645
326.567
326.792
326.92
327.023
327.117
327.208
327.301
327.395
327.49
327.584
327.666
327.699
327.418
327.274
327.244
327.124
326.45
315.817
315.095
314.94
314.877
314.846
314.847
314.939
315.584
326.151
326.867
327.042
327.145
327.232
327.312
327.391
327.471
327.553
327.638
327.72
327.786
327.765
327.142
327.294
327.277
327.211
326.817
320.712
320.282
320.189
320.155
320.142
320.151
320.219
320.618
326.717
327.161
327.283
327.362
327.433
327.501
327.567
327.635
327.704
327.775
327.845
327.891
327.818
326.909
327.292
327.289
327.268
327.121
325.077
324.914
324.882
324.876
324.883
324.901
324.947
325.123
327.197
327.393
327.468
327.526
327.582
327.637
327.693
327.749
327.807
327.867
327.924
327.955
327.852
326.82
327.279
327.286
327.295
327.3
327.592
327.595
327.603
327.617
327.637
327.661
327.692
327.732
327.488
327.532
327.576
327.619
327.665
327.712
327.76
327.808
327.858
327.907
327.953
327.972
327.856
326.879
327.265
327.278
327.301
327.361
328.271
328.333
328.36
328.385
328.41
328.437
328.462
328.454
327.598
327.59
327.62
327.655
327.695
327.737
327.78
327.824
327.867
327.91
327.947
327.955
327.833
326.874
327.253
327.269
327.297
327.354
327.973
328.032
328.062
328.09
328.116
328.143
328.168
328.166
327.603
327.599
327.627
327.66
327.696
327.734
327.775
327.816
327.856
327.894
327.925
327.927
327.802
326.861
327.246
327.263
327.291
327.331
327.53
327.569
327.597
327.624
327.651
327.678
327.704
327.72
327.579
327.597
327.625
327.657
327.691
327.728
327.766
327.805
327.843
327.879
327.906
327.906
327.791
326.922
327.241
327.26
327.288
327.316
327.302
327.328
327.355
327.382
327.408
327.436
327.464
327.492
327.566
327.596
327.626
327.657
327.69
327.724
327.76
327.798
327.834
327.868
327.894
327.898
327.807
327.108
327.237
327.257
327.286
327.314
327.273
327.297
327.324
327.351
327.378
327.406
327.435
327.467
327.568
327.601
327.631
327.662
327.693
327.726
327.76
327.795
327.829
327.862
327.889
327.899
327.845
327.393
327.235
327.256
327.286
327.316
327.314
327.341
327.368
327.396
327.424
327.453
327.482
327.513
327.577
327.608
327.638
327.667
327.697
327.728
327.76
327.793
327.826
327.858
327.886
327.903
327.887
327.683
327.233
327.255
327.287
327.319
327.347
327.376
327.405
327.433
327.461
327.491
327.521
327.551
327.585
327.615
327.644
327.673
327.702
327.732
327.762
327.793
327.824
327.855
327.883
327.907
327.918
327.89
327.232
327.255
327.288
327.322
327.358
327.388
327.417
327.446
327.475
327.505
327.535
327.564
327.591
327.62
327.649
327.677
327.705
327.734
327.763
327.793
327.823
327.852
327.881
327.907
327.934
327.987
327.232
327.256
327.289
327.323
327.357
327.388
327.418
327.447
327.477
327.507
327.537
327.566
327.595
327.625
327.653
327.681
327.709
327.737
327.765
327.793
327.822
327.85
327.878
327.906
327.937
328.005
327.232
327.256
327.29
327.325
327.356
327.387
327.418
327.448
327.478
327.508
327.538
327.567
327.599
327.629
327.657
327.684
327.712
327.739
327.767
327.794
327.821
327.849
327.876
327.904
327.935
327.99
327.232
327.257
327.291
327.326
327.357
327.389
327.42
327.45
327.48
327.511
327.541
327.57
327.602
327.632
327.66
327.688
327.715
327.742
327.768
327.795
327.822
327.848
327.875
327.902
327.932
327.974
327.233
327.258
327.293
327.327
327.359
327.391
327.423
327.454
327.484
327.514
327.544
327.574
327.605
327.635
327.663
327.691
327.718
327.744
327.77
327.796
327.822
327.849
327.875
327.902
327.93
327.967
327.234
327.259
327.294
327.329
327.361
327.394
327.426
327.457
327.488
327.518
327.548
327.578
327.608
327.638
327.666
327.694
327.721
327.747
327.773
327.798
327.824
327.85
327.876
327.902
327.93
327.966
327.235
327.261
327.295
327.33
327.364
327.397
327.429
327.461
327.492
327.522
327.552
327.582
327.612
327.641
327.669
327.697
327.724
327.75
327.776
327.801
327.827
327.852
327.878
327.904
327.931
327.968
327.238
327.264
327.299
327.334
327.368
327.401
327.434
327.466
327.497
327.528
327.558
327.588
327.617
327.646
327.674
327.702
327.729
327.755
327.781
327.806
327.832
327.857
327.883
327.908
327.935
327.972
327.249
327.278
327.313
327.348
327.383
327.416
327.449
327.482
327.513
327.544
327.574
327.604
327.633
327.662
327.69
327.718
327.745
327.771
327.797
327.822
327.848
327.873
327.898
327.923
327.949
327.984
)
;

boundaryField
{
    concrete_to_air
    {
        type            compressible::turbulentTemperatureRadCoupledMixed;
        refValue        nonuniform List<scalar> 
898
(
313.313
313.36
313.388
313.396
313.421
313.441
313.209
312.907
312.581
312.302
312.261
312.236
312.22
312.212
312.21
312.214
312.222
312.233
312.248
312.265
312.283
312.303
312.324
312.346
312.368
312.39
313.261
313.263
313.228
313.169
313.172
313.199
313.046
312.906
312.766
312.635
312.703
312.761
312.8
312.819
312.818
312.799
312.768
312.732
312.695
312.663
312.637
312.618
312.606
312.6
312.6
312.605
313.121
313.056
312.949
312.852
312.876
312.926
312.753
312.602
312.474
312.372
312.511
312.64
312.746
312.834
312.902
312.948
312.971
312.973
312.961
312.94
312.916
312.892
312.872
312.858
312.85
312.847
312.853
312.739
312.614
312.572
312.681
312.816
312.607
312.419
312.278
312.195
312.546
312.858
313.095
313.238
313.31
313.335
313.331
313.308
313.276
313.24
313.203
313.17
313.143
313.123
313.111
313.109
312.487
312.405
312.353
312.442
313.979
313.702
313.498
313.386
313.321
313.313
313.329
313.341
313.351
313.359
313.368
313.378
313.391
313.407
312.137
312.149
312.222
312.454
313.608
313.282
313.096
312.994
312.938
312.912
312.9
312.898
312.901
312.902
312.898
312.893
312.897
312.901
311.875
311.977
312.149
312.521
313.427
313.041
312.833
312.703
312.615
312.552
312.508
312.48
312.465
312.459
312.457
312.465
312.478
312.491
311.662
311.81
312.045
312.523
313.326
312.918
312.696
312.541
312.433
312.352
312.293
312.255
312.233
312.224
312.227
312.237
312.251
312.267
311.466
311.631
311.883
312.397
313.324
312.877
312.644
312.515
312.404
312.311
312.238
312.192
312.166
312.155
312.155
312.162
312.174
312.19
311.439
311.589
311.81
312.255
313.427
312.989
312.733
312.622
312.493
312.378
312.289
312.235
312.207
312.194
312.191
312.196
312.208
312.225
311.597
311.667
311.796
312.116
313.665
313.357
313.12
312.777
312.595
312.466
312.382
312.331
312.304
312.293
312.294
312.305
312.324
312.349
311.874
311.858
311.873
312.06
313.669
313.181
312.844
312.631
312.493
312.416
312.379
312.368
312.373
312.39
312.415
312.449
312.489
312.534
312.165
312.115
312.056
312.097
311.917
311.705
311.493
311.291
311.107
310.949
310.826
310.78
311.263
311.563
311.77
311.926
312.051
312.156
312.246
312.327
312.402
312.474
312.544
312.615
312.688
312.759
312.411
312.385
312.322
312.277
312.089
311.922
311.773
311.643
311.53
311.431
311.349
311.29
311.495
311.681
311.845
311.992
312.125
312.247
312.361
312.467
312.569
312.666
312.762
312.856
312.948
313.029
312.612
312.624
312.597
312.547
312.347
312.177
312.029
311.901
311.789
311.691
311.607
311.544
311.712
311.879
312.036
312.185
312.325
312.457
312.582
312.701
312.815
312.925
313.031
313.133
313.225
313.277
312.809
312.841
312.85
312.831
312.636
312.462
312.31
312.178
312.062
311.96
311.872
311.805
311.953
312.106
312.255
312.4
312.541
312.678
312.809
312.936
313.059
313.177
313.288
313.388
313.46
313.433
313.008
313.046
313.074
313.084
312.918
312.764
312.626
312.505
312.399
312.306
312.226
312.166
312.3
312.44
312.58
312.717
312.852
312.983
313.11
313.232
313.349
313.46
313.561
313.64
313.665
313.481
313.172
313.215
313.255
313.284
313.172
313.065
312.968
312.882
312.808
312.746
312.695
312.662
312.776
312.897
313.019
313.138
313.256
313.37
313.481
313.587
313.688
313.784
313.868
313.925
313.916
313.666
313.268
313.319
313.368
313.412
313.371
313.329
313.292
313.261
313.237
313.222
313.215
313.221
313.312
313.406
313.501
313.595
313.687
313.776
313.863
313.945
314.024
314.099
314.164
314.202
314.169
313.881
313.298
313.356
313.413
313.467
313.49
313.51
313.53
313.551
313.576
313.605
313.639
313.679
313.748
313.819
313.889
313.959
314.027
314.094
314.158
314.22
314.28
314.336
314.389
314.417
314.379
314.091
313.29
313.352
313.413
313.473
313.533
313.591
313.647
313.703
313.758
313.815
313.872
313.932
313.988
314.043
314.098
314.152
314.205
314.257
314.308
314.357
314.405
314.452
314.496
314.537
314.552
314.469
313.273
313.336
313.398
313.459
313.531
313.601
313.669
313.736
313.802
313.867
313.932
313.995
314.046
314.096
314.145
314.194
314.241
314.288
314.333
314.378
314.422
314.465
314.507
314.548
314.581
314.577
313.261
313.323
313.384
313.445
313.513
313.58
313.646
313.711
313.775
313.838
313.899
313.959
314.01
314.06
314.109
314.157
314.204
314.25
314.296
314.34
314.384
314.427
314.469
314.51
314.549
314.575
313.254
313.315
313.375
313.435
313.496
313.557
313.618
313.677
313.736
313.794
313.85
313.906
313.958
314.009
314.059
314.108
314.157
314.204
314.25
314.296
314.341
314.385
314.428
314.469
314.51
314.54
313.25
313.31
313.37
313.429
313.486
313.543
313.6
313.656
313.711
313.766
313.819
313.872
313.925
313.976
314.027
314.077
314.126
314.174
314.221
314.267
314.312
314.357
314.4
314.443
314.483
314.517
313.247
313.306
313.365
313.424
313.48
313.536
313.591
313.646
313.7
313.754
313.807
313.859
313.911
313.962
314.013
314.062
314.111
314.159
314.206
314.253
314.298
314.343
314.386
314.429
314.471
314.507
313.244
313.303
313.361
313.419
313.476
313.532
313.587
313.642
313.696
313.749
313.802
313.854
313.905
313.956
314.006
314.056
314.104
314.152
314.199
314.245
314.29
314.335
314.379
314.422
314.464
314.503
313.241
313.3
313.358
313.415
313.472
313.528
313.583
313.638
313.692
313.745
313.798
313.85
313.901
313.951
314.001
314.05
314.098
314.146
314.192
314.238
314.284
314.328
314.372
314.415
314.458
314.499
313.238
313.297
313.355
313.412
313.468
313.524
313.579
313.634
313.688
313.741
313.793
313.845
313.896
313.946
313.995
314.044
314.092
314.14
314.186
314.232
314.277
314.322
314.366
314.409
314.451
314.494
313.236
313.294
313.352
313.409
313.465
313.521
313.576
313.63
313.683
313.736
313.788
313.84
313.89
313.941
313.99
314.038
314.086
314.134
314.18
314.226
314.271
314.316
314.36
314.403
314.445
314.488
313.234
313.292
313.35
313.407
313.463
313.518
313.573
313.627
313.68
313.732
313.784
313.835
313.886
313.936
313.985
314.034
314.081
314.129
314.175
314.221
314.266
314.31
314.354
314.397
314.44
314.482
313.232
313.291
313.348
313.405
313.461
313.516
313.57
313.624
313.677
313.729
313.781
313.832
313.882
313.932
313.981
314.029
314.077
314.124
314.171
314.216
314.261
314.306
314.35
314.393
314.435
314.478
313.231
313.289
313.346
313.403
313.459
313.514
313.568
313.621
313.674
313.727
313.778
313.829
313.879
313.929
313.978
314.026
314.074
314.121
314.167
314.213
314.258
314.302
314.346
314.389
314.432
314.474
313.23
313.288
313.345
313.401
313.457
313.512
313.566
313.619
313.672
313.724
313.776
313.826
313.877
313.926
313.975
314.023
314.071
314.117
314.164
314.209
314.254
314.299
314.342
314.386
314.428
314.47
313.229
313.287
313.344
313.4
313.456
313.51
313.564
313.618
313.67
313.722
313.774
313.824
313.874
313.924
313.972
314.021
314.068
314.115
314.161
314.207
314.251
314.296
314.34
314.383
314.425
314.467
313.228
313.286
313.343
313.399
313.454
313.509
313.563
313.616
313.669
313.721
313.772
313.823
313.873
313.922
313.971
314.019
314.066
314.113
314.159
314.204
314.249
314.294
314.337
314.381
314.423
314.465
313.227
313.285
313.342
313.398
313.454
313.508
313.562
313.616
313.668
313.72
313.771
313.822
313.872
313.921
313.97
314.018
314.065
314.112
314.158
314.204
314.248
314.293
314.337
314.38
314.422
314.465
)
;
        refGradient     nonuniform List<scalar> 
898
(
58.4634
58.8674
59.6419
60.6031
62.2538
65.8759
-3.27371
-0.0513323
0.428216
-1.51652
76.2182
74.6625
74.0361
73.8576
73.2384
72.6972
72.1508
71.5632
70.951
70.3527
69.7789
69.2208
68.6688
68.1197
67.5736
67.0149
58.6611
59.4446
61.0298
63.0515
65.524
69.1964
-1.58091
1.27743
1.61822
-0.628567
71.3496
68.3767
66.7299
66.2481
65.8305
65.8923
66.1401
66.4129
66.6376
66.789
66.852
66.8168
66.6831
66.4604
66.1617
65.7812
59.3348
60.6502
63.2713
66.411
70.8101
74.2388
-3.23136
-0.90645
-0.514876
-2.27946
74.4474
70.6619
66.3359
64.963
64.0663
63.8315
63.8583
64.0156
64.2305
64.4505
64.6314
64.743
64.7703
64.7102
64.5643
64.3196
61.3591
63.2184
66.3584
69.6779
82.5255
85.2223
13.4542
14.6762
14.9299
13.8592
80.9334
76.0269
61.6477
60.0424
60.4718
61.4946
62.389
63.0446
63.4852
63.7634
63.9223
63.9873
63.9719
63.878
63.7023
63.4235
64.7873
66.2549
68.2024
71.8445
57.8984
55.9648
58.4406
60.3306
61.9066
62.9116
63.4519
63.6837
63.656
63.4513
63.1379
62.7185
62.2141
61.6042
69.2658
69.306
69.1242
71.5979
60.2586
56.4354
57.7779
59.2549
60.4942
61.3196
61.7838
61.9425
61.8166
61.4306
60.953
60.3627
59.8305
59.3467
72.0217
70.4693
68.6775
70.0853
60.4229
56.463
57.4902
58.7896
59.9415
60.7892
61.3383
61.6058
61.6292
61.4909
61.2452
60.9005
60.6062
60.3581
72.6987
70.6601
68.2292
68.9471
60.3046
56.4614
57.5172
59.0373
60.4059
61.471
62.2085
62.6263
62.7917
62.7752
62.6133
62.4019
62.2051
62.0113
73.1646
71.1069
68.6605
69.2218
59.883
55.8877
57.0957
58.5182
59.9844
61.2304
62.1637
62.7387
63.0346
63.1177
63.082
62.995
62.8843
62.7427
73.0839
71.4642
69.6315
70.6912
58.8693
54.1531
55.496
56.9226
58.625
60.1146
61.2708
61.9851
62.3788
62.5875
62.6733
62.6781
62.6275
62.5219
70.8713
70.7646
70.4852
72.5462
57.2542
51.0774
51.7601
55.1952
57.4042
59.0502
60.1866
60.9343
61.4022
61.6677
61.7878
61.8067
61.7546
61.6379
66.9796
68.4822
70.574
74.0473
56.2371
52.5214
54.5296
56.6296
58.3011
59.4543
60.2077
60.6704
60.9214
61.0156
60.9952
60.8957
60.7417
60.5411
63.3657
65.2668
68.2421
71.9204
-3.09584
-0.274518
0.611035
1.21064
1.71192
2.05167
1.84442
-1.3185
64.1158
61.4015
61.3684
61.5685
61.6607
61.624
61.493
61.2984
61.0581
60.7823
60.4804
60.1651
59.8485
59.5417
60.9531
62.2659
64.8005
69.3488
-4.17679
-1.56852
-0.954602
-0.645825
-0.415009
-0.268394
-0.456725
-2.9418
68.3493
65.1401
64.1756
63.5326
62.9288
62.3392
61.7721
61.2342
60.7248
60.2406
59.7803
59.3504
58.9642
58.6527
59.8086
60.4692
62.1314
66.5843
-5.93668
-3.21465
-2.60305
-2.32414
-2.11926
-1.98904
-2.19261
-4.6893
67.4856
64.1116
63.0918
62.4585
61.8901
61.347
60.8264
60.3273
59.8466
59.3828
58.9391
58.531
58.1957
58.0916
59.3084
59.5986
60.5893
64.4432
-7.35203
-4.5591
-3.94968
-3.69692
-3.51912
-3.41386
-3.64695
-6.16666
66.6208
63.3407
62.4137
61.8603
61.3466
60.8306
60.3187
59.8169
59.3261
58.8469
58.3874
57.9741
57.6772
57.7899
59.0462
59.1858
59.8113
62.9801
-2.64195
-0.00262128
0.583617
0.821575
0.980788
1.06266
0.817019
-1.56709
65.0734
62.0727
61.2589
60.7983
60.3754
59.9394
59.494
59.0472
58.6013
58.1583
57.7303
57.3675
57.2393
58.4594
58.8833
58.9521
59.3463
61.667
12.076
14.2125
14.7144
14.9244
15.0539
15.1008
14.8652
12.9099
63.0804
60.7194
60.0655
59.6929
59.3529
58.996
58.6203
58.2333
57.839
57.4403
57.055
56.756
56.8217
59.2494
58.8169
58.8324
59.034
60.3812
32.8295
34.1688
34.4998
34.636
34.7039
34.6979
34.4923
33.2063
60.913
59.4141
58.9389
58.6411
58.3674
58.0802
57.7731
57.4503
57.1159
56.7743
56.4436
56.218
56.4666
59.8749
58.8351
58.8042
58.8463
59.3382
50.9441
51.4719
51.6006
51.6358
51.6253
51.5629
51.3947
50.7834
59.086
58.3881
58.0832
57.8548
57.6376
57.4092
57.1616
56.8957
56.6153
56.3264
56.0469
55.8779
56.2289
60.0229
58.8983
58.8337
58.7705
58.735
60.827
60.8129
60.7881
60.7407
60.6691
60.5683
60.4317
60.2643
57.9806
57.7829
57.5903
57.4075
57.2249
57.0337
56.8271
56.6038
56.3673
56.1264
55.9024
55.7786
56.1427
59.5257
58.9649
58.8805
58.7669
58.5401
62.9551
62.7349
62.6341
62.5408
62.4371
62.3195
62.1997
62.1906
57.5542
57.5349
57.3927
57.2336
57.07
56.9011
56.7222
56.5301
56.326
56.1175
55.928
55.8408
56.2174
59.4999
59.0155
58.9215
58.7937
58.5746
61.2484
61.0333
60.914
60.8055
60.6928
60.574
60.4599
60.4336
57.5318
57.4986
57.3652
57.214
57.0578
56.8991
56.736
56.5652
56.3859
56.2043
56.0429
55.9813
56.3625
59.5704
59.0492
58.9505
58.8225
58.6631
59.2392
59.0851
58.9682
58.8561
58.7422
58.6257
58.5104
58.4218
57.6122
57.5153
57.3762
57.2275
57.0753
56.9227
56.7699
56.6144
56.4545
56.2938
56.1513
56.0975
56.4454
59.4036
59.0719
58.9701
58.8431
58.7206
58.3169
58.1995
58.0843
57.9691
57.8536
57.7377
57.62
57.4922
57.6557
57.5191
57.3762
57.2301
57.0819
56.9342
56.7886
56.6442
56.4992
56.3551
56.2259
56.1677
56.4336
58.8083
59.0883
58.9835
58.8547
58.7381
58.2596
58.1459
58.0263
57.9054
57.786
57.668
57.548
57.4103
57.6418
57.4971
57.3547
57.2119
57.068
56.9248
56.7845
56.6476
56.5131
56.3809
56.2594
56.1868
56.3328
57.8581
59.1005
58.9929
58.8608
58.736
58.4605
58.336
58.2094
58.0825
57.9583
57.8373
57.7157
57.5819
57.6047
57.4666
57.3274
57.1883
57.0487
56.9098
56.7737
56.6419
56.5144
56.3904
56.2734
56.1838
56.2077
56.8821
59.1096
58.9995
58.8639
58.7305
58.5896
58.4545
58.3218
58.1899
58.0616
57.9376
57.8146
57.6853
57.5688
57.4378
57.3018
57.1658
57.0298
56.8947
56.762
56.6337
56.5102
56.391
56.2764
56.1732
56.1063
56.1787
59.1163
59.0042
58.8654
58.7266
58.611
58.4697
58.3329
58.1977
58.0664
57.9398
57.8153
57.6877
57.5418
57.4147
57.2813
57.1479
57.0151
56.8832
56.7536
56.6278
56.5067
56.3901
56.2771
56.1672
56.0539
55.8475
59.1213
59.0073
58.8658
58.7235
58.5889
58.4445
58.305
58.1679
58.0345
57.9056
57.7794
57.6515
57.5207
57.3951
57.2639
57.1327
57.0023
56.8732
56.7461
56.622
56.5022
56.3869
56.2755
56.1647
56.0397
55.7865
59.1251
59.0092
58.8651
58.7198
58.5682
58.4218
58.2806
58.1422
58.0074
57.8766
57.7487
57.62
57.5025
57.3777
57.2485
57.1193
56.9909
56.8639
56.7387
56.6162
56.4973
56.383
56.2732
56.1647
56.0444
55.8375
59.1278
59.0101
58.8633
58.7149
58.5578
58.4099
58.2675
58.1282
57.9923
57.86
57.7306
57.6011
57.4857
57.3615
57.234
57.1066
56.9799
56.8545
56.7307
56.6094
56.4915
56.3783
56.2699
56.1638
56.0507
55.8907
59.1296
59.01
58.8605
58.7093
58.5525
58.4033
58.2598
58.1199
57.9831
57.8496
57.7189
57.5889
57.4702
57.3463
57.2202
57.0945
56.9693
56.8451
56.7224
56.6023
56.4856
56.3736
56.2662
56.1615
56.0523
55.9124
59.1303
59.0086
58.8568
58.7029
58.5471
58.397
58.2527
58.112
57.9746
57.8402
57.7085
57.5782
57.4558
57.3319
57.2069
57.0825
56.9585
56.8354
56.7138
56.5948
56.4796
56.3687
56.262
56.1576
56.0489
55.9105
59.1292
59.0051
58.8509
58.6949
58.5393
58.3887
58.2435
58.1021
57.9641
57.829
57.6967
57.5661
57.4413
57.317
57.1926
57.0691
56.9463
56.8242
56.7037
56.5861
56.4723
56.3625
56.2561
56.1513
56.042
55.8999
59.1222
58.9944
58.8379
58.6801
58.5242
58.3732
58.2272
58.0851
57.9464
57.8107
57.6779
57.5471
57.4208
57.2958
57.1716
57.0487
56.9267
56.8057
56.6865
56.5704
56.4579
56.3489
56.2425
56.1371
56.0273
55.8842
59.086
58.9491
58.7891
58.6295
58.4733
58.3217
58.1749
58.0319
57.8925
57.7562
57.6228
57.4918
57.3642
57.2384
57.1141
56.9914
56.8699
56.75
56.6323
56.5176
56.4061
56.2976
56.1911
56.0855
55.9767
55.8401
)
;
        valueFraction   nonuniform List<scalar> 
898
(
0.123996
0.124211
0.125242
0.127545
0.129385
0.13061
0.137507
0.144852
0.156552
0.167312
0.170194
0.176084
0.18013
0.182371
0.183182
0.182837
0.181599
0.179688
0.177289
0.174595
0.171743
0.168829
0.165934
0.16312
0.160428
0.157885
0.12419
0.125521
0.128866
0.13453
0.137739
0.139202
0.144556
0.144888
0.1456
0.146559
0.142706
0.143775
0.145248
0.147066
0.149274
0.151693
0.154059
0.156081
0.157551
0.158384
0.15859
0.158241
0.157434
0.156277
0.154869
0.153295
0.126487
0.130155
0.137509
0.145971
0.148733
0.148825
0.153203
0.152305
0.151247
0.150136
0.144077
0.143415
0.143399
0.14351
0.143839
0.144445
0.145334
0.146432
0.147589
0.148647
0.14947
0.149965
0.15009
0.149848
0.149278
0.14843
0.133992
0.140667
0.151434
0.157402
0.159981
0.157305
0.156575
0.150325
0.144102
0.138405
0.129003
0.124507
0.120653
0.12386
0.130381
0.136956
0.142052
0.145473
0.147572
0.14877
0.149385
0.149572
0.149398
0.148892
0.148073
0.146975
0.14836
0.154423
0.161613
0.160138
0.0950927
0.1107
0.124804
0.133549
0.140777
0.145758
0.148729
0.150073
0.150019
0.149085
0.147523
0.145442
0.143
0.140253
0.167243
0.16643
0.161765
0.150468
0.0981714
0.107932
0.117746
0.124776
0.130296
0.134032
0.136213
0.13702
0.136442
0.134769
0.132503
0.129599
0.127182
0.125225
0.179129
0.170687
0.158286
0.14074
0.0964291
0.106357
0.1148
0.120824
0.125593
0.12902
0.131278
0.132373
0.132468
0.131854
0.130823
0.12934
0.128182
0.127406
0.180267
0.169999
0.155021
0.134116
0.0952233
0.105759
0.114246
0.121215
0.126892
0.131182
0.13413
0.135793
0.136438
0.136372
0.135693
0.134842
0.134116
0.133557
0.180872
0.170858
0.156134
0.134867
0.0935765
0.103407
0.112533
0.119025
0.125052
0.130013
0.133687
0.135935
0.137099
0.137433
0.137322
0.137042
0.136709
0.136393
0.18066
0.172785
0.160945
0.142409
0.0899081
0.0970648
0.106746
0.112898
0.119698
0.125555
0.130106
0.132888
0.134436
0.13532
0.135758
0.135901
0.135856
0.135727
0.170668
0.170238
0.165875
0.152811
0.0843458
0.0858201
0.0921162
0.106354
0.114956
0.121425
0.125899
0.128875
0.130796
0.131964
0.13259
0.132837
0.132833
0.132711
0.153413
0.16039
0.168052
0.164187
0.0803298
0.090711
0.1026
0.111359
0.118145
0.122904
0.126098
0.128129
0.129319
0.129902
0.130048
0.129894
0.129557
0.129176
0.138519
0.146857
0.159069
0.163973
0.172386
0.168592
0.160556
0.150491
0.139673
0.129547
0.121876
0.119334
0.117703
0.122816
0.126733
0.129234
0.130635
0.131244
0.131305
0.130992
0.130426
0.129689
0.128841
0.127942
0.127058
0.12633
0.129616
0.13501
0.144506
0.153691
0.161849
0.161391
0.159214
0.156468
0.153719
0.151335
0.149467
0.147909
0.142159
0.141196
0.140052
0.138595
0.136932
0.135188
0.133454
0.131782
0.130196
0.128705
0.127313
0.126042
0.124936
0.124193
0.126371
0.128913
0.134111
0.14157
0.150817
0.152679
0.152845
0.152068
0.150757
0.149189
0.147519
0.145678
0.139066
0.137439
0.136035
0.134667
0.133306
0.131953
0.130607
0.129276
0.127969
0.126695
0.125468
0.124329
0.123339
0.122911
0.125881
0.126885
0.129158
0.133192
0.141415
0.143693
0.144856
0.145288
0.145199
0.144753
0.144057
0.143047
0.137102
0.135987
0.134962
0.133871
0.132706
0.13148
0.13021
0.128914
0.127603
0.126288
0.124981
0.123722
0.122578
0.122525
0.126352
0.12676
0.127743
0.129656
0.13609
0.137819
0.138947
0.139625
0.139922
0.139908
0.139633
0.139011
0.133851
0.133065
0.132343
0.131551
0.130679
0.129732
0.128716
0.127636
0.126495
0.125289
0.124006
0.122675
0.121338
0.122619
0.12696
0.127144
0.12762
0.128565
0.133016
0.134064
0.134818
0.135343
0.135649
0.13575
0.13566
0.135298
0.131466
0.130937
0.130432
0.129845
0.129166
0.128397
0.127541
0.1266
0.125569
0.124442
0.123192
0.121832
0.1204
0.121889
0.127478
0.127558
0.127815
0.128321
0.130838
0.131447
0.131912
0.132256
0.132468
0.132543
0.132479
0.132223
0.129953
0.129526
0.129083
0.128561
0.127958
0.127274
0.126511
0.125667
0.124732
0.123696
0.122531
0.121235
0.119842
0.121297
0.127865
0.127873
0.127997
0.128255
0.129204
0.129535
0.129803
0.130001
0.130114
0.130135
0.130059
0.129866
0.128965
0.128622
0.128232
0.127771
0.127238
0.126632
0.125953
0.125197
0.124356
0.12342
0.122368
0.121184
0.119878
0.120923
0.128147
0.128097
0.128128
0.128232
0.128277
0.128442
0.128588
0.128691
0.128737
0.128717
0.128626
0.128464
0.128338
0.12804
0.127677
0.12725
0.126761
0.12621
0.125599
0.124927
0.124192
0.123394
0.122536
0.121649
0.120792
0.120464
0.12835
0.128249
0.128209
0.128213
0.127963
0.128019
0.128072
0.128099
0.128086
0.128025
0.127911
0.127751
0.127823
0.12755
0.127216
0.12683
0.126393
0.125905
0.125369
0.124785
0.124155
0.123485
0.122784
0.12209
0.121473
0.121213
0.128496
0.128353
0.128257
0.128196
0.127975
0.127957
0.127943
0.127912
0.127854
0.12776
0.127628
0.127458
0.127432
0.127173
0.126864
0.126511
0.126116
0.12568
0.125207
0.1247
0.124164
0.123609
0.123051
0.122525
0.122093
0.12198
0.1286
0.12842
0.12828
0.128171
0.128033
0.127962
0.127892
0.127813
0.127716
0.127593
0.127439
0.127256
0.127089
0.126835
0.126544
0.12622
0.125862
0.125473
0.125056
0.124615
0.124157
0.123691
0.123235
0.122815
0.122482
0.122424
0.128673
0.128462
0.128285
0.128137
0.128026
0.127911
0.1278
0.127684
0.127556
0.127409
0.127241
0.127047
0.126811
0.126563
0.126288
0.125987
0.125659
0.125308
0.124936
0.124548
0.124152
0.123756
0.123376
0.123031
0.12276
0.122704
0.128721
0.128484
0.128277
0.128096
0.127957
0.127808
0.127664
0.127517
0.127364
0.127197
0.127015
0.126813
0.126568
0.126325
0.126062
0.125778
0.125474
0.125153
0.124818
0.124473
0.124123
0.123779
0.123451
0.123154
0.122914
0.122821
0.128751
0.128492
0.12826
0.128052
0.127872
0.127694
0.127523
0.127353
0.127179
0.126997
0.126804
0.126598
0.126365
0.126127
0.125874
0.125605
0.125322
0.125026
0.12472
0.124409
0.124097
0.123792
0.123502
0.123238
0.123015
0.122878
0.128767
0.12849
0.128238
0.128007
0.127794
0.127593
0.1274
0.127211
0.12702
0.126825
0.126623
0.126411
0.126187
0.125953
0.125708
0.125451
0.125183
0.124907
0.124625
0.124341
0.124057
0.123781
0.123519
0.123277
0.123065
0.122893
0.128773
0.128481
0.128211
0.127962
0.127728
0.127508
0.127298
0.127092
0.126888
0.126682
0.126472
0.126256
0.126034
0.125803
0.125564
0.125318
0.125064
0.124804
0.124541
0.124278
0.124017
0.123763
0.123521
0.123296
0.123092
0.122906
0.128772
0.128467
0.128182
0.127918
0.127669
0.127434
0.127209
0.12699
0.126775
0.12656
0.126343
0.126124
0.1259
0.125671
0.125437
0.125198
0.124954
0.124708
0.12446
0.124213
0.123969
0.123732
0.123505
0.123292
0.123095
0.122908
0.128766
0.128449
0.128152
0.127875
0.127614
0.127367
0.12713
0.1269
0.126675
0.126452
0.12623
0.126008
0.125782
0.125555
0.125324
0.125092
0.124857
0.12462
0.124384
0.12415
0.12392
0.123696
0.12348
0.123276
0.123084
0.122902
0.128755
0.128429
0.128122
0.127834
0.127563
0.127305
0.127058
0.126819
0.126586
0.126357
0.12613
0.125904
0.125678
0.125451
0.125224
0.124996
0.124767
0.124539
0.124312
0.124087
0.123867
0.123653
0.123446
0.123248
0.123061
0.122883
0.128742
0.128408
0.128092
0.127795
0.127515
0.127248
0.126992
0.126745
0.126506
0.126271
0.12604
0.125812
0.125585
0.125359
0.125134
0.124909
0.124686
0.124464
0.124244
0.124027
0.123814
0.123607
0.123407
0.123214
0.123031
0.122855
0.128727
0.128386
0.128063
0.127758
0.12747
0.127196
0.126933
0.126679
0.126434
0.126195
0.125961
0.12573
0.125502
0.125276
0.125053
0.124831
0.124611
0.124394
0.124179
0.123968
0.123761
0.12356
0.123364
0.123176
0.122995
0.12282
0.128711
0.128364
0.128035
0.127724
0.127429
0.127148
0.126879
0.12662
0.12637
0.126126
0.125889
0.125656
0.125427
0.125202
0.124979
0.12476
0.124543
0.124329
0.124118
0.123912
0.123709
0.123512
0.12332
0.123134
0.122955
0.122781
0.128695
0.128342
0.128008
0.127691
0.12739
0.127104
0.12683
0.126566
0.126312
0.126065
0.125825
0.12559
0.12536
0.125134
0.124913
0.124694
0.124479
0.124268
0.12406
0.123857
0.123658
0.123463
0.123274
0.123091
0.122913
0.12274
0.128676
0.128319
0.12798
0.127658
0.127353
0.127061
0.126783
0.126515
0.126257
0.126007
0.125765
0.125528
0.125297
0.125071
0.12485
0.124632
0.124419
0.124209
0.124004
0.123803
0.123606
0.123414
0.123227
0.123046
0.122869
0.122697
)
;
        value           nonuniform List<scalar> 
898
(
328.432
328.53
328.621
328.598
328.604
327.995
312.202
311.499
311.401
311.813
325.834
326.058
325.8
325.634
325.48
325.415
325.413
325.454
325.528
325.63
325.751
325.885
326.022
326.158
326.29
326.42
328.377
328.41
328.41
328.269
328.308
327.743
312.345
311.667
311.624
312.189
327.39
327.879
327.617
327.394
327.122
326.917
326.751
326.62
326.526
326.473
326.457
326.471
326.508
326.561
326.627
326.707
328.159
328.033
327.836
327.633
327.987
327.517
311.783
311.036
311.011
311.698
327.706
328.318
327.828
327.635
327.446
327.337
327.25
327.169
327.095
327.031
326.982
326.95
326.936
326.941
326.964
327.009
327.655
327.341
326.927
326.78
327.502
327.115
313.483
312.732
312.706
313.469
328.455
329.492
328.824
328.56
328.151
327.798
327.529
327.346
327.228
327.153
327.107
327.083
327.08
327.095
327.131
327.19
326.8
326.484
326.076
325.429
328.897
328.995
328.374
327.933
327.58
327.348
327.215
327.155
327.156
327.197
327.268
327.363
327.477
327.613
325.859
325.881
325.989
325.583
328.505
329.058
328.616
328.226
327.923
327.719
327.599
327.55
327.57
327.642
327.741
327.873
327.99
328.096
325.226
325.596
326.058
325.901
328.436
329.049
328.675
328.316
328.028
327.821
327.682
327.609
327.594
327.619
327.668
327.743
327.807
327.862
325.039
325.518
326.123
326.123
328.423
329.034
328.659
328.25
327.911
327.657
327.481
327.379
327.334
327.33
327.361
327.404
327.446
327.489
324.905
325.387
325.991
326.023
328.487
329.135
328.73
328.344
327.982
327.688
327.473
327.341
327.27
327.245
327.247
327.261
327.283
327.313
324.903
325.284
325.746
325.659
328.696
329.482
329.049
328.669
328.258
327.911
327.648
327.488
327.398
327.347
327.323
327.317
327.324
327.346
325.393
325.432
325.542
325.219
329.035
330.102
329.816
329.019
328.505
328.124
327.865
327.698
327.594
327.532
327.502
327.494
327.503
327.528
326.251
325.939
325.526
324.876
329.186
329.751
329.199
328.693
328.296
328.022
327.845
327.74
327.684
327.663
327.665
327.686
327.719
327.763
327.051
326.645
326
325.158
310.332
309.429
309.082
308.849
308.67
308.57
308.688
309.685
326.908
327.64
327.647
327.588
327.55
327.543
327.562
327.6
327.652
327.712
327.777
327.847
327.917
327.985
327.577
327.296
326.74
325.719
310.862
310.104
309.871
309.742
309.66
309.633
309.741
310.449
325.93
326.757
326.995
327.14
327.264
327.383
327.501
327.615
327.726
327.831
327.932
328.028
328.115
328.186
327.829
327.688
327.323
326.345
310.804
310.056
309.859
309.756
309.69
309.666
309.752
310.412
326.121
326.946
327.196
327.351
327.475
327.588
327.698
327.806
327.912
328.015
328.115
328.208
328.288
328.318
327.946
327.881
327.662
326.827
310.815
310.057
309.877
309.787
309.731
309.712
309.792
310.44
326.324
327.104
327.328
327.47
327.588
327.698
327.807
327.915
328.023
328.129
328.233
328.328
328.403
328.389
328.012
327.977
327.836
327.153
312.242
311.536
311.374
311.296
311.25
311.237
311.311
311.908
326.677
327.378
327.569
327.692
327.795
327.891
327.986
328.081
328.178
328.276
328.374
328.462
328.511
328.274
328.054
328.033
327.942
327.445
315.989
315.438
315.311
315.252
315.22
315.214
315.277
315.746
327.132
327.676
327.825
327.924
328.011
328.093
328.174
328.257
328.341
328.428
328.515
328.589
328.597
328.101
328.072
328.063
328.016
327.728
321.179
320.852
320.777
320.746
320.733
320.738
320.788
321.081
327.625
327.965
328.071
328.147
328.219
328.288
328.357
328.426
328.497
328.571
328.645
328.701
328.667
327.959
328.068
328.071
328.06
327.956
325.798
325.677
325.653
325.65
325.657
325.673
325.712
325.846
328.036
328.191
328.259
328.316
328.372
328.429
328.486
328.544
328.604
328.666
328.727
328.77
328.711
327.919
328.054
328.066
328.079
328.087
328.44
328.446
328.457
328.473
328.493
328.517
328.548
328.585
328.282
328.324
328.367
328.411
328.457
328.506
328.555
328.605
328.655
328.707
328.757
328.787
328.717
328.002
328.039
328.056
328.08
328.13
329.13
329.183
329.209
329.235
329.261
329.288
329.316
329.32
328.376
328.378
328.41
328.447
328.487
328.53
328.575
328.62
328.665
328.709
328.749
328.77
328.693
327.998
328.027
328.047
328.075
328.124
328.793
328.844
328.874
328.902
328.93
328.958
328.984
328.991
328.381
328.387
328.416
328.45
328.487
328.527
328.569
328.611
328.653
328.692
328.726
328.739
328.658
327.977
328.019
328.041
328.07
328.107
328.316
328.352
328.381
328.408
328.436
328.464
328.491
328.512
328.363
328.384
328.414
328.447
328.482
328.52
328.559
328.6
328.639
328.676
328.707
328.717
328.641
328.012
328.014
328.037
328.067
328.097
328.076
328.103
328.13
328.158
328.185
328.213
328.242
328.271
328.353
328.384
328.415
328.447
328.481
328.516
328.553
328.592
328.63
328.665
328.694
328.705
328.646
328.142
328.01
328.035
328.066
328.095
328.048
328.074
328.102
328.129
328.157
328.186
328.216
328.248
328.357
328.39
328.421
328.452
328.484
328.518
328.553
328.589
328.625
328.659
328.688
328.703
328.671
328.348
328.008
328.034
328.066
328.097
328.094
328.122
328.15
328.178
328.207
328.237
328.268
328.299
328.365
328.397
328.427
328.458
328.489
328.521
328.554
328.588
328.622
328.654
328.684
328.705
328.7
328.558
328.006
328.033
328.067
328.1
328.129
328.159
328.189
328.217
328.247
328.277
328.308
328.338
328.373
328.404
328.434
328.463
328.493
328.524
328.555
328.587
328.62
328.651
328.681
328.706
328.722
328.708
328.005
328.033
328.067
328.102
328.14
328.171
328.201
328.231
328.26
328.291
328.322
328.352
328.379
328.41
328.439
328.468
328.497
328.527
328.557
328.587
328.618
328.648
328.677
328.705
328.732
328.778
328.005
328.033
328.069
328.104
328.139
328.171
328.202
328.232
328.262
328.293
328.324
328.354
328.384
328.414
328.443
328.472
328.501
328.529
328.558
328.587
328.617
328.646
328.675
328.703
328.733
328.79
328.005
328.034
328.07
328.105
328.138
328.17
328.201
328.232
328.263
328.294
328.325
328.355
328.387
328.418
328.447
328.476
328.504
328.532
328.56
328.588
328.616
328.644
328.673
328.701
328.731
328.779
328.005
328.035
328.071
328.107
328.139
328.171
328.203
328.235
328.266
328.297
328.327
328.358
328.391
328.422
328.451
328.479
328.507
328.535
328.562
328.589
328.617
328.644
328.672
328.699
328.728
328.767
328.006
328.036
328.072
328.108
328.141
328.174
328.206
328.238
328.27
328.301
328.332
328.362
328.394
328.425
328.454
328.482
328.51
328.537
328.564
328.591
328.617
328.644
328.672
328.699
328.727
328.761
328.007
328.037
328.073
328.109
328.143
328.176
328.209
328.242
328.273
328.305
328.336
328.366
328.397
328.428
328.457
328.485
328.513
328.54
328.566
328.593
328.619
328.646
328.672
328.699
328.727
328.761
328.008
328.039
328.075
328.111
328.145
328.179
328.212
328.245
328.277
328.308
328.339
328.37
328.401
328.431
328.46
328.488
328.516
328.543
328.569
328.595
328.621
328.648
328.674
328.701
328.728
328.762
328.011
328.041
328.078
328.114
328.149
328.183
328.217
328.25
328.282
328.313
328.344
328.375
328.405
328.435
328.464
328.493
328.52
328.547
328.573
328.6
328.626
328.652
328.678
328.704
328.731
328.765
328.019
328.051
328.088
328.125
328.16
328.195
328.229
328.262
328.294
328.326
328.357
328.388
328.418
328.447
328.476
328.505
328.532
328.559
328.586
328.612
328.639
328.665
328.691
328.716
328.742
328.775
)
;
        Tnbr            T;
        qrNbr           qr;
        qr              none;
        thermalInertia  false;
        thicknessLayers List<scalar> 0();
        kappaLayers     List<scalar> 0();
        kappaMethod     solidThermo;
        kappa           none;
        alphaAni        none;
        alpha           none;
    }
    concrete_to_asphalt
    {
        type            compressible::turbulentTemperatureRadCoupledMixed;
        refValue        nonuniform List<scalar> 
52
(
325.857
325.889
325.923
325.957
325.99
326.022
326.053
326.084
326.114
326.143
326.172
326.2
326.228
326.255
326.281
326.307
326.333
326.358
326.382
326.407
326.431
326.455
326.478
326.502
326.525
326.552
327.262
327.298
327.334
327.37
327.404
327.438
327.471
327.504
327.535
327.566
327.596
327.626
327.655
327.683
327.711
327.739
327.766
327.792
327.818
327.844
327.869
327.895
327.919
327.944
327.968
327.995
)
;
        refGradient     uniform 0;
        valueFraction   nonuniform List<scalar> 
52
(
0.529412
0.529412
0.529412
0.529412
0.529412
0.529412
0.529412
0.529412
0.529412
0.529412
0.529412
0.529412
0.529412
0.529412
0.529412
0.529412
0.529412
0.529412
0.529412
0.529412
0.529412
0.529412
0.529412
0.529412
0.529412
0.529412
0.529412
0.529412
0.529412
0.529412
0.529412
0.529412
0.529412
0.529412
0.529412
0.529412
0.529412
0.529412
0.529412
0.529412
0.529412
0.529412
0.529412
0.529412
0.529412
0.529412
0.529412
0.529412
0.529412
0.529412
0.529412
0.529412
)
;
        value           nonuniform List<scalar> 
52
(
325.787
325.814
325.848
325.881
325.914
325.946
325.977
326.007
326.037
326.066
326.095
326.123
326.151
326.178
326.204
326.23
326.256
326.281
326.305
326.329
326.353
326.377
326.401
326.425
326.449
326.482
327.256
327.288
327.324
327.36
327.394
327.428
327.461
327.493
327.525
327.556
327.586
327.615
327.645
327.673
327.701
327.729
327.756
327.782
327.808
327.834
327.859
327.885
327.909
327.934
327.959
327.99
)
;
        Tnbr            T;
        qrNbr           none;
        qr              none;
        thermalInertia  false;
        thicknessLayers List<scalar> 0();
        kappaLayers     List<scalar> 0();
        kappaMethod     solidThermo;
        kappa           none;
        alphaAni        none;
        alpha           none;
    }
    concrete_to_soil2
    {
        type            compressible::turbulentTemperatureRadCoupledMixed;
        refValue        nonuniform List<scalar> 
200
(
326.245
326.342
326.434
326.454
326.361
325.083
312.367
311.039
310.829
311.531
321.172
322.131
322.359
322.56
322.718
322.882
323.047
323.206
323.362
323.514
323.663
323.809
323.948
324.078
324.2
324.316
326.142
324.502
326.119
324.722
326
324.969
325.656
325.173
324.931
325.604
323.916
325.963
323.031
325.737
322.702
325.407
322.521
325.241
322.569
325.261
323.265
325.422
324.201
325.646
324.911
325.829
325.308
326.037
325.513
325.696
325.653
326.279
325.767
323.566
325.848
318.355
325.885
313.938
325.886
311.974
325.869
311.604
325.85
311.577
325.837
311.649
325.828
312.611
325.822
315.241
325.818
319.208
325.815
323.167
325.812
325.879
325.81
327.03
325.809
327.119
325.809
326.838
325.809
326.608
325.809
326.528
325.81
326.534
325.811
326.557
325.813
326.57
325.817
326.577
327.669
327.776
327.882
327.92
327.912
326.957
312.432
311.421
311.218
311.649
322.634
323.339
323.527
323.74
323.912
324.092
324.272
324.445
324.612
324.776
324.936
325.092
325.24
325.379
325.509
325.63
327.564
325.826
327.548
326.066
327.433
326.329
327.078
326.532
326.306
327.003
325.209
327.403
324.265
327.144
323.962
326.783
323.793
326.606
323.844
326.631
324.613
326.805
325.639
327.047
326.4
327.241
326.805
327.489
326.994
327.076
327.111
327.911
327.205
324.922
327.27
319.063
327.298
314.137
327.294
312.018
327.276
311.669
327.257
311.652
327.243
311.693
327.234
312.706
327.228
315.593
327.223
319.988
327.22
324.37
327.217
327.347
327.215
328.578
327.214
328.64
327.214
328.308
327.214
328.051
327.214
327.966
327.214
327.976
327.215
328.002
327.217
328.016
327.221
328.022
)
;
        refGradient     uniform 0;
        valueFraction   nonuniform List<scalar> 
200
(
0.529412
0.529412
0.529412
0.529412
0.529412
0.529412
0.529412
0.529412
0.529412
0.529412
0.529412
0.529412
0.529412
0.529412
0.529412
0.529412
0.529412
0.529412
0.529412
0.529412
0.529412
0.529412
0.529412
0.529412
0.529412
0.529412
0.529412
0.529412
0.529412
0.529412
0.529412
0.529412
0.529412
0.529412
0.529412
0.529412
0.529412
0.529412
0.529412
0.529412
0.529412
0.529412
0.529412
0.529412
0.529412
0.529412
0.529412
0.529412
0.529412
0.529412
0.529412
0.529412
0.529412
0.529412
0.529412
0.529412
0.529412
0.529412
0.529412
0.529412
0.529412
0.529412
0.529412
0.529412
0.529412
0.529412
0.529412
0.529412
0.529412
0.529412
0.529412
0.529412
0.529412
0.529412
0.529412
0.529412
0.529412
0.529412
0.529412
0.529412
0.529412
0.529412
0.529412
0.529412
0.529412
0.529412
0.529412
0.529412
0.529412
0.529412
0.529412
0.529412
0.529412
0.529412
0.529412
0.529412
0.529412
0.529412
0.529412
0.529412
0.529412
0.529412
0.529412
0.529412
0.529412
0.529412
0.529412
0.529412
0.529412
0.529412
0.529412
0.529412
0.529412
0.529412
0.529412
0.529412
0.529412
0.529412
0.529412
0.529412
0.529412
0.529412
0.529412
0.529412
0.529412
0.529412
0.529412
0.529412
0.529412
0.529412
0.529412
0.529412
0.529412
0.529412
0.529412
0.529412
0.529412
0.529412
0.529412
0.529412
0.529412
0.529412
0.529412
0.529412
0.529412
0.529412
0.529412
0.529412
0.529412
0.529412
0.529412
0.529412
0.529412
0.529412
0.529412
0.529412
0.529412
0.529412
0.529412
0.529412
0.529412
0.529412
0.529412
0.529412
0.529412
0.529412
0.529412
0.529412
0.529412
0.529412
0.529412
0.529412
0.529412
0.529412
0.529412
0.529412
0.529412
0.529412
0.529412
0.529412
0.529412
0.529412
0.529412
0.529412
0.529412
0.529412
0.529412
0.529412
0.529412
0.529412
0.529412
0.529412
0.529412
0.529412
0.529412
0.529412
0.529412
0.529412
0.529412
0.529412
)
;
        value           nonuniform List<scalar> 
200
(
326.168
326.254
326.333
326.323
326.213
324.956
312.228
310.917
310.755
311.573
321.979
322.884
322.964
323.018
323.046
323.109
323.196
323.297
323.409
323.531
323.66
323.792
323.922
324.048
324.168
324.288
326.114
324.387
326.068
324.617
325.903
324.874
325.501
325.069
324.758
325.472
323.83
325.852
323.091
325.646
322.823
325.321
322.667
325.158
322.698
325.18
323.27
325.34
324.117
325.558
324.827
325.749
325.264
325.942
325.49
325.807
325.623
326.14
325.72
324.585
325.785
321.625
325.816
319.112
325.817
317.994
325.803
317.807
325.787
317.789
325.775
317.827
325.767
318.385
325.762
319.905
325.758
322.196
325.755
324.484
325.753
326.058
325.752
326.734
325.751
326.794
325.751
326.636
325.751
326.505
325.751
326.457
325.752
326.46
325.753
326.474
325.756
326.483
325.767
326.495
327.659
327.758
327.852
327.859
327.835
326.924
312.325
311.346
311.191
311.716
323.657
324.252
324.258
324.302
324.327
324.394
324.489
324.598
324.72
324.853
324.992
325.135
325.275
325.41
325.538
325.663
327.604
325.767
327.567
326.021
327.403
326.297
326.984
326.491
326.187
326.931
325.182
327.356
324.394
327.118
324.142
326.76
323.991
326.586
324.02
326.614
324.648
326.788
325.577
327.023
326.342
327.226
326.797
327.448
327.015
327.285
327.134
327.759
327.217
326.097
327.272
322.865
327.296
320.147
327.293
318.983
327.277
318.827
327.261
318.815
327.248
318.831
327.239
319.395
327.234
321.012
327.23
323.473
327.227
325.929
327.224
327.602
327.223
328.3
327.222
328.341
327.222
328.158
327.222
328.015
327.223
327.966
327.224
327.971
327.225
327.986
327.227
327.995
327.234
328.004
)
;
        Tnbr            T;
        qrNbr           none;
        qr              none;
        thermalInertia  false;
        thicknessLayers List<scalar> 0();
        kappaLayers     List<scalar> 0();
        kappaMethod     solidThermo;
        kappa           none;
        alphaAni        none;
        alpha           none;
    }
    concrete_to_buildings
    {
        type            externalWallHeatFluxTemperature;
        mode            coefficient;
        kappaMethod     solidThermo;
        kappa           none;
        alphaAni        none;
        alpha           none;
        h               constant 10;
        Ta              constant 293.15;
        thicknessLayers List<scalar> 1(0.3);
        kappaLayers     List<scalar> 1(1.6);
        qr              none;
        refValue        uniform 293.15;
        refGradient     uniform 0;
        valueFraction   nonuniform List<scalar> 
64
(
0.0980392
0.0980392
0.0980392
0.0980392
0.0980392
0.0980392
0.0980392
0.0980392
0.0980392
0.0980392
0.0980392
0.0980392
0.0980392
0.0980392
0.0980392
0.0980392
0.0980392
0.0980392
0.0980392
0.0980392
0.0980392
0.0980392
0.0980392
0.0980392
0.0980392
0.0980392
0.0980392
0.0980392
0.0980392
0.0980392
0.0980392
0.0980392
0.0980392
0.0980392
0.0980392
0.0980392
0.0980392
0.0980392
0.0980392
0.0980392
0.0980392
0.0980392
0.0980392
0.0980392
0.0980392
0.0980392
0.0980392
0.0980392
0.0980392
0.0980392
0.0980392
0.0980392
0.0980392
0.0980392
0.0980392
0.0980392
0.0980392
0.0980392
0.0980392
0.0980392
0.0980392
0.0980392
0.0980392
0.0980392
)
;
        value           nonuniform List<scalar> 
64
(
301.224
298.828
297.364
296.975
296.982
297.406
299.017
301.716
298.992
296.227
295.464
295.243
295.249
295.494
296.331
299.366
298.578
295.693
295.006
294.824
294.829
295.03
295.779
298.909
298.491
295.565
294.884
294.711
294.716
294.907
295.646
298.803
298.466
295.546
294.87
294.699
294.704
294.893
295.629
298.797
298.474
295.6
294.939
294.772
294.777
294.962
295.691
298.858
298.629
295.863
295.235
295.077
295.078
295.25
295.949
299.061
299.562
297.099
296.552
296.404
296.39
296.521
297.114
299.925
)
;
    }
    concrete_to_soil1
    {
        type            compressible::turbulentTemperatureRadCoupledMixed;
        refValue        nonuniform List<scalar> 
962
(
324.589
324.647
324.698
324.641
324.434
322.947
311.831
310.304
310.191
311.358
321.163
322.267
322.274
322.193
322.096
322.052
322.052
322.085
322.144
322.224
322.32
322.427
322.538
322.649
322.759
322.88
324.507
324.503
324.472
324.324
324.126
322.682
311.802
310.316
310.267
311.624
322.286
323.629
323.643
323.513
323.321
323.165
323.042
322.947
322.882
322.847
322.842
322.86
322.896
322.946
323.008
323.095
324.297
324.162
323.97
323.735
323.621
322.226
311.297
309.803
309.782
311.249
322.386
323.902
323.925
323.853
323.71
323.598
323.505
323.425
323.357
323.304
323.267
323.246
323.241
323.253
323.282
323.344
323.852
323.568
323.179
322.727
321.767
320.321
311.114
309.814
309.806
311.177
321.253
323.2
324.334
324.481
324.247
323.982
323.765
323.61
323.509
323.446
323.41
323.395
323.397
323.416
323.456
323.529
323.144
322.845
322.325
320.486
304.406
301.19
299.215
298.652
298.662
299.276
301.449
305.065
323.054
324.653
324.447
324.132
323.851
323.657
323.544
323.491
323.489
323.521
323.577
323.652
323.745
323.87
322.378
322.325
322.095
320.077
301.452
297.731
296.63
296.307
296.316
296.674
297.882
301.967
322.385
324.627
324.612
324.35
324.103
323.927
323.821
323.777
323.791
323.85
323.929
324.028
324.123
324.228
321.84
322.057
322.08
320.144
300.851
296.962
295.966
295.699
295.707
296.002
297.086
301.308
322.196
324.591
324.657
324.425
324.19
324.011
323.892
323.829
323.817
323.84
323.884
323.945
324.004
324.071
321.635
321.961
322.099
320.248
300.72
296.773
295.788
295.533
295.54
295.822
296.891
301.153
322.151
324.577
324.653
324.393
324.124
323.909
323.759
323.671
323.632
323.629
323.654
323.69
323.729
323.783
321.512
321.852
321.993
320.165
300.684
296.745
295.767
295.516
295.523
295.801
296.867
301.143
322.203
324.665
324.727
324.476
324.184
323.935
323.752
323.637
323.576
323.553
323.554
323.568
323.591
323.635
321.53
321.784
321.813
319.921
300.7
296.825
295.868
295.623
295.63
295.902
296.957
301.23
322.381
324.94
324.994
324.726
324.394
324.105
323.886
323.749
323.67
323.627
323.608
323.606
323.618
323.655
321.928
321.922
321.688
319.675
300.929
297.204
296.297
296.064
296.066
296.319
297.33
301.52
322.666
325.357
325.475
324.975
324.571
324.261
324.046
323.907
323.822
323.773
323.751
323.748
323.761
323.801
322.61
322.337
321.755
319.658
302.171
298.863
298.072
297.857
297.838
298.033
298.894
302.663
322.805
325.063
325.021
324.694
324.393
324.174
324.031
323.945
323.901
323.885
323.889
323.909
323.941
323.996
323.265
322.918
322.213
320.439
309.371
307.497
306.959
306.718
306.589
306.598
307.007
309.091
321.813
323.624
323.88
323.874
323.839
323.823
323.83
323.855
323.894
323.941
323.995
324.052
324.112
324.181
323.72
323.458
322.82
321.032
310.392
308.775
308.362
308.2
308.127
308.156
308.473
310.11
321.241
322.937
323.34
323.498
323.6
323.691
323.781
323.871
323.959
324.045
324.127
324.206
324.277
324.344
323.966
323.806
323.305
321.546
310.545
308.945
308.573
308.438
308.381
308.408
308.689
310.238
321.359
323.024
323.438
323.614
323.73
323.828
323.922
324.014
324.104
324.192
324.277
324.354
324.414
324.423
324.097
323.995
323.61
321.953
310.73
309.131
308.779
308.659
308.612
308.639
308.905
310.416
321.557
323.17
323.557
323.723
323.835
323.932
324.025
324.117
324.208
324.298
324.384
324.458
324.5
324.457
324.177
324.099
323.797
322.342
311.954
310.486
310.17
310.066
310.027
310.054
310.294
311.674
321.963
323.423
323.763
323.908
324.007
324.092
324.174
324.257
324.34
324.423
324.502
324.56
324.54
324.146
324.23
324.166
323.947
322.841
314.838
313.697
313.45
313.37
313.343
313.368
313.561
314.637
322.589
323.724
323.991
324.108
324.19
324.264
324.334
324.405
324.478
324.551
324.618
324.652
324.538
323.614
324.256
324.211
324.079
323.416
318.751
318.061
317.909
317.863
317.852
317.875
318.006
318.67
323.331
324.033
324.212
324.299
324.366
324.427
324.487
324.547
324.608
324.669
324.723
324.731
324.529
323.148
324.261
324.234
324.18
323.917
322.262
321.986
321.924
321.911
321.916
321.939
322.012
322.3
323.98
324.285
324.385
324.445
324.497
324.547
324.597
324.648
324.699
324.75
324.791
324.78
324.527
322.926
324.253
324.241
324.238
324.224
324.341
324.325
324.323
324.333
324.35
324.373
324.409
324.461
324.385
324.442
324.489
324.531
324.573
324.615
324.658
324.701
324.745
324.786
324.817
324.793
324.523
322.912
324.241
324.238
324.259
324.336
324.969
325.049
325.075
325.096
325.118
325.142
325.161
325.128
324.543
324.51
324.535
324.567
324.602
324.639
324.678
324.717
324.755
324.791
324.813
324.781
324.504
322.902
324.231
324.232
324.258
324.332
324.792
324.868
324.899
324.924
324.947
324.971
324.988
324.961
324.551
324.525
324.545
324.573
324.605
324.64
324.676
324.712
324.747
324.778
324.796
324.76
324.486
322.914
324.225
324.227
324.251
324.296
324.459
324.505
324.532
324.557
324.58
324.604
324.625
324.629
324.516
324.521
324.544
324.572
324.602
324.635
324.669
324.703
324.736
324.766
324.781
324.747
324.496
323.048
324.22
324.223
324.245
324.271
324.274
324.299
324.323
324.347
324.371
324.395
324.419
324.444
324.493
324.519
324.545
324.572
324.601
324.632
324.664
324.697
324.728
324.756
324.773
324.748
324.547
323.38
324.217
324.22
324.243
324.265
324.242
324.261
324.285
324.309
324.333
324.358
324.384
324.415
324.491
324.522
324.549
324.576
324.604
324.633
324.663
324.694
324.724
324.752
324.771
324.76
324.631
323.868
324.214
324.219
324.243
324.267
324.27
324.292
324.316
324.34
324.365
324.391
324.418
324.447
324.498
324.528
324.554
324.581
324.608
324.635
324.664
324.693
324.722
324.749
324.77
324.775
324.718
324.359
324.213
324.219
324.244
324.271
324.295
324.32
324.346
324.371
324.396
324.422
324.449
324.476
324.507
324.534
324.56
324.585
324.611
324.638
324.665
324.692
324.72
324.747
324.771
324.787
324.783
324.713
324.212
324.219
324.245
324.274
324.305
324.331
324.357
324.383
324.409
324.435
324.462
324.488
324.513
324.539
324.564
324.589
324.615
324.64
324.666
324.692
324.719
324.745
324.769
324.793
324.818
324.885
324.212
324.219
324.246
324.275
324.305
324.332
324.359
324.385
324.411
324.438
324.465
324.491
324.517
324.543
324.568
324.593
324.618
324.642
324.667
324.693
324.718
324.743
324.768
324.794
324.827
324.923
324.212
324.219
324.247
324.276
324.305
324.332
324.359
324.386
324.412
324.439
324.466
324.492
324.52
324.546
324.571
324.596
324.62
324.645
324.669
324.693
324.717
324.742
324.766
324.792
324.825
324.902
324.212
324.22
324.248
324.278
324.306
324.333
324.361
324.388
324.415
324.442
324.468
324.495
324.523
324.549
324.574
324.599
324.623
324.647
324.671
324.694
324.718
324.741
324.766
324.791
324.821
324.877
324.213
324.221
324.249
324.279
324.307
324.336
324.363
324.391
324.418
324.445
324.472
324.498
324.526
324.552
324.577
324.602
324.626
324.649
324.672
324.695
324.719
324.742
324.765
324.79
324.818
324.865
324.214
324.222
324.25
324.28
324.309
324.338
324.366
324.394
324.422
324.449
324.475
324.502
324.529
324.555
324.58
324.605
324.628
324.652
324.675
324.697
324.72
324.743
324.766
324.79
324.818
324.863
324.215
324.224
324.252
324.282
324.312
324.341
324.37
324.398
324.426
324.453
324.48
324.506
324.532
324.558
324.584
324.608
324.632
324.655
324.678
324.7
324.723
324.746
324.769
324.792
324.82
324.866
324.22
324.23
324.258
324.289
324.319
324.348
324.377
324.406
324.434
324.461
324.488
324.514
324.54
324.566
324.591
324.616
324.639
324.663
324.685
324.708
324.731
324.753
324.776
324.799
324.826
324.872
324.241
324.255
324.285
324.316
324.346
324.376
324.405
324.434
324.462
324.489
324.516
324.543
324.569
324.594
324.619
324.644
324.668
324.691
324.714
324.737
324.759
324.782
324.804
324.827
324.852
324.895
)
;
        refGradient     uniform 0;
        valueFraction   nonuniform List<scalar> 
962
(
0.52519
0.52519
0.52519
0.52519
0.52519
0.52519
0.52519
0.52519
0.52519
0.52519
0.52519
0.52519
0.52519
0.52519
0.52519
0.52519
0.52519
0.52519
0.52519
0.52519
0.52519
0.52519
0.52519
0.52519
0.52519
0.52519
0.52519
0.52519
0.52519
0.52519
0.52519
0.52519
0.52519
0.52519
0.52519
0.52519
0.52519
0.52519
0.52519
0.52519
0.52519
0.52519
0.52519
0.52519
0.52519
0.52519
0.52519
0.52519
0.52519
0.52519
0.52519
0.52519
0.52519
0.52519
0.52519
0.52519
0.52519
0.52519
0.52519
0.52519
0.52519
0.52519
0.52519
0.52519
0.52519
0.52519
0.52519
0.52519
0.52519
0.52519
0.52519
0.52519
0.52519
0.52519
0.52519
0.52519
0.52519
0.52519
0.52519
0.52519
0.52519
0.52519
0.52519
0.52519
0.52519
0.52519
0.52519
0.52519
0.52519
0.52519
0.52519
0.52519
0.52519
0.52519
0.52519
0.52519
0.52519
0.52519
0.52519
0.52519
0.52519
0.52519
0.52519
0.52519
0.52519
0.52519
0.52519
0.52519
0.52519
0.52519
0.52519
0.52519
0.52519
0.52519
0.52519
0.52519
0.52519
0.52519
0.52519
0.52519
0.52519
0.52519
0.52519
0.52519
0.52519
0.52519
0.52519
0.52519
0.52519
0.52519
0.52519
0.52519
0.52519
0.52519
0.52519
0.52519
0.52519
0.52519
0.52519
0.52519
0.52519
0.52519
0.52519
0.52519
0.52519
0.52519
0.52519
0.52519
0.52519
0.52519
0.52519
0.52519
0.52519
0.52519
0.52519
0.52519
0.52519
0.52519
0.52519
0.52519
0.52519
0.52519
0.52519
0.52519
0.52519
0.52519
0.52519
0.52519
0.52519
0.52519
0.52519
0.52519
0.52519
0.52519
0.52519
0.52519
0.52519
0.52519
0.52519
0.52519
0.52519
0.52519
0.52519
0.52519
0.52519
0.52519
0.52519
0.52519
0.52519
0.52519
0.52519
0.52519
0.52519
0.52519
0.52519
0.52519
0.52519
0.52519
0.52519
0.52519
0.52519
0.52519
0.52519
0.52519
0.52519
0.52519
0.52519
0.52519
0.52519
0.52519
0.52519
0.52519
0.52519
0.52519
0.52519
0.52519
0.52519
0.52519
0.52519
0.52519
0.52519
0.52519
0.52519
0.52519
0.52519
0.52519
0.52519
0.52519
0.52519
0.52519
0.52519
0.52519
0.52519
0.52519
0.52519
0.52519
0.52519
0.52519
0.52519
0.52519
0.52519
0.52519
0.52519
0.52519
0.52519
0.52519
0.52519
0.52519
0.52519
0.52519
0.52519
0.52519
0.52519
0.52519
0.52519
0.52519
0.52519
0.52519
0.52519
0.52519
0.52519
0.52519
0.52519
0.52519
0.52519
0.52519
0.52519
0.52519
0.52519
0.52519
0.52519
0.52519
0.52519
0.52519
0.52519
0.52519
0.52519
0.52519
0.52519
0.52519
0.52519
0.52519
0.52519
0.52519
0.52519
0.52519
0.52519
0.52519
0.52519
0.52519
0.52519
0.52519
0.52519
0.52519
0.52519
0.52519
0.52519
0.52519
0.52519
0.52519
0.52519
0.52519
0.52519
0.52519
0.52519
0.52519
0.52519
0.52519
0.52519
0.52519
0.52519
0.52519
0.52519
0.52519
0.52519
0.52519
0.52519
0.52519
0.52519
0.52519
0.52519
0.52519
0.52519
0.52519
0.52519
0.52519
0.52519
0.52519
0.52519
0.52519
0.52519
0.52519
0.52519
0.52519
0.52519
0.52519
0.52519
0.52519
0.52519
0.52519
0.52519
0.52519
0.52519
0.52519
0.52519
0.52519
0.52519
0.52519
0.52519
0.52519
0.52519
0.52519
0.52519
0.52519
0.52519
0.52519
0.52519
0.52519
0.52519
0.52519
0.52519
0.52519
0.52519
0.52519
0.52519
0.52519
0.52519
0.52519
0.52519
0.52519
0.52519
0.52519
0.52519
0.52519
0.52519
0.52519
0.52519
0.52519
0.52519
0.52519
0.52519
0.52519
0.52519
0.52519
0.52519
0.52519
0.52519
0.52519
0.52519
0.52519
0.52519
0.52519
0.52519
0.52519
0.52519
0.52519
0.52519
0.52519
0.52519
0.52519
0.52519
0.52519
0.52519
0.52519
0.52519
0.52519
0.52519
0.52519
0.52519
0.52519
0.52519
0.52519
0.52519
0.52519
0.52519
0.52519
0.52519
0.52519
0.52519
0.52519
0.52519
0.52519
0.52519
0.52519
0.52519
0.52519
0.52519
0.52519
0.52519
0.52519
0.52519
0.52519
0.52519
0.52519
0.52519
0.52519
0.52519
0.52519
0.52519
0.52519
0.52519
0.52519
0.52519
0.52519
0.52519
0.52519
0.52519
0.52519
0.52519
0.52519
0.52519
0.52519
0.52519
0.52519
0.52519
0.52519
0.52519
0.52519
0.52519
0.52519
0.52519
0.52519
0.52519
0.52519
0.52519
0.52519
0.52519
0.52519
0.52519
0.52519
0.52519
0.52519
0.52519
0.52519
0.52519
0.52519
0.52519
0.52519
0.52519
0.52519
0.52519
0.52519
0.52519
0.52519
0.52519
0.52519
0.52519
0.52519
0.52519
0.52519
0.52519
0.52519
0.52519
0.52519
0.52519
0.52519
0.52519
0.52519
0.52519
0.52519
0.52519
0.52519
0.52519
0.52519
0.52519
0.52519
0.52519
0.52519
0.52519
0.52519
0.52519
0.52519
0.52519
0.52519
0.52519
0.52519
0.52519
0.52519
0.52519
0.52519
0.52519
0.52519
0.52519
0.52519
0.52519
0.52519
0.52519
0.52519
0.52519
0.52519
0.52519
0.52519
0.52519
0.52519
0.52519
0.52519
0.52519
0.52519
0.52519
0.52519
0.52519
0.52519
0.52519
0.52519
0.52519
0.52519
0.52519
0.52519
0.52519
0.52519
0.52519
0.52519
0.52519
0.52519
0.52519
0.52519
0.52519
0.52519
0.52519
0.52519
0.52519
0.52519
0.52519
0.52519
0.52519
0.52519
0.52519
0.52519
0.52519
0.52519
0.52519
0.52519
0.52519
0.52519
0.52519
0.52519
0.52519
0.52519
0.52519
0.52519
0.52519
0.52519
0.52519
0.52519
0.52519
0.52519
0.52519
0.52519
0.52519
0.52519
0.52519
0.52519
0.52519
0.52519
0.52519
0.52519
0.52519
0.52519
0.52519
0.52519
0.52519
0.52519
0.52519
0.52519
0.52519
0.52519
0.52519
0.52519
0.52519
0.52519
0.52519
0.52519
0.52519
0.52519
0.52519
0.52519
0.52519
0.52519
0.52519
0.52519
0.52519
0.52519
0.52519
0.52519
0.52519
0.52519
0.52519
0.52519
0.52519
0.52519
0.52519
0.52519
0.52519
0.52519
0.52519
0.52519
0.52519
0.52519
0.52519
0.52519
0.52519
0.52519
0.52519
0.52519
0.52519
0.52519
0.52519
0.52519
0.52519
0.52519
0.52519
0.52519
0.52519
0.52519
0.52519
0.52519
0.52519
0.52519
0.52519
0.52519
0.52519
0.52519
0.52519
0.52519
0.52519
0.52519
0.52519
0.52519
0.52519
0.52519
0.52519
0.52519
0.52519
0.52519
0.52519
0.52519
0.52519
0.52519
0.52519
0.52519
0.52519
0.52519
0.52519
0.52519
0.52519
0.52519
0.52519
0.52519
0.52519
0.52519
0.52519
0.52519
0.52519
0.52519
0.52519
0.52519
0.52519
0.52519
0.52519
0.52519
0.52519
0.52519
0.52519
0.52519
0.52519
0.52519
0.52519
0.52519
0.52519
0.52519
0.52519
0.52519
0.52519
0.52519
0.52519
0.52519
0.52519
0.52519
0.52519
0.52519
0.52519
0.52519
0.52519
0.52519
0.52519
0.52519
0.52519
0.52519
0.52519
0.52519
0.52519
0.52519
0.52519
0.52519
0.52519
0.52519
0.52519
0.52519
0.52519
0.52519
0.52519
0.52519
0.52519
0.52519
0.52519
0.52519
0.52519
0.52519
0.52519
0.52519
0.52519
0.52519
0.52519
0.52519
0.52519
0.52519
0.52519
0.52519
0.52519
0.52519
0.52519
0.52519
0.52519
0.52519
0.52519
0.52519
0.52519
0.52519
0.52519
0.52519
0.52519
0.52519
0.52519
0.52519
0.52519
0.52519
0.52519
0.52519
0.52519
0.52519
0.52519
0.52519
0.52519
0.52519
0.52519
0.52519
0.52519
0.52519
0.52519
0.52519
0.52519
0.52519
0.52519
0.52519
0.52519
0.52519
0.52519
0.52519
0.52519
0.52519
0.52519
0.52519
0.52519
0.52519
0.52519
0.52519
0.52519
0.52519
0.52519
0.52519
0.52519
0.52519
0.52519
0.52519
0.52519
0.52519
0.52519
0.52519
0.52519
0.52519
0.52519
0.52519
0.52519
0.52519
0.52519
0.52519
0.52519
0.52519
0.52519
0.52519
0.52519
0.52519
0.52519
0.52519
0.52519
0.52519
0.52519
0.52519
0.52519
0.52519
0.52519
0.52519
0.52519
0.52519
0.52519
0.52519
0.52519
0.52519
0.52519
0.52519
0.52519
0.52519
0.52519
0.52519
0.52519
0.52519
0.52519
0.52519
0.52519
0.52519
0.52519
0.52519
0.52519
0.52519
0.52519
0.52519
0.52519
0.52519
0.52519
0.52519
0.52519
0.52519
0.52519
0.52519
0.52519
0.52519
0.52519
0.52519
0.52519
0.52519
0.52519
0.52519
0.52519
0.52519
0.52519
0.52519
0.52519
0.52519
0.52519
0.52519
0.52519
0.52519
0.52519
0.52519
0.52519
0.52519
0.52519
0.52519
0.52519
0.52519
0.52519
0.52519
0.52519
0.52519
0.52519
0.52519
0.52519
0.52519
0.52519
0.52519
0.52519
0.52519
0.52519
0.52519
0.52519
0.52519
0.52519
0.52519
0.52519
0.52519
0.52519
0.52519
0.52519
0.52519
0.52519
0.52519
0.52519
0.52519
0.52519
0.52519
0.52519
0.52519
0.52519
0.52519
0.52519
0.52519
0.52519
0.52519
0.52519
0.52519
0.52519
0.52519
0.52519
0.52519
0.52519
0.52519
0.52519
0.52519
0.52519
0.52519
0.52519
0.52519
0.52519
0.52519
0.52519
0.52519
0.52519
0.52519
0.52519
0.52519
0.52519
0.52519
)
;
        value           nonuniform List<scalar> 
962
(
325.298
325.363
325.421
325.37
325.199
323.833
311.945
310.53
310.419
311.483
321.981
322.962
322.924
322.829
322.722
322.675
322.675
322.709
322.77
322.854
322.955
323.066
323.182
323.297
323.411
323.534
325.22
325.222
325.196
325.05
324.893
323.571
311.944
310.567
310.518
311.769
323.179
324.404
324.371
324.223
324.018
323.854
323.724
323.622
323.552
323.515
323.508
323.525
323.562
323.612
323.675
323.761
325.008
324.874
324.682
324.453
324.418
323.153
311.435
310.039
310.017
311.381
323.32
324.71
324.646
324.552
324.4
324.287
324.194
324.113
324.045
323.99
323.95
323.927
323.921
323.932
323.961
324.019
324.552
324.262
323.87
323.47
322.748
321.455
311.535
310.304
310.293
311.587
322.454
324.272
325.155
325.23
324.965
324.685
324.458
324.299
324.194
324.129
324.092
324.075
324.076
324.095
324.134
324.205
323.817
323.516
323.016
321.336
303.95
300.833
298.921
298.386
298.395
298.979
301.083
304.589
324.055
325.447
325.171
324.833
324.539
324.339
324.222
324.167
324.166
324.2
324.258
324.337
324.433
324.56
323.022
322.981
322.809
321.017
301.076
297.472
296.424
296.118
296.126
296.466
297.615
301.572
323.431
325.437
325.35
325.064
324.807
324.626
324.517
324.472
324.487
324.548
324.631
324.736
324.835
324.94
322.466
322.71
322.808
321.125
300.505
296.74
295.793
295.54
295.547
295.827
296.858
300.944
323.261
325.406
325.397
325.142
324.897
324.713
324.59
324.526
324.513
324.536
324.581
324.645
324.704
324.77
322.263
322.616
322.835
321.249
300.382
296.561
295.624
295.383
295.39
295.656
296.673
300.798
323.222
325.392
325.39
325.105
324.822
324.6
324.446
324.355
324.315
324.312
324.338
324.375
324.415
324.467
322.138
322.503
322.724
321.163
300.347
296.534
295.604
295.367
295.373
295.636
296.65
300.788
323.276
325.482
325.465
325.189
324.884
324.627
324.438
324.32
324.257
324.234
324.235
324.249
324.272
324.314
322.153
322.429
322.533
320.899
300.362
296.61
295.7
295.468
295.474
295.732
296.736
300.871
323.46
325.77
325.742
325.453
325.106
324.806
324.58
324.438
324.357
324.313
324.293
324.29
324.301
324.336
322.568
322.57
322.395
320.62
300.578
296.971
296.108
295.888
295.889
296.129
297.091
301.148
323.755
326.221
326.269
325.718
325.294
324.972
324.749
324.605
324.517
324.466
324.442
324.438
324.451
324.488
323.281
323.001
322.448
320.551
301.784
298.579
297.826
297.622
297.604
297.788
298.606
302.26
323.892
325.915
325.788
325.429
325.111
324.883
324.733
324.644
324.598
324.581
324.585
324.605
324.638
324.691
323.961
323.603
322.909
321.267
309.56
307.823
307.316
307.077
306.94
306.931
307.291
309.224
322.705
324.363
324.576
324.56
324.525
324.51
324.518
324.546
324.587
324.637
324.692
324.751
324.813
324.883
324.43
324.164
323.539
321.855
310.517
309.02
308.637
308.48
308.406
308.424
308.706
310.213
322.065
323.641
324.016
324.171
324.277
324.373
324.468
324.562
324.654
324.743
324.829
324.91
324.985
325.052
324.677
324.52
324.041
322.387
310.637
309.154
308.811
308.681
308.623
308.64
308.889
310.314
322.193
323.743
324.13
324.302
324.42
324.521
324.618
324.713
324.806
324.897
324.984
325.064
325.128
325.14
324.806
324.71
324.352
322.807
310.795
309.31
308.987
308.872
308.823
308.842
309.077
310.47
322.392
323.892
324.252
324.414
324.527
324.626
324.722
324.817
324.911
325.004
325.093
325.171
325.219
325.182
324.884
324.813
324.538
323.188
312.056
310.691
310.4
310.301
310.261
310.28
310.493
311.766
322.791
324.149
324.464
324.606
324.705
324.793
324.877
324.962
325.047
325.133
325.215
325.279
325.271
324.899
324.935
324.879
324.681
323.658
315.086
314.025
313.798
313.722
313.694
313.714
313.885
314.878
323.395
324.45
324.697
324.811
324.895
324.97
325.042
325.115
325.19
325.266
325.336
325.378
325.283
324.416
324.96
324.921
324.803
324.192
319.215
318.575
318.436
318.392
318.381
318.402
318.518
319.131
324.104
324.756
324.923
325.008
325.076
325.139
325.2
325.262
325.325
325.388
325.446
325.462
325.288
323.995
324.963
324.942
324.894
324.654
322.914
322.661
322.605
322.593
322.599
322.621
322.688
322.953
324.721
325.004
325.099
325.158
325.211
325.263
325.314
325.366
325.418
325.471
325.516
325.515
325.295
323.8
324.954
324.946
324.946
324.936
325.09
325.078
325.079
325.09
325.107
325.13
325.165
325.214
325.103
325.157
325.204
325.246
325.289
325.332
325.376
325.421
325.465
325.509
325.543
325.529
325.292
323.801
324.942
324.942
324.964
325.038
325.73
325.807
325.833
325.855
325.878
325.902
325.923
325.895
325.252
325.223
325.249
325.282
325.318
325.357
325.396
325.436
325.476
325.513
325.539
325.516
325.273
323.792
324.932
324.936
324.962
325.033
325.527
325.6
325.631
325.656
325.681
325.705
325.724
325.702
325.259
325.237
325.258
325.288
325.321
325.356
325.393
325.431
325.467
325.5
325.521
325.492
325.251
323.799
324.925
324.93
324.955
324.999
325.171
325.214
325.242
325.267
325.292
325.316
325.338
325.345
325.226
325.233
325.258
325.286
325.318
325.351
325.386
325.421
325.456
325.486
325.505
325.478
325.257
323.918
324.92
324.926
324.95
324.976
324.976
325.001
325.026
325.05
325.075
325.1
325.125
325.15
325.205
325.231
325.258
325.287
325.316
325.348
325.381
325.415
325.448
325.477
325.496
325.477
325.3
324.222
324.916
324.924
324.948
324.971
324.944
324.964
324.989
325.013
325.038
325.064
325.091
325.122
325.203
325.235
325.263
325.29
325.319
325.349
325.38
325.412
325.443
325.472
325.493
325.487
325.374
324.67
324.914
324.922
324.948
324.973
324.975
324.998
325.023
325.048
325.073
325.1
325.127
325.157
325.211
325.241
325.268
325.295
325.323
325.352
325.381
325.411
325.441
325.469
325.492
325.499
325.451
325.122
324.913
324.922
324.948
324.977
325.002
325.028
325.054
325.08
325.106
325.133
325.16
325.188
325.22
325.247
325.274
325.3
325.327
325.354
325.382
325.41
325.439
325.467
325.491
325.509
325.509
325.448
324.912
324.922
324.949
324.98
325.012
325.039
325.066
325.092
325.119
325.146
325.173
325.2
325.225
325.252
325.278
325.304
325.33
325.357
325.383
325.41
325.438
325.464
325.49
325.514
325.539
325.605
324.911
324.922
324.95
324.981
325.012
325.04
325.067
325.094
325.121
325.148
325.176
325.203
325.229
325.256
325.282
325.308
325.333
325.359
325.385
325.411
325.437
325.463
325.488
325.514
325.548
325.638
324.911
324.923
324.951
324.982
325.011
325.04
325.068
325.095
325.122
325.15
325.177
325.204
325.233
325.26
325.286
325.311
325.336
325.361
325.386
325.411
325.436
325.461
325.487
325.513
325.545
325.618
324.912
324.924
324.953
324.984
325.012
325.041
325.069
325.097
325.125
325.152
325.18
325.207
325.236
325.263
325.289
325.314
325.339
325.364
325.388
325.412
325.436
325.461
325.486
325.511
325.541
325.594
324.912
324.925
324.954
324.985
325.014
325.043
325.072
325.1
325.128
325.156
325.183
325.21
325.239
325.266
325.292
325.317
325.342
325.366
325.39
325.413
325.437
325.461
325.486
325.511
325.539
325.583
324.913
324.926
324.955
324.986
325.016
325.046
325.075
325.104
325.132
325.159
325.187
325.214
325.242
325.269
325.295
325.32
325.344
325.368
325.392
325.415
325.439
325.463
325.486
325.511
325.538
325.582
324.915
324.928
324.957
324.988
325.019
325.049
325.078
325.107
325.136
325.164
325.191
325.218
325.246
325.272
325.298
325.323
325.348
325.372
325.395
325.418
325.442
325.465
325.489
325.513
325.54
325.585
324.919
324.933
324.962
324.994
325.025
325.055
325.085
325.114
325.143
325.171
325.199
325.226
325.253
325.279
325.305
325.33
325.355
325.379
325.402
325.425
325.449
325.472
325.495
325.519
325.546
325.59
324.938
324.956
324.986
325.018
325.05
325.08
325.111
325.14
325.169
325.197
325.225
325.252
325.279
325.305
325.331
325.356
325.381
325.405
325.428
325.452
325.475
325.498
325.521
325.544
325.57
325.611
)
;
        Tnbr            T;
        qrNbr           none;
        qr              none;
        thermalInertia  false;
        thicknessLayers List<scalar> 0();
        kappaLayers     List<scalar> 0();
        kappaMethod     solidThermo;
        kappa           none;
        alphaAni        none;
        alpha           none;
    }
}


// ************************************************************************* //
