/*--------------------------------*- C++ -*----------------------------------*\
| =========                 |                                                 |
| \\      /  F ield         | OpenFOAM: The Open Source CFD Toolbox           |
|  \\    /   O peration     | Version:  v2012                                 |
|   \\  /    A nd           | Website:  www.openfoam.com                      |
|    \\/     M anipulation  |                                                 |
\*---------------------------------------------------------------------------*/
FoamFile
{
    version     2.0;
    format      ascii;
    class       volScalarField;
    location    "550/concrete";
    object      T;
}
// * * * * * * * * * * * * * * * * * * * * * * * * * * * * * * * * * * * * * //

dimensions      [0 0 0 1 0 0 0];


internalField   nonuniform List<scalar> 
1924
(
326.079
326.152
326.216
326.173
326.042
324.81
312.067
310.775
310.667
311.616
322.879
323.723
323.635
323.523
323.405
323.353
323.352
323.388
323.454
323.544
323.653
323.773
323.897
324.019
324.14
324.267
326.006
326.015
325.994
325.85
325.738
324.551
312.097
310.841
310.793
311.925
324.162
325.254
325.166
324.997
324.773
324.597
324.456
324.347
324.273
324.236
324.232
324.255
324.297
324.353
324.421
324.51
325.792
325.659
325.465
325.245
325.297
324.176
311.583
310.298
310.274
311.523
324.348
325.598
325.437
325.315
325.153
325.038
324.944
324.861
324.789
324.733
324.695
324.674
324.67
324.684
324.714
324.772
325.324
325.028
324.632
324.29
323.83
322.706
311.996
310.844
310.829
312.036
323.775
325.45
326.055
326.055
325.757
325.467
325.239
325.075
324.966
324.895
324.85
324.828
324.827
324.847
324.89
324.965
324.56
324.256
323.777
322.275
303.444
300.436
298.594
298.09
298.098
298.648
300.674
304.055
325.161
326.335
325.986
325.626
325.326
325.09
324.975
324.936
324.947
324.989
325.059
325.159
325.286
325.448
323.73
323.705
323.596
322.054
300.659
297.184
296.195
295.907
295.916
296.234
297.317
301.127
324.561
326.308
326.148
325.846
325.589
325.411
325.312
325.287
325.326
325.396
325.475
325.574
325.673
325.772
323.156
323.429
323.611
322.209
300.121
296.493
295.6
295.363
295.37
295.632
296.602
300.537
324.424
326.291
326.206
325.934
325.687
325.503
325.384
325.325
325.315
325.333
325.368
325.42
325.469
325.523
322.955
323.338
323.646
322.354
300.006
296.325
295.442
295.216
295.222
295.472
296.429
300.402
324.4
326.283
326.199
325.888
325.598
325.373
325.217
325.126
325.085
325.079
325.098
325.13
325.165
325.211
322.828
323.221
323.531
322.265
299.973
296.3
295.423
295.2
295.206
295.452
296.408
300.395
324.46
326.373
326.265
325.961
325.645
325.384
325.193
325.076
325.013
324.992
324.994
325.008
325.031
325.071
322.84
323.141
323.327
321.978
299.985
296.37
295.512
295.295
295.301
295.542
296.488
300.473
324.649
326.67
326.542
326.222
325.864
325.559
325.329
325.19
325.111
325.069
325.052
325.053
325.068
325.105
323.272
323.284
323.174
321.664
300.188
296.71
295.896
295.69
295.691
295.916
296.822
300.735
324.949
327.147
327.083
326.502
326.062
325.733
325.507
325.361
325.272
325.223
325.202
325.203
325.22
325.26
324.019
323.733
323.212
321.537
301.354
298.262
297.552
297.36
297.342
297.514
298.285
301.811
325.061
326.818
326.602
326.213
325.881
325.646
325.493
325.401
325.354
325.338
325.346
325.37
325.407
325.461
324.728
324.359
323.677
322.18
309.767
308.18
307.708
307.47
307.323
307.293
307.6
309.365
323.679
325.164
325.329
325.303
325.267
325.255
325.266
325.296
325.339
325.392
325.452
325.516
325.583
325.655
325.211
324.941
324.331
322.762
310.652
309.286
308.936
308.785
308.708
308.716
308.959
310.321
322.972
324.413
324.756
324.906
325.015
325.117
325.216
325.314
325.41
325.503
325.594
325.68
325.76
325.83
325.46
325.306
324.852
323.315
310.734
309.38
309.069
308.945
308.885
308.892
309.105
310.394
323.112
324.534
324.889
325.056
325.175
325.279
325.38
325.477
325.573
325.666
325.757
325.842
325.911
325.926
325.586
325.497
325.17
323.747
310.862
309.505
309.212
309.103
309.052
309.062
309.262
310.524
323.311
324.685
325.014
325.171
325.285
325.387
325.486
325.584
325.682
325.778
325.871
325.954
326.008
325.978
325.661
325.598
325.353
324.119
312.164
310.913
310.65
310.556
310.514
310.526
310.708
311.863
323.703
324.947
325.234
325.37
325.471
325.561
325.648
325.736
325.824
325.913
325.999
326.069
326.074
325.727
325.711
325.662
325.488
324.557
315.357
314.384
314.179
314.107
314.078
314.092
314.238
315.14
324.282
325.248
325.473
325.583
325.668
325.745
325.82
325.896
325.973
326.051
326.126
326.175
326.104
325.299
325.735
325.703
325.6
325.047
319.724
319.14
319.015
318.974
318.963
318.979
319.081
319.637
324.955
325.552
325.705
325.788
325.857
325.921
325.984
326.048
326.113
326.179
326.24
326.267
326.124
324.929
325.738
325.721
325.682
325.468
323.631
323.403
323.355
323.345
323.351
323.372
323.432
323.673
325.537
325.796
325.885
325.944
325.997
326.05
326.102
326.155
326.209
326.264
326.314
326.323
326.139
324.763
325.728
325.724
325.727
325.722
325.915
325.908
325.911
325.923
325.941
325.965
325.998
326.044
325.895
325.945
325.991
326.034
326.077
326.121
326.166
326.211
326.257
326.303
326.341
326.338
326.138
324.781
325.714
325.718
325.741
325.812
326.569
326.643
326.669
326.692
326.716
326.741
326.763
326.739
326.032
326.009
326.036
326.069
326.106
326.146
326.186
326.227
326.267
326.306
326.336
326.323
326.118
324.773
325.704
325.711
325.738
325.806
326.338
326.407
326.438
326.464
326.489
326.514
326.535
326.518
326.038
326.021
326.044
326.075
326.108
326.145
326.183
326.221
326.258
326.292
326.316
326.298
326.093
324.774
325.696
325.705
325.731
325.774
325.954
325.997
326.025
326.051
326.076
326.101
326.124
326.133
326.007
326.017
326.043
326.073
326.105
326.139
326.175
326.211
326.246
326.278
326.299
326.281
326.093
324.876
325.691
325.701
325.726
325.753
325.749
325.774
325.8
325.825
325.85
325.876
325.902
325.928
325.988
326.016
326.044
326.073
326.104
326.136
326.17
326.204
326.238
326.268
326.289
326.277
326.128
325.148
325.688
325.699
325.725
325.749
325.717
325.739
325.764
325.79
325.815
325.842
325.869
325.9
325.988
326.02
326.048
326.077
326.106
326.137
326.169
326.202
326.234
326.263
326.285
326.284
326.19
325.553
325.685
325.697
325.724
325.752
325.752
325.776
325.801
325.827
325.854
325.881
325.909
325.939
325.996
326.027
326.054
326.082
326.11
326.139
326.17
326.2
326.231
326.26
326.284
326.294
326.256
325.961
325.684
325.697
325.725
325.755
325.781
325.807
325.834
325.861
325.887
325.915
325.943
325.972
326.004
326.033
326.06
326.087
326.114
326.142
326.171
326.2
326.229
326.257
326.283
326.302
326.306
326.254
325.682
325.697
325.726
325.758
325.791
325.819
325.846
325.873
325.9
325.928
325.956
325.984
326.01
326.038
326.065
326.091
326.117
326.144
326.172
326.199
326.227
326.255
326.281
326.305
326.331
326.395
325.682
325.697
325.727
325.76
325.791
325.819
325.847
325.875
325.902
325.93
325.959
325.986
326.015
326.043
326.069
326.095
326.12
326.146
326.173
326.199
326.226
326.253
326.279
326.305
326.338
326.423
325.682
325.698
325.729
325.761
325.79
325.818
325.847
325.875
325.903
325.931
325.96
325.988
326.018
326.047
326.073
326.098
326.123
326.148
326.174
326.2
326.225
326.251
326.277
326.304
326.336
326.404
325.682
325.699
325.73
325.762
325.791
325.82
325.849
325.877
325.906
325.934
325.962
325.99
326.022
326.05
326.077
326.102
326.127
326.151
326.176
326.201
326.226
326.251
326.276
326.302
326.332
326.383
325.683
325.7
325.731
325.764
325.793
325.822
325.852
325.881
325.91
325.938
325.966
325.994
326.025
326.054
326.08
326.105
326.13
326.154
326.178
326.202
326.227
326.251
326.276
326.302
326.33
326.373
325.684
325.702
325.733
325.765
325.795
325.825
325.855
325.885
325.914
325.942
325.97
325.998
326.028
326.057
326.083
326.109
326.133
326.157
326.181
326.204
326.228
326.253
326.277
326.302
326.33
326.372
325.686
325.704
325.735
325.767
325.798
325.829
325.859
325.889
325.918
325.947
325.975
326.003
326.032
326.06
326.087
326.113
326.137
326.161
326.185
326.208
326.232
326.256
326.28
326.305
326.332
326.375
325.691
325.708
325.74
325.772
325.804
325.835
325.866
325.896
325.925
325.954
325.983
326.01
326.039
326.067
326.093
326.119
326.144
326.168
326.192
326.215
326.239
326.263
326.286
326.311
326.338
326.38
325.708
325.729
325.761
325.794
325.826
325.858
325.889
325.919
325.949
325.978
326.006
326.034
326.062
326.09
326.116
326.142
326.168
326.192
326.216
326.239
326.263
326.286
326.31
326.334
326.36
326.399
327.646
327.735
327.817
327.787
327.746
326.885
312.202
311.259
311.158
311.787
324.799
325.271
325.073
324.925
324.783
324.722
324.72
324.758
324.83
324.929
325.048
325.179
325.314
325.447
325.576
325.707
327.585
327.609
327.601
327.46
327.446
326.632
312.303
311.39
311.345
312.14
326.261
326.992
326.788
326.581
326.324
326.125
325.966
325.841
325.754
325.709
325.7
325.722
325.764
325.822
325.892
325.978
327.367
327.239
327.043
326.836
327.083
326.353
311.765
310.797
310.772
311.69
326.537
327.404
327.029
326.857
326.676
326.563
326.47
326.386
326.311
326.25
326.206
326.18
326.172
326.182
326.211
326.261
326.875
326.567
326.161
325.947
326.195
325.519
312.969
312.05
312.028
312.977
326.757
328.047
327.894
327.723
327.355
327.029
326.781
326.606
326.489
326.411
326.361
326.333
326.326
326.342
326.381
326.449
326.051
325.74
325.309
324.311
302.1
299.444
297.821
297.39
297.397
297.866
299.652
302.641
327.581
328.123
327.599
327.184
326.852
326.59
326.468
326.429
326.442
326.487
326.56
326.666
326.803
326.973
325.149
325.155
325.188
324.327
299.625
296.56
295.714
295.47
295.476
295.747
296.674
300.035
327.089
328.122
327.782
327.427
327.146
326.959
326.855
326.834
326.884
326.967
327.051
327.159
327.266
327.363
324.536
324.873
325.238
324.586
299.167
295.969
295.207
295.005
295.011
295.233
296.062
299.53
327
328.112
327.842
327.518
327.249
327.055
326.931
326.871
326.864
326.885
326.923
326.978
327.027
327.074
324.343
324.79
325.292
324.781
299.071
295.827
295.072
294.88
294.885
295.097
295.915
299.415
326.988
328.1
327.826
327.453
327.135
326.894
326.729
326.635
326.593
326.588
326.61
326.644
326.679
326.72
324.211
324.664
325.166
324.685
299.042
295.805
295.056
294.866
294.872
295.081
295.897
299.41
327.051
328.193
327.888
327.526
327.181
326.901
326.697
326.574
326.508
326.487
326.491
326.506
326.529
326.563
324.215
324.569
324.935
324.348
299.051
295.865
295.132
294.947
294.952
295.157
295.965
299.477
327.253
328.522
328.19
327.818
327.425
327.096
326.848
326.699
326.617
326.572
326.554
326.554
326.568
326.598
324.685
324.716
324.749
323.954
299.223
296.156
295.46
295.284
295.286
295.476
296.251
299.702
327.577
329.087
328.846
328.146
327.656
327.297
327.052
326.895
326.798
326.744
326.72
326.719
326.735
326.768
325.505
325.202
324.753
323.69
300.257
297.526
296.919
296.756
296.739
296.885
297.542
300.658
327.691
328.733
328.305
327.841
327.469
327.21
327.043
326.943
326.89
326.871
326.878
326.902
326.939
326.99
326.273
325.881
325.224
324.122
310.153
308.978
308.586
308.352
308.184
308.109
308.294
309.598
325.774
326.803
326.865
326.817
326.779
326.77
326.786
326.821
326.869
326.926
326.991
327.06
327.131
327.201
326.785
326.508
325.933
324.69
310.83
309.828
309.554
309.417
309.336
309.321
309.476
310.446
324.901
325.973
326.247
326.392
326.51
326.622
326.733
326.841
326.945
327.046
327.144
327.238
327.324
327.394
327.036
326.89
326.494
325.288
310.824
309.831
309.594
309.483
309.419
309.406
309.536
310.449
325.071
326.137
326.423
326.581
326.703
326.814
326.921
327.025
327.126
327.226
327.322
327.413
327.49
327.514
327.156
327.083
326.826
325.752
310.879
309.878
309.658
309.561
309.507
309.498
309.62
310.516
325.272
326.293
326.553
326.7
326.816
326.924
327.029
327.134
327.238
327.341
327.441
327.532
327.6
327.582
327.225
327.181
327.003
326.096
312.264
311.336
311.138
311.054
311.01
311.005
311.117
311.94
325.641
326.562
326.787
326.914
327.016
327.111
327.203
327.296
327.39
327.485
327.578
327.66
327.694
327.413
327.271
327.24
327.12
326.447
315.813
315.09
314.936
314.873
314.842
314.842
314.935
315.579
326.147
326.862
327.038
327.141
327.227
327.307
327.387
327.467
327.549
327.633
327.716
327.781
327.761
327.138
327.291
327.274
327.208
326.813
320.709
320.278
320.185
320.151
320.139
320.148
320.215
320.614
326.713
327.157
327.28
327.359
327.429
327.497
327.563
327.63
327.699
327.771
327.84
327.886
327.814
326.905
327.29
327.287
327.266
327.118
325.074
324.911
324.879
324.874
324.88
324.898
324.944
325.119
327.194
327.39
327.465
327.523
327.578
327.634
327.689
327.745
327.802
327.862
327.92
327.951
327.848
326.816
327.278
327.284
327.293
327.298
327.59
327.592
327.6
327.615
327.634
327.658
327.69
327.729
327.485
327.529
327.573
327.616
327.661
327.708
327.756
327.803
327.852
327.902
327.948
327.967
327.852
326.875
327.263
327.276
327.299
327.359
328.269
328.331
328.357
328.382
328.408
328.434
328.459
328.451
327.595
327.587
327.617
327.652
327.691
327.733
327.776
327.819
327.862
327.904
327.941
327.95
327.829
326.87
327.251
327.267
327.295
327.352
327.971
328.03
328.06
328.087
328.114
328.141
328.165
328.162
327.599
327.596
327.623
327.656
327.692
327.731
327.771
327.811
327.851
327.888
327.919
327.921
327.797
326.857
327.244
327.261
327.289
327.328
327.527
327.566
327.594
327.621
327.648
327.675
327.701
327.717
327.576
327.593
327.622
327.653
327.687
327.724
327.762
327.801
327.838
327.873
327.9
327.901
327.786
326.917
327.238
327.257
327.285
327.314
327.299
327.326
327.353
327.379
327.406
327.433
327.461
327.489
327.563
327.593
327.622
327.653
327.686
327.72
327.756
327.793
327.829
327.862
327.888
327.892
327.801
327.103
327.235
327.255
327.284
327.311
327.27
327.294
327.321
327.348
327.375
327.403
327.432
327.464
327.565
327.598
327.628
327.658
327.689
327.722
327.756
327.79
327.825
327.857
327.883
327.893
327.839
327.389
327.232
327.253
327.284
327.314
327.312
327.338
327.366
327.393
327.421
327.45
327.479
327.51
327.573
327.605
327.634
327.663
327.693
327.724
327.756
327.789
327.822
327.853
327.88
327.897
327.881
327.678
327.23
327.253
327.285
327.317
327.345
327.373
327.402
327.43
327.458
327.488
327.518
327.547
327.582
327.612
327.64
327.669
327.698
327.727
327.758
327.789
327.82
327.85
327.878
327.901
327.912
327.884
327.229
327.253
327.286
327.32
327.355
327.385
327.414
327.443
327.471
327.501
327.531
327.561
327.588
327.617
327.645
327.673
327.701
327.73
327.759
327.788
327.818
327.847
327.875
327.901
327.928
327.981
327.228
327.253
327.287
327.321
327.355
327.385
327.414
327.444
327.473
327.503
327.533
327.562
327.592
327.622
327.65
327.677
327.704
327.732
327.76
327.788
327.817
327.845
327.872
327.9
327.931
327.999
327.228
327.254
327.288
327.323
327.354
327.384
327.414
327.444
327.474
327.504
327.534
327.563
327.596
327.626
327.654
327.681
327.707
327.734
327.761
327.789
327.816
327.843
327.87
327.898
327.929
327.984
327.229
327.255
327.289
327.324
327.355
327.385
327.416
327.446
327.477
327.506
327.536
327.566
327.599
327.63
327.658
327.685
327.711
327.737
327.763
327.789
327.816
327.843
327.869
327.896
327.926
327.968
327.23
327.256
327.291
327.326
327.357
327.388
327.419
327.45
327.481
327.511
327.541
327.57
327.603
327.633
327.661
327.688
327.714
327.74
327.765
327.791
327.817
327.843
327.869
327.896
327.924
327.961
327.231
327.257
327.292
327.327
327.359
327.391
327.423
327.454
327.485
327.515
327.545
327.574
327.606
327.636
327.664
327.692
327.718
327.743
327.768
327.793
327.819
327.844
327.87
327.897
327.924
327.961
327.233
327.259
327.294
327.329
327.362
327.394
327.426
327.458
327.489
327.519
327.549
327.579
327.61
327.639
327.668
327.695
327.721
327.747
327.772
327.796
327.822
327.847
327.873
327.899
327.926
327.963
327.236
327.263
327.297
327.333
327.366
327.399
327.431
327.463
327.495
327.525
327.555
327.585
327.615
327.645
327.673
327.7
327.727
327.753
327.777
327.802
327.827
327.853
327.878
327.903
327.93
327.967
327.247
327.276
327.311
327.347
327.381
327.414
327.447
327.48
327.511
327.542
327.572
327.602
327.631
327.66
327.689
327.716
327.743
327.769
327.794
327.819
327.844
327.869
327.894
327.919
327.945
327.98
)
;

boundaryField
{
    concrete_to_air
    {
        type            compressible::turbulentTemperatureRadCoupledMixed;
        refValue        nonuniform List<scalar> 
898
(
313.313
313.36
313.388
313.396
313.42
313.441
313.208
312.906
312.58
312.301
312.259
312.234
312.218
312.21
312.207
312.21
312.217
312.228
312.243
312.26
312.279
312.299
312.321
312.344
312.368
312.392
313.261
313.263
313.228
313.169
313.171
313.199
313.045
312.905
312.765
312.635
312.701
312.759
312.798
312.816
312.813
312.791
312.758
312.72
312.683
312.651
312.626
312.608
312.599
312.596
312.599
312.608
313.121
313.055
312.949
312.852
312.876
312.925
312.753
312.601
312.474
312.372
312.51
312.64
312.745
312.832
312.9
312.944
312.963
312.962
312.947
312.925
312.9
312.878
312.861
312.851
312.847
312.849
312.853
312.739
312.613
312.572
312.681
312.815
312.607
312.419
312.277
312.194
312.544
312.856
313.096
313.24
313.309
313.33
313.321
313.293
313.257
313.218
313.181
313.149
313.125
313.111
313.108
313.117
312.487
312.405
312.353
312.441
313.981
313.714
313.517
313.409
313.351
313.355
313.366
313.371
313.371
313.375
313.387
313.403
313.421
313.441
312.137
312.149
312.222
312.454
313.615
313.301
313.127
313.037
312.991
312.972
312.963
312.964
312.96
312.939
312.9
312.865
312.854
312.846
311.874
311.976
312.149
312.52
313.435
313.053
312.85
312.723
312.637
312.575
312.531
312.501
312.48
312.465
312.453
312.451
312.456
312.462
311.662
311.81
312.044
312.523
313.337
312.928
312.707
312.554
312.446
312.365
312.306
312.267
312.242
312.23
312.227
312.233
312.243
312.255
311.465
311.63
311.883
312.396
313.335
312.883
312.649
312.516
312.406
312.313
312.241
312.196
312.169
312.158
312.157
312.164
312.175
312.19
311.439
311.589
311.81
312.254
313.438
312.992
312.733
312.613
312.484
312.371
312.282
312.231
312.205
312.192
312.19
312.197
312.21
312.229
311.597
311.666
311.795
312.115
313.676
313.353
313.078
312.763
312.581
312.454
312.372
312.323
312.297
312.287
312.29
312.303
312.324
312.351
311.874
311.858
311.873
312.059
313.636
313.153
312.824
312.615
312.481
312.406
312.369
312.358
312.364
312.382
312.408
312.443
312.485
312.532
312.165
312.115
312.056
312.096
311.916
311.704
311.492
311.29
311.106
310.948
310.824
310.779
311.258
311.555
311.762
311.918
312.043
312.148
312.238
312.319
312.394
312.466
312.537
312.609
312.683
312.756
312.411
312.385
312.322
312.276
312.089
311.922
311.773
311.642
311.529
311.43
311.348
311.289
311.494
311.68
311.843
311.989
312.122
312.244
312.357
312.463
312.564
312.662
312.757
312.852
312.945
313.027
312.612
312.624
312.597
312.546
312.347
312.176
312.029
311.901
311.788
311.69
311.606
311.543
311.711
311.878
312.035
312.183
312.323
312.455
312.579
312.698
312.812
312.922
313.029
313.131
313.223
313.276
312.809
312.841
312.849
312.831
312.635
312.462
312.31
312.177
312.061
311.959
311.871
311.804
311.952
312.104
312.253
312.398
312.539
312.675
312.807
312.934
313.056
313.175
313.286
313.386
313.459
313.431
313.007
313.045
313.073
313.084
312.917
312.763
312.626
312.505
312.398
312.305
312.225
312.165
312.299
312.439
312.578
312.716
312.85
312.981
313.107
313.229
313.347
313.458
313.56
313.639
313.664
313.48
313.172
313.215
313.254
313.284
313.172
313.064
312.967
312.881
312.808
312.745
312.695
312.661
312.775
312.896
313.017
313.137
313.254
313.369
313.479
313.585
313.687
313.783
313.867
313.924
313.915
313.666
313.268
313.319
313.368
313.412
313.371
313.329
313.291
313.26
313.236
313.221
313.214
313.22
313.311
313.405
313.5
313.594
313.686
313.775
313.862
313.944
314.023
314.098
314.164
314.201
314.169
313.881
313.298
313.356
313.413
313.467
313.49
313.509
313.529
313.551
313.576
313.605
313.638
313.678
313.747
313.818
313.889
313.958
314.027
314.093
314.158
314.22
314.279
314.336
314.388
314.416
314.378
314.09
313.29
313.352
313.413
313.473
313.533
313.591
313.647
313.702
313.758
313.814
313.872
313.931
313.987
314.043
314.098
314.152
314.205
314.257
314.308
314.357
314.405
314.451
314.496
314.537
314.551
314.469
313.273
313.336
313.397
313.459
313.53
313.6
313.669
313.736
313.802
313.867
313.931
313.995
314.046
314.096
314.145
314.193
314.241
314.287
314.333
314.378
314.421
314.464
314.506
314.547
314.58
314.577
313.261
313.323
313.384
313.444
313.512
313.58
313.646
313.711
313.775
313.837
313.899
313.959
314.01
314.06
314.109
314.157
314.204
314.25
314.295
314.339
314.383
314.426
314.468
314.509
314.548
314.574
313.254
313.315
313.375
313.435
313.496
313.557
313.617
313.677
313.736
313.793
313.85
313.906
313.958
314.009
314.059
314.108
314.156
314.203
314.25
314.295
314.34
314.384
314.427
314.469
314.509
314.539
313.25
313.31
313.369
313.428
313.486
313.543
313.6
313.655
313.711
313.765
313.819
313.872
313.924
313.976
314.027
314.076
314.125
314.173
314.22
314.266
314.311
314.356
314.399
314.442
314.483
314.516
313.247
313.306
313.365
313.423
313.48
313.536
313.591
313.646
313.7
313.753
313.806
313.858
313.91
313.962
314.012
314.062
314.111
314.159
314.206
314.252
314.297
314.342
314.386
314.429
314.47
314.506
313.243
313.302
313.361
313.419
313.475
313.531
313.587
313.641
313.695
313.749
313.801
313.853
313.905
313.956
314.006
314.055
314.103
314.151
314.198
314.244
314.289
314.334
314.378
314.421
314.463
314.502
313.24
313.299
313.357
313.415
313.472
313.528
313.583
313.637
313.691
313.745
313.797
313.849
313.9
313.951
314
314.049
314.098
314.145
314.192
314.238
314.283
314.327
314.371
314.415
314.457
314.498
313.238
313.296
313.354
313.412
313.468
313.524
313.579
313.633
313.687
313.74
313.792
313.844
313.895
313.945
313.995
314.043
314.092
314.139
314.185
314.231
314.276
314.321
314.365
314.408
314.45
314.493
313.235
313.294
313.352
313.409
313.465
313.521
313.575
313.629
313.683
313.736
313.788
313.839
313.89
313.94
313.989
314.038
314.086
314.133
314.179
314.225
314.27
314.315
314.359
314.402
314.444
314.487
313.233
313.292
313.349
313.406
313.462
313.518
313.572
313.626
313.679
313.732
313.784
313.835
313.885
313.935
313.984
314.033
314.081
314.128
314.174
314.22
314.265
314.309
314.353
314.396
314.439
314.481
313.232
313.29
313.348
313.404
313.46
313.515
313.57
313.623
313.676
313.729
313.78
313.831
313.882
313.931
313.98
314.029
314.076
314.123
314.17
314.215
314.26
314.305
314.349
314.392
314.434
314.477
313.23
313.289
313.346
313.402
313.458
313.513
313.567
313.621
313.674
313.726
313.777
313.828
313.879
313.928
313.977
314.025
314.073
314.12
314.166
314.212
314.257
314.301
314.345
314.388
314.43
314.473
313.229
313.287
313.344
313.401
313.456
313.511
313.565
313.619
313.672
313.724
313.775
313.826
313.876
313.925
313.974
314.022
314.07
314.117
314.163
314.209
314.253
314.298
314.341
314.385
314.427
314.469
313.228
313.286
313.343
313.399
313.455
313.51
313.564
313.617
313.67
313.722
313.773
313.824
313.874
313.923
313.972
314.02
314.067
314.114
314.16
314.206
314.251
314.295
314.339
314.382
314.424
314.466
313.227
313.285
313.342
313.398
313.454
313.509
313.563
313.616
313.668
313.72
313.772
313.822
313.872
313.921
313.97
314.018
314.065
314.112
314.158
314.204
314.249
314.293
314.337
314.38
314.422
314.464
313.227
313.285
313.342
313.398
313.453
313.508
313.562
313.615
313.668
313.72
313.771
313.821
313.871
313.921
313.969
314.017
314.065
314.111
314.158
314.203
314.248
314.292
314.336
314.379
314.422
314.464
)
;
        refGradient     nonuniform List<scalar> 
898
(
58.4715
58.8753
59.649
60.6075
62.2544
65.8745
-3.27986
-0.0585386
0.42011
-1.52431
76.2316
74.6781
74.0516
73.8753
73.2612
72.7239
72.176
71.5806
70.9569
70.3466
69.7619
69.1936
68.6307
68.0694
67.5099
66.9373
58.6689
59.4509
61.0337
63.0523
65.5217
69.1927
-1.58752
1.27043
1.61077
-0.636066
71.3554
68.3908
66.7531
66.2841
65.8854
65.969
66.2291
66.4996
66.7115
66.8449
66.8875
66.8296
66.6707
66.4209
66.0945
65.6855
59.3409
60.6536
63.2718
66.4094
70.8064
74.2343
-3.23903
-0.914589
-0.523589
-2.28861
74.4454
70.6653
66.3427
64.973
64.0828
63.8588
63.8934
64.0532
64.269
64.4884
64.6647
64.7659
64.7736
64.6901
64.5266
64.2719
61.3612
63.2179
66.3562
69.6755
82.5178
85.2143
13.4443
14.6661
14.9196
13.8496
80.939
76.0403
61.6487
60.0161
60.4398
61.4204
62.2589
62.89
63.3435
63.6656
63.8756
63.9816
63.9843
63.8836
63.685
63.3727
64.7847
66.2522
68.2006
71.8444
57.8153
55.8184
58.2757
60.1577
61.6376
62.8578
63.4107
63.5628
63.4718
63.2374
62.8555
62.311
61.6158
60.7691
69.2612
69.3018
69.1222
71.598
60.3551
56.5181
57.817
59.2495
60.4221
61.1934
61.5997
61.649
61.3951
60.9934
60.5478
59.9889
59.4706
59.0409
72.0169
70.4647
68.676
70.0873
60.4658
56.4959
57.4834
58.7445
59.8535
60.6608
61.1781
61.4016
61.4107
61.2992
61.1118
60.85
60.621
60.4271
72.694
70.6559
68.2285
68.9502
60.3026
56.4799
57.5195
59.0155
60.3523
61.3885
62.1034
62.505
62.6714
62.6728
62.5538
62.3838
62.2185
62.048
73.1592
71.1029
68.66
69.2251
59.8702
55.9405
57.1601
58.5913
60.0383
61.2598
62.1688
62.7126
62.9897
63.0566
63.02
62.9367
62.8275
62.6823
73.0775
71.4602
69.6306
70.6931
58.8588
54.2615
55.6318
57.1058
58.7793
60.2359
61.3665
62.034
62.3927
62.573
62.6368
62.6238
62.5558
62.4297
70.8645
70.7607
70.4839
72.5465
57.2625
51.308
52.1954
55.4073
57.5824
59.1913
60.2982
61.0171
61.4565
61.6958
61.7929
61.7912
61.7184
61.5781
66.9742
68.4789
70.5724
74.0465
56.4334
52.82
54.7187
56.7687
58.4127
59.5513
60.2945
60.7453
60.9821
61.0621
61.0286
60.9165
60.749
60.5311
63.3645
65.2646
68.2388
71.9165
-3.10083
-0.279851
0.605747
1.20589
1.70808
2.04882
1.8416
-1.32109
64.1796
61.4769
61.4324
61.6235
61.7134
61.6792
61.55
61.3534
61.108
60.8265
60.5196
60.1996
59.8774
59.562
60.9555
62.2667
64.7982
69.3441
-4.18432
-1.57672
-0.963579
-0.654988
-0.423871
-0.276606
-0.464333
-2.94882
68.3448
65.1386
64.1772
63.5382
62.9415
62.3613
61.8014
61.266
60.7559
60.2705
59.81
59.3802
58.9939
58.6801
59.8118
60.4722
62.132
66.5816
-5.94259
-3.22084
-2.61002
-2.33149
-2.12643
-1.99553
-2.19849
-4.69514
67.4817
64.109
63.0888
62.4554
61.8905
61.3543
60.8403
60.3449
59.8655
59.4027
58.9604
58.5539
58.2201
58.1169
59.3101
59.6015
60.5915
64.4432
-7.35675
-4.56392
-3.95507
-3.70285
-3.52503
-3.41924
-3.65198
-6.17177
66.6187
63.3399
62.412
61.8578
61.3465
60.836
60.3298
59.8318
59.3429
58.8649
58.4062
57.9933
57.697
57.8109
59.0468
59.1876
59.8134
62.9806
-2.64766
-0.00857856
0.577465
0.815174
0.974408
1.0565
0.81082
-1.57329
65.0724
62.0735
61.2597
60.799
60.3782
59.9463
59.5052
59.0615
58.6176
58.1761
57.7488
57.3858
57.257
58.4752
58.8843
58.9536
59.3478
61.6672
12.0693
14.2053
14.7075
14.9179
15.0475
15.0943
14.8584
12.9032
63.0797
60.7207
60.0676
59.696
59.3578
59.0034
58.6303
58.2453
57.8528
57.4556
57.0713
56.7725
56.8373
59.2603
58.8187
58.8343
59.0354
60.3817
32.8241
34.1628
34.4943
34.631
34.6991
34.6928
34.4869
33.2012
60.913
59.416
58.9418
58.6451
58.3726
58.0866
57.7806
57.4589
57.126
56.786
56.4572
56.2327
56.4812
59.8831
58.8373
58.8064
58.8481
59.3397
50.9422
51.4695
51.5984
51.6339
51.6234
51.5608
51.3925
50.7815
59.087
58.3903
58.0861
57.8585
57.6418
57.4136
57.1663
56.9008
56.6215
56.3343
56.0568
55.8899
56.242
60.0305
58.9002
58.8357
58.7725
58.737
60.8283
60.814
60.7893
60.7418
60.6702
60.5692
60.4326
60.2654
57.9819
57.785
57.5928
57.4103
57.2279
57.0367
56.83
56.6066
56.3705
56.1305
55.9082
55.7865
56.1518
59.5313
58.9661
58.882
58.7684
58.5419
62.9572
62.737
62.6363
62.5431
62.4394
62.3216
62.2018
62.1927
57.5552
57.5366
57.3946
57.2357
57.0724
56.9036
56.7246
56.5321
56.3276
56.1194
55.9311
55.8456
56.2236
59.5043
59.016
58.9224
58.7946
58.5757
61.2497
61.0347
60.9156
60.8074
60.6948
60.5759
60.4617
60.4353
57.5322
57.4998
57.3666
57.2157
57.0598
56.9015
56.7384
56.5669
56.3865
56.2042
56.0432
55.9832
56.3661
59.5733
59.0494
58.9511
58.8232
58.6639
59.2398
59.0858
58.9693
58.8575
58.7438
58.6274
58.512
58.4231
57.6125
57.5163
57.3776
57.2291
57.0773
56.9251
56.7723
56.6161
56.4546
56.2924
56.1493
56.0965
56.4461
59.4044
59.0722
58.9707
58.8437
58.7214
58.3174
58.2003
58.0854
57.9704
57.8551
57.7394
57.6217
57.4936
57.6561
57.5202
57.3775
57.2316
57.0838
56.9365
56.791
56.6458
56.4991
56.353
56.2224
56.1644
56.4318
58.8071
59.0886
58.9841
58.8554
58.7391
58.2603
58.1468
58.0275
57.9067
57.7874
57.6697
57.5499
57.412
57.6423
57.4982
57.3557
57.213
57.0694
56.9267
56.7865
56.649
56.5129
56.3785
56.255
56.1817
56.3287
57.8548
59.1006
58.9932
58.8613
58.7372
58.4612
58.3368
58.2104
58.0833
57.9592
57.8385
57.7173
57.5833
57.6054
57.4678
57.328
57.1885
57.0491
56.9106
56.7747
56.6427
56.5139
56.3878
56.2686
56.1776
56.2017
56.877
59.109
58.9993
58.8641
58.7318
58.5899
58.4547
58.3221
58.19
58.0617
57.938
57.8153
57.6859
57.5694
57.439
57.302
57.165
57.0288
56.8939
56.7616
56.6333
56.5091
56.3881
56.2713
56.1663
56.0989
56.172
59.1148
59.0033
58.8654
58.728
58.6107
58.4689
58.3321
58.1968
58.0655
57.939
57.8148
57.6871
57.5423
57.4159
57.2811
57.1462
57.0125
56.8806
56.7514
56.6258
56.5044
56.3865
56.2716
56.1597
56.0455
55.8394
59.1187
59.0058
58.8655
58.725
58.5879
58.4425
58.3031
58.1658
58.0324
57.9036
57.7776
57.6494
57.521
57.3965
57.2636
57.1303
56.9985
56.8688
56.7418
56.6182
56.4983
56.3822
56.2692
56.1566
56.0305
55.7772
59.1214
59.0072
58.8646
58.7211
58.5664
58.4186
58.2774
58.1391
58.0042
57.8733
57.7455
57.6163
57.5022
57.379
57.2482
57.1165
56.9862
56.8579
56.7325
56.6102
56.4915
56.3767
56.2657
56.1556
56.0344
55.8273
59.1233
59.0077
58.8625
58.7157
58.5552
58.4056
58.2632
58.124
57.988
57.8556
57.7261
57.596
57.4845
57.3622
57.2334
57.1037
56.9747
56.8474
56.7228
56.6013
56.4836
56.3701
56.2608
56.1536
56.0396
55.8795
59.1244
59.0071
58.8591
58.7091
58.5488
58.3979
58.2545
58.1146
57.9779
57.8442
57.7133
57.5826
57.4677
57.3458
57.219
57.0913
56.9637
56.8373
56.7131
56.5923
56.4755
56.3632
56.2553
56.1498
56.04
55.9
59.1247
59.0052
58.8544
58.7013
58.5423
58.3907
58.2464
58.1059
57.9684
57.8339
57.702
57.5709
57.4518
57.3297
57.2044
57.0786
56.9527
56.8272
56.7036
56.5834
56.4675
56.3563
56.2492
56.1442
56.0353
55.8968
59.1234
59.0011
58.8475
58.6918
58.5337
58.3818
58.2366
58.0954
57.9573
57.822
57.6894
57.5581
57.4357
57.3128
57.1884
57.0643
56.94
56.8158
56.6932
56.5738
56.4589
56.3485
56.2417
56.1365
56.027
55.8851
59.1166
58.99
58.8335
58.6756
58.518
58.3661
58.2201
58.0781
57.9393
57.8035
57.6703
57.5389
57.414
57.2899
57.1659
57.0428
56.92
56.7974
56.6761
56.5579
56.4439
56.334
56.2272
56.1215
56.0115
55.8685
59.0806
58.9443
58.784
58.6241
58.4669
58.3149
58.168
58.025
57.8854
57.749
57.6153
57.4839
57.3568
57.2313
57.1072
56.9845
56.8628
56.7418
56.6223
56.5055
56.3924
56.2829
56.1758
56.0698
55.9607
55.8241
)
;
        valueFraction   nonuniform List<scalar> 
898
(
0.123997
0.124212
0.125244
0.127547
0.129387
0.130613
0.137517
0.144886
0.156618
0.167405
0.170301
0.176199
0.180255
0.182516
0.183353
0.18303
0.1818
0.179875
0.177444
0.174707
0.171802
0.168836
0.165891
0.163031
0.160297
0.157714
0.124191
0.125522
0.128868
0.134534
0.137742
0.139207
0.144561
0.144896
0.145618
0.146592
0.142759
0.143858
0.145375
0.147259
0.149553
0.152078
0.154526
0.15658
0.158031
0.158804
0.158922
0.158471
0.15756
0.156302
0.154797
0.153128
0.126488
0.130156
0.137511
0.145976
0.148739
0.148833
0.153214
0.152318
0.151263
0.150156
0.144104
0.143454
0.143457
0.143592
0.143943
0.144588
0.145521
0.146653
0.147833
0.148895
0.1497
0.150159
0.150234
0.149939
0.149319
0.148474
0.133993
0.140668
0.151437
0.157406
0.159987
0.157313
0.156588
0.150346
0.144135
0.138453
0.129065
0.124577
0.120629
0.123696
0.130134
0.136475
0.14125
0.144511
0.146642
0.148036
0.148902
0.149337
0.149369
0.148998
0.148245
0.147152
0.148361
0.154424
0.161615
0.16014
0.0944255
0.109843
0.123989
0.132848
0.139896
0.146229
0.149137
0.149879
0.149424
0.148307
0.146613
0.144139
0.140971
0.137225
0.167243
0.16643
0.161765
0.150466
0.0985027
0.108278
0.118101
0.125121
0.130506
0.134023
0.135916
0.136074
0.134652
0.132412
0.130132
0.127392
0.125035
0.123253
0.179127
0.170686
0.158285
0.14074
0.0966074
0.106568
0.114969
0.120907
0.125532
0.128798
0.130811
0.131613
0.131479
0.130844
0.129966
0.128811
0.127916
0.127357
0.180265
0.169998
0.15502
0.134113
0.0952779
0.105974
0.11452
0.121466
0.127058
0.131232
0.134049
0.135577
0.13614
0.136052
0.135484
0.134773
0.134161
0.133693
0.180869
0.170856
0.156132
0.134864
0.0936029
0.103765
0.113048
0.119666
0.125701
0.130608
0.134191
0.136309
0.137364
0.137586
0.137431
0.13713
0.136778
0.136435
0.180656
0.172782
0.160942
0.142406
0.0898873
0.0974442
0.107347
0.113836
0.120657
0.12646
0.130942
0.133566
0.134989
0.135753
0.136084
0.136127
0.135989
0.135766
0.170662
0.170233
0.16587
0.152807
0.0842526
0.0861949
0.0934256
0.107155
0.11581
0.12222
0.12663
0.129535
0.131378
0.132462
0.132997
0.133151
0.133053
0.132836
0.153407
0.160383
0.168044
0.164179
0.0807286
0.0913548
0.103074
0.111828
0.118599
0.123348
0.126537
0.12856
0.129735
0.13029
0.130397
0.130195
0.129804
0.129364
0.138513
0.14685
0.159061
0.163965
0.172376
0.168579
0.160539
0.150468
0.13964
0.129503
0.121849
0.119341
0.117921
0.123047
0.126939
0.129425
0.130829
0.131451
0.13153
0.131233
0.130677
0.129941
0.129084
0.12817
0.127265
0.126513
0.129611
0.135004
0.144498
0.153682
0.161839
0.16138
0.159201
0.156453
0.1537
0.151313
0.149443
0.147887
0.142134
0.141178
0.140051
0.138617
0.136981
0.135263
0.133552
0.1319
0.13033
0.128849
0.12746
0.12619
0.125081
0.124335
0.126367
0.128908
0.134104
0.141562
0.150808
0.15267
0.152835
0.152056
0.150744
0.149174
0.147502
0.14566
0.139047
0.13742
0.136019
0.134658
0.133308
0.131968
0.130638
0.129323
0.128032
0.126772
0.125555
0.124424
0.123438
0.123013
0.125877
0.126881
0.129152
0.133186
0.141408
0.143685
0.144848
0.145279
0.145189
0.144742
0.144045
0.143034
0.13709
0.135974
0.134952
0.133866
0.132709
0.131493
0.130234
0.128949
0.12765
0.126346
0.125046
0.123793
0.122651
0.122603
0.126349
0.126756
0.127738
0.129651
0.136084
0.137812
0.13894
0.139618
0.139915
0.1399
0.139625
0.139004
0.133844
0.133059
0.13234
0.131552
0.130685
0.129745
0.128737
0.127666
0.126533
0.125335
0.124058
0.12273
0.121394
0.122677
0.126956
0.12714
0.127616
0.12856
0.13301
0.134058
0.134811
0.135337
0.135642
0.135744
0.135654
0.135292
0.131461
0.130933
0.130431
0.129847
0.129173
0.128409
0.127559
0.126624
0.1256
0.124479
0.123232
0.121874
0.120442
0.121929
0.127474
0.127555
0.127811
0.128316
0.130833
0.131441
0.131906
0.13225
0.132462
0.132537
0.132474
0.132217
0.129949
0.129523
0.129082
0.128563
0.127963
0.127284
0.126526
0.125686
0.124756
0.123724
0.122562
0.121268
0.119874
0.121324
0.127861
0.127869
0.127993
0.12825
0.129199
0.12953
0.129798
0.129996
0.130109
0.13013
0.130054
0.129861
0.128961
0.128619
0.128231
0.127772
0.127242
0.126639
0.125964
0.125212
0.124375
0.123442
0.122392
0.121209
0.119902
0.12094
0.128144
0.128093
0.128124
0.128227
0.128273
0.128437
0.128583
0.128686
0.128732
0.128712
0.128621
0.12846
0.128335
0.128038
0.127676
0.127251
0.126764
0.126216
0.125608
0.124939
0.124207
0.123411
0.122554
0.121668
0.120812
0.12048
0.128347
0.128246
0.128205
0.128209
0.127959
0.128014
0.128068
0.128095
0.128082
0.128021
0.127907
0.127747
0.12782
0.127548
0.127216
0.126831
0.126395
0.125909
0.125375
0.124793
0.124166
0.123497
0.122798
0.122104
0.121487
0.121226
0.128493
0.128349
0.128253
0.128192
0.127971
0.127953
0.127938
0.127907
0.127849
0.127756
0.127624
0.127455
0.12743
0.127171
0.126863
0.126511
0.126117
0.125683
0.125212
0.124706
0.124172
0.123618
0.123061
0.122535
0.122103
0.121989
0.128597
0.128417
0.128276
0.128167
0.12803
0.127957
0.127888
0.127809
0.127712
0.127588
0.127436
0.127252
0.127086
0.126833
0.126543
0.126219
0.125862
0.125474
0.125058
0.124619
0.124162
0.123697
0.123241
0.122821
0.122488
0.122428
0.128669
0.128459
0.128282
0.128133
0.128022
0.127907
0.127796
0.12768
0.127551
0.127405
0.127237
0.127044
0.126808
0.12656
0.126286
0.125985
0.125659
0.125308
0.124937
0.12455
0.124154
0.123759
0.123379
0.123034
0.122763
0.122705
0.128718
0.128481
0.128274
0.128092
0.127954
0.127804
0.12766
0.127513
0.12736
0.127193
0.127011
0.12681
0.126565
0.126322
0.126059
0.125776
0.125473
0.125152
0.124817
0.124473
0.124124
0.12378
0.123451
0.123154
0.122913
0.122819
0.128748
0.128489
0.128257
0.128048
0.127868
0.127691
0.127519
0.127349
0.127175
0.126993
0.1268
0.126594
0.126361
0.126124
0.125871
0.125602
0.125319
0.125024
0.124718
0.124407
0.124096
0.12379
0.1235
0.123236
0.123013
0.122874
0.128764
0.128487
0.128234
0.128003
0.12779
0.127589
0.127396
0.127207
0.127016
0.126821
0.126619
0.126407
0.126183
0.125949
0.125704
0.125447
0.12518
0.124904
0.124622
0.124337
0.124054
0.123778
0.123515
0.123273
0.12306
0.122887
0.12877
0.128478
0.128208
0.127958
0.127724
0.127504
0.127294
0.127088
0.126884
0.126678
0.126468
0.126252
0.12603
0.125799
0.12556
0.125313
0.12506
0.1248
0.124537
0.124274
0.124013
0.123759
0.123516
0.123291
0.123086
0.122899
0.128769
0.128463
0.128179
0.127914
0.127665
0.12743
0.127205
0.126986
0.126771
0.126555
0.126339
0.126119
0.125895
0.125666
0.125432
0.125193
0.12495
0.124703
0.124455
0.124207
0.123963
0.123726
0.123499
0.123285
0.123087
0.122899
0.128763
0.128446
0.128149
0.127871
0.12761
0.127363
0.127126
0.126896
0.126671
0.126448
0.126226
0.126003
0.125777
0.125549
0.125319
0.125086
0.124851
0.124615
0.124378
0.124144
0.123913
0.123688
0.123473
0.123268
0.123075
0.122892
0.128752
0.128425
0.128118
0.12783
0.127559
0.127301
0.127053
0.126814
0.126581
0.126352
0.126125
0.125899
0.125672
0.125445
0.125217
0.124989
0.124761
0.124532
0.124305
0.12408
0.123859
0.123644
0.123437
0.123239
0.123051
0.122872
0.128739
0.128404
0.128088
0.127791
0.127511
0.127244
0.126988
0.126741
0.126501
0.126266
0.126035
0.125807
0.125579
0.125352
0.125127
0.124902
0.124679
0.124456
0.124236
0.124019
0.123806
0.123598
0.123397
0.123204
0.123019
0.122843
0.128724
0.128382
0.128059
0.127754
0.127466
0.127191
0.126928
0.126674
0.126429
0.126189
0.125955
0.125724
0.125495
0.125269
0.125045
0.124823
0.124603
0.124386
0.124171
0.123959
0.123752
0.12355
0.123353
0.123164
0.122982
0.122806
0.128708
0.12836
0.12803
0.127719
0.127424
0.127143
0.126874
0.126615
0.126364
0.126121
0.125883
0.12565
0.12542
0.125194
0.124971
0.124751
0.124534
0.12432
0.124109
0.123902
0.123699
0.123501
0.123308
0.123122
0.122942
0.122767
0.128691
0.128338
0.128003
0.127686
0.127385
0.127099
0.126824
0.12656
0.126306
0.126059
0.125818
0.125583
0.125353
0.125126
0.124904
0.124685
0.12447
0.124258
0.12405
0.123846
0.123647
0.123452
0.123262
0.123078
0.122899
0.122725
0.128673
0.128315
0.127975
0.127653
0.127348
0.127056
0.126777
0.126509
0.126251
0.126
0.125758
0.125521
0.125289
0.125063
0.124841
0.124623
0.124409
0.124199
0.123993
0.123791
0.123594
0.123401
0.123214
0.123031
0.122854
0.122681
)
;
        value           nonuniform List<scalar> 
898
(
328.43
328.528
328.618
328.595
328.602
327.992
312.199
311.495
311.398
311.81
325.826
326.05
325.79
325.623
325.468
325.402
325.399
325.44
325.515
325.618
325.743
325.88
326.021
326.159
326.293
326.426
328.374
328.407
328.407
328.266
328.305
327.74
312.342
311.664
311.621
312.186
327.384
327.872
327.606
327.38
327.104
326.894
326.725
326.591
326.497
326.446
326.435
326.455
326.498
326.556
326.627
326.712
328.157
328.03
327.833
327.63
327.984
327.514
311.779
311.033
311.007
311.695
327.701
328.313
327.821
327.625
327.436
327.325
327.234
327.15
327.073
327.01
326.963
326.934
326.924
326.932
326.959
327.006
327.653
327.338
326.925
326.777
327.499
327.111
313.479
312.729
312.703
313.465
328.447
329.483
328.819
328.561
328.155
327.812
327.553
327.372
327.252
327.17
327.117
327.085
327.075
327.088
327.125
327.19
326.797
326.482
326.074
325.427
328.913
329.023
328.406
327.961
327.614
327.337
327.212
327.173
327.188
327.234
327.309
327.419
327.56
327.735
325.857
325.879
325.987
325.582
328.481
329.036
328.6
328.218
327.925
327.733
327.627
327.609
327.665
327.755
327.843
327.955
328.065
328.162
325.224
325.593
326.056
325.899
328.418
329.029
328.661
328.31
328.031
327.832
327.705
327.646
327.639
327.662
327.701
327.757
327.807
327.85
325.036
325.515
326.121
326.122
328.413
329.015
328.64
328.235
327.901
327.653
327.484
327.388
327.346
327.341
327.365
327.4
327.436
327.473
324.902
325.385
325.989
326.022
328.478
329.108
328.698
328.308
327.947
327.657
327.447
327.321
327.254
327.234
327.238
327.254
327.276
327.308
324.901
325.282
325.744
325.657
328.686
329.453
329.011
328.615
328.205
327.863
327.606
327.453
327.369
327.323
327.304
327.304
327.317
327.344
325.39
325.43
325.54
325.218
329.022
330.068
329.735
328.969
328.454
328.079
327.825
327.662
327.561
327.504
327.479
327.477
327.492
327.522
326.249
325.937
325.524
324.875
329.143
329.704
329.16
328.658
328.265
327.994
327.819
327.714
327.658
327.638
327.644
327.668
327.705
327.753
327.048
326.643
325.999
325.156
310.329
309.426
309.078
308.845
308.665
308.566
308.683
309.68
326.892
327.622
327.629
327.57
327.533
327.526
327.545
327.582
327.633
327.693
327.76
327.831
327.904
327.974
327.574
327.294
326.738
325.716
310.858
310.1
309.866
309.737
309.655
309.628
309.736
310.445
325.926
326.752
326.989
327.132
327.255
327.373
327.49
327.603
327.713
327.818
327.919
328.016
328.105
328.177
327.826
327.685
327.32
326.342
310.801
310.053
309.855
309.752
309.686
309.661
309.747
310.408
326.118
326.942
327.191
327.344
327.468
327.581
327.691
327.799
327.903
328.005
328.105
328.199
328.281
328.31
327.942
327.878
327.659
326.824
310.812
310.054
309.873
309.783
309.727
309.708
309.788
310.435
326.32
327.1
327.322
327.464
327.581
327.692
327.8
327.908
328.016
328.122
328.225
328.321
328.396
328.383
328.008
327.973
327.832
327.15
312.238
311.532
311.369
311.292
311.246
311.232
311.307
311.904
326.673
327.374
327.564
327.686
327.789
327.886
327.98
328.076
328.173
328.27
328.368
328.456
328.506
328.269
328.051
328.03
327.939
327.441
315.985
315.434
315.307
315.248
315.216
315.21
315.273
315.742
327.128
327.672
327.82
327.919
328.006
328.089
328.17
328.252
328.336
328.423
328.51
328.584
328.593
328.097
328.069
328.06
328.013
327.725
321.175
320.848
320.773
320.742
320.73
320.734
320.784
321.077
327.621
327.962
328.067
328.144
328.215
328.284
328.353
328.422
328.493
328.567
328.64
328.697
328.663
327.956
328.067
328.069
328.058
327.954
325.795
325.674
325.65
325.648
325.654
325.67
325.709
325.843
328.033
328.188
328.256
328.313
328.369
328.426
328.482
328.539
328.599
328.661
328.723
328.766
328.708
327.915
328.052
328.064
328.077
328.085
328.438
328.444
328.454
328.471
328.491
328.515
328.545
328.582
328.279
328.321
328.364
328.408
328.454
328.502
328.551
328.6
328.65
328.702
328.752
328.782
328.713
327.998
328.037
328.054
328.078
328.128
329.128
329.18
329.207
329.232
329.259
329.286
329.313
329.317
328.373
328.375
328.407
328.444
328.484
328.526
328.57
328.615
328.659
328.703
328.744
328.765
328.689
327.994
328.025
328.045
328.073
328.122
328.791
328.842
328.871
328.899
328.927
328.955
328.981
328.988
328.377
328.384
328.413
328.447
328.484
328.523
328.565
328.606
328.647
328.687
328.721
328.734
328.653
327.973
328.017
328.039
328.068
328.105
328.313
328.349
328.378
328.406
328.433
328.461
328.488
328.509
328.359
328.381
328.411
328.444
328.479
328.516
328.555
328.595
328.634
328.67
328.701
328.711
328.636
328.008
328.012
328.035
328.065
328.094
328.073
328.1
328.128
328.155
328.183
328.211
328.24
328.268
328.35
328.381
328.412
328.444
328.477
328.513
328.55
328.588
328.625
328.659
328.688
328.699
328.641
328.138
328.008
328.033
328.063
328.093
328.045
328.071
328.099
328.126
328.154
328.184
328.213
328.245
328.354
328.387
328.417
328.448
328.481
328.514
328.549
328.585
328.62
328.653
328.682
328.697
328.666
328.344
328.005
328.031
328.064
328.095
328.091
328.119
328.148
328.176
328.204
328.234
328.265
328.296
328.362
328.394
328.424
328.454
328.485
328.517
328.55
328.583
328.617
328.649
328.678
328.699
328.694
328.553
328.004
328.031
328.064
328.098
328.127
328.156
328.186
328.214
328.244
328.274
328.305
328.335
328.37
328.401
328.43
328.459
328.489
328.52
328.551
328.583
328.615
328.646
328.675
328.7
328.716
328.702
328.002
328.03
328.065
328.101
328.137
328.168
328.198
328.227
328.257
328.288
328.319
328.349
328.376
328.407
328.435
328.464
328.493
328.522
328.552
328.582
328.613
328.643
328.672
328.699
328.726
328.772
328.002
328.031
328.066
328.102
328.137
328.168
328.198
328.228
328.258
328.289
328.32
328.35
328.381
328.412
328.44
328.468
328.496
328.524
328.553
328.582
328.612
328.641
328.669
328.697
328.727
328.784
328.002
328.032
328.068
328.104
328.135
328.167
328.198
328.228
328.259
328.29
328.321
328.351
328.385
328.416
328.444
328.472
328.499
328.527
328.555
328.583
328.611
328.639
328.667
328.695
328.725
328.773
328.002
328.033
328.069
328.105
328.136
328.168
328.2
328.231
328.262
328.293
328.323
328.354
328.388
328.42
328.448
328.476
328.503
328.53
328.557
328.584
328.611
328.638
328.666
328.694
328.723
328.761
328.003
328.034
328.071
328.107
328.139
328.171
328.203
328.235
328.266
328.297
328.328
328.358
328.392
328.423
328.452
328.479
328.506
328.533
328.559
328.585
328.612
328.639
328.666
328.693
328.721
328.756
328.004
328.035
328.072
328.108
328.141
328.173
328.206
328.238
328.27
328.301
328.332
328.362
328.395
328.426
328.455
328.483
328.51
328.536
328.562
328.588
328.614
328.64
328.667
328.694
328.722
328.756
328.006
328.037
328.073
328.11
328.143
328.176
328.21
328.242
328.274
328.306
328.336
328.367
328.398
328.429
328.458
328.486
328.513
328.539
328.565
328.591
328.616
328.643
328.669
328.695
328.723
328.757
328.009
328.04
328.076
328.112
328.147
328.181
328.214
328.247
328.279
328.311
328.342
328.372
328.403
328.433
328.463
328.491
328.518
328.545
328.57
328.596
328.621
328.647
328.673
328.699
328.726
328.761
328.017
328.05
328.087
328.123
328.158
328.193
328.227
328.26
328.292
328.324
328.355
328.385
328.416
328.446
328.475
328.503
328.531
328.557
328.583
328.609
328.635
328.661
328.686
328.712
328.738
328.771
)
;
        Tnbr            T;
        qrNbr           qr;
        qr              none;
        thermalInertia  false;
        thicknessLayers List<scalar> 0();
        kappaLayers     List<scalar> 0();
        kappaMethod     solidThermo;
        kappa           none;
        alphaAni        none;
        alpha           none;
    }
    concrete_to_asphalt
    {
        type            compressible::turbulentTemperatureRadCoupledMixed;
        refValue        nonuniform List<scalar> 
52
(
325.855
325.888
325.922
325.955
325.988
326.02
326.052
326.082
326.112
326.141
326.17
326.198
326.226
326.253
326.28
326.306
326.331
326.356
326.38
326.404
326.428
326.451
326.475
326.498
326.522
326.548
327.26
327.296
327.333
327.368
327.403
327.437
327.47
327.502
327.533
327.564
327.594
327.624
327.653
327.682
327.71
327.737
327.764
327.79
327.816
327.841
327.866
327.891
327.916
327.94
327.965
327.991
)
;
        refGradient     uniform 0;
        valueFraction   nonuniform List<scalar> 
52
(
0.529412
0.529412
0.529412
0.529412
0.529412
0.529412
0.529412
0.529412
0.529412
0.529412
0.529412
0.529412
0.529412
0.529412
0.529412
0.529412
0.529412
0.529412
0.529412
0.529412
0.529412
0.529412
0.529412
0.529412
0.529412
0.529412
0.529412
0.529412
0.529412
0.529412
0.529412
0.529412
0.529412
0.529412
0.529412
0.529412
0.529412
0.529412
0.529412
0.529412
0.529412
0.529412
0.529412
0.529412
0.529412
0.529412
0.529412
0.529412
0.529412
0.529412
0.529412
0.529412
)
;
        value           nonuniform List<scalar> 
52
(
325.786
325.813
325.846
325.879
325.912
325.944
325.975
326.005
326.035
326.064
326.093
326.121
326.149
326.176
326.203
326.229
326.254
326.279
326.303
326.327
326.35
326.374
326.397
326.421
326.445
326.478
327.254
327.287
327.323
327.358
327.392
327.426
327.459
327.491
327.523
327.554
327.584
327.613
327.643
327.672
327.7
327.727
327.754
327.78
327.806
327.831
327.856
327.881
327.906
327.93
327.956
327.986
)
;
        Tnbr            T;
        qrNbr           none;
        qr              none;
        thermalInertia  false;
        thicknessLayers List<scalar> 0();
        kappaLayers     List<scalar> 0();
        kappaMethod     solidThermo;
        kappa           none;
        alphaAni        none;
        alpha           none;
    }
    concrete_to_soil2
    {
        type            compressible::turbulentTemperatureRadCoupledMixed;
        refValue        nonuniform List<scalar> 
200
(
326.242
326.339
326.431
326.451
326.358
325.08
312.365
311.036
310.826
311.528
321.168
322.126
322.354
322.554
322.712
322.876
323.04
323.2
323.356
323.51
323.661
323.809
323.95
324.081
324.204
324.321
326.139
324.513
326.116
324.739
325.997
324.978
325.653
325.194
324.928
325.763
323.913
325.994
323.028
325.707
322.7
325.39
322.518
325.248
322.566
325.28
323.261
325.437
324.198
325.651
324.908
325.827
325.304
326.031
325.508
325.688
325.648
326.27
325.763
323.56
325.844
318.352
325.882
313.936
325.884
311.972
325.867
311.601
325.848
311.574
325.835
311.645
325.826
312.607
325.82
315.237
325.815
319.203
325.812
323.162
325.809
325.874
325.807
327.025
325.806
327.115
325.805
326.833
325.805
326.603
325.805
326.523
325.806
326.529
325.807
326.553
325.81
326.566
325.815
326.573
327.667
327.774
327.879
327.917
327.909
326.954
312.429
311.418
311.215
311.647
322.63
323.334
323.521
323.734
323.905
324.085
324.265
324.438
324.606
324.771
324.933
325.091
325.241
325.381
325.511
325.634
327.562
325.835
327.545
326.079
327.43
326.333
327.076
326.545
326.303
327.167
325.206
327.446
324.263
327.118
323.96
326.764
323.791
326.606
323.841
326.639
324.61
326.811
325.636
327.045
326.398
327.234
326.802
327.48
326.99
327.067
327.107
327.901
327.201
324.916
327.267
319.059
327.295
314.135
327.292
312.016
327.274
311.667
327.255
311.649
327.241
311.689
327.232
312.702
327.225
315.589
327.221
319.984
327.217
324.366
327.214
327.342
327.212
328.573
327.211
328.635
327.21
328.303
327.21
328.046
327.21
327.961
327.211
327.971
327.212
327.998
327.214
328.012
327.218
328.018
)
;
        refGradient     uniform 0;
        valueFraction   nonuniform List<scalar> 
200
(
0.529412
0.529412
0.529412
0.529412
0.529412
0.529412
0.529412
0.529412
0.529412
0.529412
0.529412
0.529412
0.529412
0.529412
0.529412
0.529412
0.529412
0.529412
0.529412
0.529412
0.529412
0.529412
0.529412
0.529412
0.529412
0.529412
0.529412
0.529412
0.529412
0.529412
0.529412
0.529412
0.529412
0.529412
0.529412
0.529412
0.529412
0.529412
0.529412
0.529412
0.529412
0.529412
0.529412
0.529412
0.529412
0.529412
0.529412
0.529412
0.529412
0.529412
0.529412
0.529412
0.529412
0.529412
0.529412
0.529412
0.529412
0.529412
0.529412
0.529412
0.529412
0.529412
0.529412
0.529412
0.529412
0.529412
0.529412
0.529412
0.529412
0.529412
0.529412
0.529412
0.529412
0.529412
0.529412
0.529412
0.529412
0.529412
0.529412
0.529412
0.529412
0.529412
0.529412
0.529412
0.529412
0.529412
0.529412
0.529412
0.529412
0.529412
0.529412
0.529412
0.529412
0.529412
0.529412
0.529412
0.529412
0.529412
0.529412
0.529412
0.529412
0.529412
0.529412
0.529412
0.529412
0.529412
0.529412
0.529412
0.529412
0.529412
0.529412
0.529412
0.529412
0.529412
0.529412
0.529412
0.529412
0.529412
0.529412
0.529412
0.529412
0.529412
0.529412
0.529412
0.529412
0.529412
0.529412
0.529412
0.529412
0.529412
0.529412
0.529412
0.529412
0.529412
0.529412
0.529412
0.529412
0.529412
0.529412
0.529412
0.529412
0.529412
0.529412
0.529412
0.529412
0.529412
0.529412
0.529412
0.529412
0.529412
0.529412
0.529412
0.529412
0.529412
0.529412
0.529412
0.529412
0.529412
0.529412
0.529412
0.529412
0.529412
0.529412
0.529412
0.529412
0.529412
0.529412
0.529412
0.529412
0.529412
0.529412
0.529412
0.529412
0.529412
0.529412
0.529412
0.529412
0.529412
0.529412
0.529412
0.529412
0.529412
0.529412
0.529412
0.529412
0.529412
0.529412
0.529412
0.529412
0.529412
0.529412
0.529412
0.529412
0.529412
0.529412
0.529412
0.529412
0.529412
0.529412
0.529412
)
;
        value           nonuniform List<scalar> 
200
(
326.165
326.251
326.33
326.32
326.21
324.953
312.225
310.913
310.751
311.57
321.973
322.878
322.957
323.01
323.038
323.1
323.187
323.289
323.402
323.526
323.658
323.792
323.925
324.052
324.174
324.295
326.111
324.397
326.064
324.631
325.901
324.881
325.498
325.086
324.755
325.616
323.827
325.889
323.088
325.62
322.82
325.306
322.664
325.165
322.695
325.198
323.266
325.354
324.114
325.562
324.823
325.746
325.26
325.936
325.485
325.8
325.619
326.133
325.715
324.58
325.782
321.621
325.813
319.109
325.815
317.991
325.801
317.803
325.785
317.785
325.773
317.823
325.765
318.381
325.759
319.901
325.755
322.191
325.752
324.479
325.75
326.053
325.748
326.728
325.747
326.789
325.747
326.631
325.747
326.499
325.748
326.452
325.749
326.455
325.75
326.469
325.754
326.479
325.765
326.491
327.657
327.756
327.849
327.856
327.832
326.921
312.322
311.343
311.188
311.713
323.651
324.245
324.251
324.294
324.318
324.384
324.479
324.588
324.711
324.845
324.987
325.132
325.275
325.412
325.542
325.668
327.601
325.775
327.564
326.031
327.4
326.299
326.981
326.5
326.184
327.074
325.179
327.407
324.392
327.098
324.14
326.743
323.989
326.585
324.017
326.62
324.645
326.79
325.574
327.019
326.339
327.218
326.794
327.44
327.011
327.277
327.13
327.75
327.212
326.091
327.269
322.861
327.293
320.144
327.291
318.98
327.276
318.823
327.259
318.811
327.246
318.827
327.237
319.391
327.231
321.007
327.227
323.468
327.224
325.924
327.222
327.597
327.22
328.295
327.219
328.335
327.219
328.153
327.219
328.009
327.219
327.961
327.22
327.966
327.222
327.982
327.224
327.991
327.232
328
)
;
        Tnbr            T;
        qrNbr           none;
        qr              none;
        thermalInertia  false;
        thicknessLayers List<scalar> 0();
        kappaLayers     List<scalar> 0();
        kappaMethod     solidThermo;
        kappa           none;
        alphaAni        none;
        alpha           none;
    }
    concrete_to_buildings
    {
        type            externalWallHeatFluxTemperature;
        mode            coefficient;
        kappaMethod     solidThermo;
        kappa           none;
        alphaAni        none;
        alpha           none;
        h               constant 10;
        Ta              constant 293.15;
        thicknessLayers List<scalar> 1(0.3);
        kappaLayers     List<scalar> 1(1.6);
        qr              none;
        refValue        uniform 293.15;
        refGradient     uniform 0;
        valueFraction   nonuniform List<scalar> 
64
(
0.0980392
0.0980392
0.0980392
0.0980392
0.0980392
0.0980392
0.0980392
0.0980392
0.0980392
0.0980392
0.0980392
0.0980392
0.0980392
0.0980392
0.0980392
0.0980392
0.0980392
0.0980392
0.0980392
0.0980392
0.0980392
0.0980392
0.0980392
0.0980392
0.0980392
0.0980392
0.0980392
0.0980392
0.0980392
0.0980392
0.0980392
0.0980392
0.0980392
0.0980392
0.0980392
0.0980392
0.0980392
0.0980392
0.0980392
0.0980392
0.0980392
0.0980392
0.0980392
0.0980392
0.0980392
0.0980392
0.0980392
0.0980392
0.0980392
0.0980392
0.0980392
0.0980392
0.0980392
0.0980392
0.0980392
0.0980392
0.0980392
0.0980392
0.0980392
0.0980392
0.0980392
0.0980392
0.0980392
0.0980392
)
;
        value           nonuniform List<scalar> 
64
(
301.223
298.827
297.363
296.974
296.981
297.404
299.015
301.71
298.991
296.226
295.463
295.242
295.248
295.492
296.329
299.36
298.577
295.692
295.005
294.823
294.828
295.029
295.777
298.904
298.49
295.564
294.884
294.71
294.715
294.906
295.644
298.801
298.465
295.544
294.869
294.698
294.703
294.892
295.627
298.796
298.472
295.599
294.938
294.771
294.775
294.96
295.689
298.857
298.627
295.861
295.234
295.075
295.076
295.248
295.947
299.06
299.56
297.097
296.55
296.402
296.387
296.518
297.112
299.922
)
;
    }
    concrete_to_soil1
    {
        type            compressible::turbulentTemperatureRadCoupledMixed;
        refValue        nonuniform List<scalar> 
962
(
324.586
324.644
324.694
324.638
324.431
322.944
311.827
310.301
310.187
311.354
321.156
322.26
322.266
322.185
322.087
322.042
322.043
322.076
322.136
322.219
322.319
322.429
322.543
322.656
322.768
322.891
324.504
324.499
324.468
324.321
324.123
322.679
311.799
310.312
310.263
311.62
322.28
323.623
323.634
323.501
323.307
323.149
323.024
322.929
322.865
322.835
322.835
322.859
322.9
322.954
323.02
323.11
324.293
324.158
323.967
323.732
323.618
322.223
311.294
309.8
309.778
311.245
322.382
323.897
323.917
323.843
323.7
323.587
323.493
323.412
323.344
323.293
323.259
323.242
323.242
323.258
323.29
323.354
323.849
323.565
323.176
322.724
321.764
320.318
311.111
309.811
309.802
311.173
321.246
323.191
324.326
324.474
324.241
323.983
323.773
323.619
323.518
323.452
323.413
323.396
323.399
323.422
323.467
323.548
323.14
322.842
322.323
320.484
304.404
301.189
299.213
298.65
298.66
299.274
301.445
305.056
323.047
324.653
324.453
324.143
323.872
323.657
323.549
323.511
323.52
323.56
323.626
323.72
323.838
323.992
322.375
322.322
322.092
320.075
301.45
297.73
296.629
296.306
296.315
296.672
297.878
301.958
322.358
324.602
324.596
324.343
324.107
323.94
323.845
323.817
323.847
323.907
323.98
324.071
324.164
324.262
321.837
322.054
322.078
320.142
300.85
296.96
295.965
295.698
295.706
296.001
297.083
301.302
322.181
324.577
324.651
324.427
324.2
324.027
323.913
323.856
323.843
323.859
323.892
323.94
323.989
324.047
321.632
321.958
322.096
320.246
300.719
296.772
295.787
295.532
295.539
295.82
296.888
301.15
322.148
324.572
324.65
324.396
324.132
323.922
323.775
323.688
323.647
323.64
323.657
323.687
323.721
323.771
321.509
321.849
321.99
320.163
300.682
296.743
295.765
295.515
295.521
295.799
296.864
301.141
322.203
324.659
324.719
324.467
324.18
323.937
323.757
323.646
323.586
323.565
323.566
323.579
323.602
323.647
321.526
321.78
321.81
319.919
300.698
296.823
295.866
295.622
295.628
295.899
296.954
301.228
322.38
324.927
324.973
324.702
324.376
324.094
323.881
323.749
323.675
323.636
323.62
323.622
323.637
323.678
321.925
321.919
321.686
319.673
300.927
297.202
296.294
296.062
296.064
296.316
297.327
301.518
322.661
325.332
325.422
324.942
324.546
324.245
324.036
323.901
323.819
323.774
323.756
323.758
323.776
323.82
322.606
322.334
321.753
319.656
302.168
298.86
298.069
297.853
297.834
298.029
298.89
302.659
322.78
325.029
324.991
324.669
324.373
324.159
324.018
323.935
323.892
323.879
323.887
323.91
323.947
324.004
323.261
322.914
322.21
320.436
309.367
307.493
306.955
306.713
306.584
306.593
307.002
309.086
321.8
323.608
323.863
323.858
323.825
323.81
323.818
323.843
323.882
323.931
323.987
324.047
324.109
324.181
323.717
323.454
322.817
321.028
310.388
308.77
308.357
308.194
308.122
308.15
308.468
310.104
321.235
322.931
323.332
323.488
323.589
323.681
323.771
323.86
323.948
324.034
324.118
324.198
324.272
324.34
323.962
323.802
323.301
321.542
310.541
308.941
308.568
308.433
308.376
308.402
308.684
310.232
321.354
323.018
323.43
323.605
323.72
323.819
323.914
324.005
324.095
324.183
324.268
324.346
324.408
324.417
324.092
323.99
323.605
321.948
310.726
309.127
308.775
308.654
308.606
308.633
308.9
310.411
321.552
323.164
323.55
323.715
323.827
323.924
324.017
324.109
324.2
324.29
324.377
324.452
324.494
324.452
324.172
324.094
323.792
322.338
311.95
310.482
310.165
310.061
310.022
310.049
310.289
311.669
321.957
323.417
323.757
323.901
324
324.086
324.168
324.251
324.334
324.417
324.496
324.555
324.535
324.141
324.226
324.162
323.942
322.837
314.833
313.692
313.445
313.365
313.338
313.363
313.556
314.632
322.584
323.719
323.985
324.102
324.185
324.258
324.329
324.4
324.473
324.546
324.613
324.648
324.534
323.61
324.253
324.208
324.075
323.412
318.747
318.057
317.905
317.859
317.848
317.871
318.001
318.665
323.327
324.028
324.207
324.294
324.361
324.422
324.482
324.542
324.603
324.665
324.718
324.727
324.525
323.145
324.259
324.232
324.177
323.914
322.258
321.983
321.921
321.907
321.913
321.936
322.009
322.296
323.976
324.282
324.381
324.441
324.493
324.543
324.593
324.643
324.694
324.744
324.786
324.776
324.523
322.922
324.251
324.239
324.236
324.222
324.338
324.322
324.32
324.33
324.347
324.37
324.405
324.457
324.381
324.439
324.486
324.528
324.569
324.611
324.653
324.696
324.739
324.781
324.812
324.789
324.518
322.908
324.239
324.236
324.257
324.334
324.967
325.046
325.072
325.093
325.116
325.138
325.158
325.125
324.539
324.507
324.531
324.563
324.598
324.635
324.673
324.711
324.749
324.785
324.808
324.776
324.5
322.898
324.229
324.23
324.256
324.33
324.789
324.865
324.896
324.921
324.944
324.967
324.985
324.958
324.548
324.521
324.541
324.569
324.601
324.635
324.671
324.707
324.741
324.773
324.79
324.754
324.481
322.91
324.222
324.224
324.248
324.293
324.456
324.501
324.529
324.554
324.577
324.601
324.622
324.625
324.512
324.517
324.54
324.568
324.598
324.63
324.664
324.698
324.731
324.76
324.775
324.741
324.491
323.044
324.217
324.22
324.242
324.268
324.271
324.296
324.32
324.344
324.368
324.392
324.416
324.44
324.489
324.515
324.541
324.568
324.597
324.628
324.66
324.692
324.723
324.751
324.767
324.742
324.542
323.376
324.214
324.218
324.24
324.262
324.238
324.258
324.282
324.306
324.33
324.355
324.381
324.411
324.487
324.518
324.545
324.572
324.6
324.629
324.659
324.689
324.719
324.746
324.764
324.754
324.625
323.863
324.212
324.216
324.24
324.265
324.266
324.288
324.313
324.337
324.362
324.387
324.414
324.443
324.495
324.524
324.55
324.576
324.603
324.631
324.659
324.688
324.717
324.743
324.764
324.769
324.712
324.354
324.21
324.216
324.241
324.269
324.292
324.317
324.342
324.367
324.392
324.418
324.445
324.472
324.503
324.53
324.556
324.581
324.607
324.633
324.66
324.688
324.715
324.741
324.765
324.781
324.777
324.708
324.209
324.215
324.242
324.271
324.301
324.328
324.354
324.379
324.405
324.431
324.458
324.484
324.509
324.535
324.56
324.585
324.61
324.635
324.661
324.687
324.713
324.739
324.764
324.786
324.811
324.88
324.208
324.216
324.243
324.273
324.302
324.329
324.355
324.381
324.407
324.433
324.46
324.486
324.513
324.54
324.564
324.588
324.612
324.637
324.662
324.687
324.712
324.737
324.762
324.787
324.821
324.917
324.208
324.216
324.244
324.274
324.302
324.328
324.355
324.382
324.408
324.434
324.461
324.488
324.516
324.543
324.568
324.592
324.615
324.639
324.663
324.687
324.712
324.736
324.76
324.786
324.819
324.897
324.209
324.218
324.245
324.276
324.303
324.33
324.357
324.384
324.411
324.437
324.464
324.49
324.52
324.547
324.572
324.595
324.619
324.642
324.665
324.688
324.712
324.736
324.76
324.785
324.815
324.871
324.21
324.219
324.247
324.277
324.304
324.332
324.36
324.387
324.414
324.441
324.467
324.494
324.523
324.55
324.575
324.599
324.622
324.644
324.667
324.69
324.713
324.736
324.76
324.784
324.812
324.859
324.211
324.22
324.248
324.279
324.307
324.335
324.363
324.391
324.418
324.445
324.472
324.498
324.526
324.553
324.578
324.602
324.625
324.648
324.67
324.692
324.715
324.738
324.761
324.785
324.812
324.858
324.213
324.222
324.251
324.281
324.31
324.338
324.367
324.395
324.423
324.45
324.476
324.503
324.53
324.557
324.582
324.606
324.629
324.652
324.674
324.696
324.718
324.741
324.764
324.787
324.815
324.862
324.218
324.228
324.257
324.287
324.317
324.346
324.375
324.403
324.431
324.458
324.485
324.511
324.538
324.564
324.59
324.614
324.637
324.66
324.682
324.704
324.726
324.749
324.771
324.795
324.821
324.868
324.24
324.254
324.283
324.314
324.344
324.374
324.403
324.432
324.46
324.487
324.514
324.541
324.567
324.593
324.618
324.642
324.666
324.689
324.712
324.734
324.756
324.778
324.8
324.823
324.848
324.891
)
;
        refGradient     uniform 0;
        valueFraction   nonuniform List<scalar> 
962
(
0.52519
0.52519
0.52519
0.52519
0.52519
0.52519
0.52519
0.52519
0.52519
0.52519
0.52519
0.52519
0.52519
0.52519
0.52519
0.52519
0.52519
0.52519
0.52519
0.52519
0.52519
0.52519
0.52519
0.52519
0.52519
0.52519
0.52519
0.52519
0.52519
0.52519
0.52519
0.52519
0.52519
0.52519
0.52519
0.52519
0.52519
0.52519
0.52519
0.52519
0.52519
0.52519
0.52519
0.52519
0.52519
0.52519
0.52519
0.52519
0.52519
0.52519
0.52519
0.52519
0.52519
0.52519
0.52519
0.52519
0.52519
0.52519
0.52519
0.52519
0.52519
0.52519
0.52519
0.52519
0.52519
0.52519
0.52519
0.52519
0.52519
0.52519
0.52519
0.52519
0.52519
0.52519
0.52519
0.52519
0.52519
0.52519
0.52519
0.52519
0.52519
0.52519
0.52519
0.52519
0.52519
0.52519
0.52519
0.52519
0.52519
0.52519
0.52519
0.52519
0.52519
0.52519
0.52519
0.52519
0.52519
0.52519
0.52519
0.52519
0.52519
0.52519
0.52519
0.52519
0.52519
0.52519
0.52519
0.52519
0.52519
0.52519
0.52519
0.52519
0.52519
0.52519
0.52519
0.52519
0.52519
0.52519
0.52519
0.52519
0.52519
0.52519
0.52519
0.52519
0.52519
0.52519
0.52519
0.52519
0.52519
0.52519
0.52519
0.52519
0.52519
0.52519
0.52519
0.52519
0.52519
0.52519
0.52519
0.52519
0.52519
0.52519
0.52519
0.52519
0.52519
0.52519
0.52519
0.52519
0.52519
0.52519
0.52519
0.52519
0.52519
0.52519
0.52519
0.52519
0.52519
0.52519
0.52519
0.52519
0.52519
0.52519
0.52519
0.52519
0.52519
0.52519
0.52519
0.52519
0.52519
0.52519
0.52519
0.52519
0.52519
0.52519
0.52519
0.52519
0.52519
0.52519
0.52519
0.52519
0.52519
0.52519
0.52519
0.52519
0.52519
0.52519
0.52519
0.52519
0.52519
0.52519
0.52519
0.52519
0.52519
0.52519
0.52519
0.52519
0.52519
0.52519
0.52519
0.52519
0.52519
0.52519
0.52519
0.52519
0.52519
0.52519
0.52519
0.52519
0.52519
0.52519
0.52519
0.52519
0.52519
0.52519
0.52519
0.52519
0.52519
0.52519
0.52519
0.52519
0.52519
0.52519
0.52519
0.52519
0.52519
0.52519
0.52519
0.52519
0.52519
0.52519
0.52519
0.52519
0.52519
0.52519
0.52519
0.52519
0.52519
0.52519
0.52519
0.52519
0.52519
0.52519
0.52519
0.52519
0.52519
0.52519
0.52519
0.52519
0.52519
0.52519
0.52519
0.52519
0.52519
0.52519
0.52519
0.52519
0.52519
0.52519
0.52519
0.52519
0.52519
0.52519
0.52519
0.52519
0.52519
0.52519
0.52519
0.52519
0.52519
0.52519
0.52519
0.52519
0.52519
0.52519
0.52519
0.52519
0.52519
0.52519
0.52519
0.52519
0.52519
0.52519
0.52519
0.52519
0.52519
0.52519
0.52519
0.52519
0.52519
0.52519
0.52519
0.52519
0.52519
0.52519
0.52519
0.52519
0.52519
0.52519
0.52519
0.52519
0.52519
0.52519
0.52519
0.52519
0.52519
0.52519
0.52519
0.52519
0.52519
0.52519
0.52519
0.52519
0.52519
0.52519
0.52519
0.52519
0.52519
0.52519
0.52519
0.52519
0.52519
0.52519
0.52519
0.52519
0.52519
0.52519
0.52519
0.52519
0.52519
0.52519
0.52519
0.52519
0.52519
0.52519
0.52519
0.52519
0.52519
0.52519
0.52519
0.52519
0.52519
0.52519
0.52519
0.52519
0.52519
0.52519
0.52519
0.52519
0.52519
0.52519
0.52519
0.52519
0.52519
0.52519
0.52519
0.52519
0.52519
0.52519
0.52519
0.52519
0.52519
0.52519
0.52519
0.52519
0.52519
0.52519
0.52519
0.52519
0.52519
0.52519
0.52519
0.52519
0.52519
0.52519
0.52519
0.52519
0.52519
0.52519
0.52519
0.52519
0.52519
0.52519
0.52519
0.52519
0.52519
0.52519
0.52519
0.52519
0.52519
0.52519
0.52519
0.52519
0.52519
0.52519
0.52519
0.52519
0.52519
0.52519
0.52519
0.52519
0.52519
0.52519
0.52519
0.52519
0.52519
0.52519
0.52519
0.52519
0.52519
0.52519
0.52519
0.52519
0.52519
0.52519
0.52519
0.52519
0.52519
0.52519
0.52519
0.52519
0.52519
0.52519
0.52519
0.52519
0.52519
0.52519
0.52519
0.52519
0.52519
0.52519
0.52519
0.52519
0.52519
0.52519
0.52519
0.52519
0.52519
0.52519
0.52519
0.52519
0.52519
0.52519
0.52519
0.52519
0.52519
0.52519
0.52519
0.52519
0.52519
0.52519
0.52519
0.52519
0.52519
0.52519
0.52519
0.52519
0.52519
0.52519
0.52519
0.52519
0.52519
0.52519
0.52519
0.52519
0.52519
0.52519
0.52519
0.52519
0.52519
0.52519
0.52519
0.52519
0.52519
0.52519
0.52519
0.52519
0.52519
0.52519
0.52519
0.52519
0.52519
0.52519
0.52519
0.52519
0.52519
0.52519
0.52519
0.52519
0.52519
0.52519
0.52519
0.52519
0.52519
0.52519
0.52519
0.52519
0.52519
0.52519
0.52519
0.52519
0.52519
0.52519
0.52519
0.52519
0.52519
0.52519
0.52519
0.52519
0.52519
0.52519
0.52519
0.52519
0.52519
0.52519
0.52519
0.52519
0.52519
0.52519
0.52519
0.52519
0.52519
0.52519
0.52519
0.52519
0.52519
0.52519
0.52519
0.52519
0.52519
0.52519
0.52519
0.52519
0.52519
0.52519
0.52519
0.52519
0.52519
0.52519
0.52519
0.52519
0.52519
0.52519
0.52519
0.52519
0.52519
0.52519
0.52519
0.52519
0.52519
0.52519
0.52519
0.52519
0.52519
0.52519
0.52519
0.52519
0.52519
0.52519
0.52519
0.52519
0.52519
0.52519
0.52519
0.52519
0.52519
0.52519
0.52519
0.52519
0.52519
0.52519
0.52519
0.52519
0.52519
0.52519
0.52519
0.52519
0.52519
0.52519
0.52519
0.52519
0.52519
0.52519
0.52519
0.52519
0.52519
0.52519
0.52519
0.52519
0.52519
0.52519
0.52519
0.52519
0.52519
0.52519
0.52519
0.52519
0.52519
0.52519
0.52519
0.52519
0.52519
0.52519
0.52519
0.52519
0.52519
0.52519
0.52519
0.52519
0.52519
0.52519
0.52519
0.52519
0.52519
0.52519
0.52519
0.52519
0.52519
0.52519
0.52519
0.52519
0.52519
0.52519
0.52519
0.52519
0.52519
0.52519
0.52519
0.52519
0.52519
0.52519
0.52519
0.52519
0.52519
0.52519
0.52519
0.52519
0.52519
0.52519
0.52519
0.52519
0.52519
0.52519
0.52519
0.52519
0.52519
0.52519
0.52519
0.52519
0.52519
0.52519
0.52519
0.52519
0.52519
0.52519
0.52519
0.52519
0.52519
0.52519
0.52519
0.52519
0.52519
0.52519
0.52519
0.52519
0.52519
0.52519
0.52519
0.52519
0.52519
0.52519
0.52519
0.52519
0.52519
0.52519
0.52519
0.52519
0.52519
0.52519
0.52519
0.52519
0.52519
0.52519
0.52519
0.52519
0.52519
0.52519
0.52519
0.52519
0.52519
0.52519
0.52519
0.52519
0.52519
0.52519
0.52519
0.52519
0.52519
0.52519
0.52519
0.52519
0.52519
0.52519
0.52519
0.52519
0.52519
0.52519
0.52519
0.52519
0.52519
0.52519
0.52519
0.52519
0.52519
0.52519
0.52519
0.52519
0.52519
0.52519
0.52519
0.52519
0.52519
0.52519
0.52519
0.52519
0.52519
0.52519
0.52519
0.52519
0.52519
0.52519
0.52519
0.52519
0.52519
0.52519
0.52519
0.52519
0.52519
0.52519
0.52519
0.52519
0.52519
0.52519
0.52519
0.52519
0.52519
0.52519
0.52519
0.52519
0.52519
0.52519
0.52519
0.52519
0.52519
0.52519
0.52519
0.52519
0.52519
0.52519
0.52519
0.52519
0.52519
0.52519
0.52519
0.52519
0.52519
0.52519
0.52519
0.52519
0.52519
0.52519
0.52519
0.52519
0.52519
0.52519
0.52519
0.52519
0.52519
0.52519
0.52519
0.52519
0.52519
0.52519
0.52519
0.52519
0.52519
0.52519
0.52519
0.52519
0.52519
0.52519
0.52519
0.52519
0.52519
0.52519
0.52519
0.52519
0.52519
0.52519
0.52519
0.52519
0.52519
0.52519
0.52519
0.52519
0.52519
0.52519
0.52519
0.52519
0.52519
0.52519
0.52519
0.52519
0.52519
0.52519
0.52519
0.52519
0.52519
0.52519
0.52519
0.52519
0.52519
0.52519
0.52519
0.52519
0.52519
0.52519
0.52519
0.52519
0.52519
0.52519
0.52519
0.52519
0.52519
0.52519
0.52519
0.52519
0.52519
0.52519
0.52519
0.52519
0.52519
0.52519
0.52519
0.52519
0.52519
0.52519
0.52519
0.52519
0.52519
0.52519
0.52519
0.52519
0.52519
0.52519
0.52519
0.52519
0.52519
0.52519
0.52519
0.52519
0.52519
0.52519
0.52519
0.52519
0.52519
0.52519
0.52519
0.52519
0.52519
0.52519
0.52519
0.52519
0.52519
0.52519
0.52519
0.52519
0.52519
0.52519
0.52519
0.52519
0.52519
0.52519
0.52519
0.52519
0.52519
0.52519
0.52519
0.52519
0.52519
0.52519
0.52519
0.52519
0.52519
0.52519
0.52519
0.52519
0.52519
0.52519
0.52519
0.52519
0.52519
0.52519
0.52519
0.52519
0.52519
0.52519
0.52519
0.52519
0.52519
0.52519
0.52519
0.52519
0.52519
0.52519
0.52519
0.52519
0.52519
0.52519
0.52519
0.52519
0.52519
0.52519
0.52519
0.52519
0.52519
0.52519
0.52519
0.52519
0.52519
0.52519
0.52519
0.52519
0.52519
0.52519
0.52519
0.52519
0.52519
0.52519
0.52519
0.52519
0.52519
0.52519
0.52519
0.52519
0.52519
0.52519
0.52519
0.52519
0.52519
0.52519
0.52519
0.52519
0.52519
0.52519
0.52519
0.52519
0.52519
0.52519
0.52519
0.52519
0.52519
0.52519
)
;
        value           nonuniform List<scalar> 
962
(
325.295
325.36
325.417
325.367
325.196
323.83
311.941
310.526
310.415
311.479
321.974
322.954
322.916
322.82
322.713
322.664
322.665
322.699
322.762
322.848
322.952
323.067
323.186
323.304
323.42
323.544
325.217
325.219
325.193
325.047
324.89
323.568
311.94
310.563
310.515
311.765
323.174
324.397
324.362
324.211
324.003
323.836
323.704
323.602
323.534
323.5
323.498
323.522
323.564
323.619
323.685
323.775
325.005
324.871
324.678
324.45
324.415
323.15
311.431
310.036
310.014
311.377
323.315
324.705
324.639
324.542
324.39
324.276
324.182
324.1
324.03
323.977
323.941
323.922
323.92
323.935
323.967
324.027
324.549
324.259
323.867
323.468
322.745
321.452
311.531
310.301
310.29
311.583
322.447
324.264
325.147
325.224
324.961
324.688
324.469
324.31
324.205
324.137
324.095
324.076
324.077
324.099
324.143
324.221
323.814
323.513
323.013
321.334
303.948
300.831
298.919
298.384
298.393
298.977
301.079
304.581
324.05
325.451
325.181
324.847
324.562
324.338
324.226
324.188
324.198
324.239
324.307
324.404
324.526
324.684
323.019
322.978
322.806
321.015
301.074
297.47
296.423
296.117
296.125
296.464
297.612
301.563
323.404
325.412
325.333
325.057
324.811
324.639
324.541
324.515
324.549
324.614
324.689
324.785
324.88
324.978
322.463
322.707
322.806
321.123
300.504
296.738
295.792
295.539
295.546
295.826
296.855
300.939
323.246
325.391
325.389
325.143
324.906
324.728
324.611
324.553
324.542
324.558
324.592
324.642
324.691
324.748
322.26
322.613
322.832
321.247
300.38
296.56
295.623
295.382
295.388
295.655
296.67
300.795
323.217
325.384
325.385
325.105
324.828
324.611
324.46
324.371
324.33
324.323
324.341
324.372
324.406
324.455
322.135
322.5
322.722
321.161
300.345
296.533
295.603
295.365
295.372
295.634
296.647
300.787
323.274
325.473
325.453
325.177
324.876
324.625
324.439
324.325
324.264
324.242
324.244
324.258
324.281
324.323
322.15
322.426
322.53
320.897
300.36
296.608
295.698
295.467
295.472
295.729
296.733
300.87
323.457
325.754
325.718
325.424
325.083
324.79
324.569
324.434
324.357
324.317
324.301
324.302
324.317
324.356
322.564
322.567
322.392
320.618
300.576
296.968
296.105
295.885
295.887
296.126
297.087
301.146
323.747
326.193
326.21
325.683
325.266
324.951
324.734
324.595
324.509
324.462
324.443
324.444
324.462
324.504
323.277
322.998
322.446
320.549
301.782
298.576
297.823
297.619
297.6
297.784
298.603
302.256
323.863
325.878
325.756
325.402
325.089
324.865
324.719
324.631
324.586
324.572
324.58
324.603
324.64
324.696
323.957
323.6
322.906
321.264
309.557
307.819
307.312
307.072
306.935
306.925
307.286
309.218
322.692
324.347
324.559
324.544
324.51
324.496
324.505
324.533
324.574
324.625
324.682
324.745
324.809
324.881
324.426
324.16
323.536
321.852
310.513
309.015
308.632
308.475
308.4
308.418
308.701
310.207
322.06
323.635
324.008
324.161
324.266
324.362
324.457
324.551
324.642
324.731
324.819
324.902
324.978
325.047
324.673
324.516
324.038
322.384
310.633
309.149
308.806
308.676
308.617
308.635
308.884
310.309
322.189
323.738
324.123
324.294
324.411
324.512
324.61
324.704
324.797
324.887
324.975
325.056
325.121
325.134
324.801
324.705
324.348
322.802
310.791
309.306
308.982
308.867
308.818
308.837
309.072
310.465
322.387
323.886
324.245
324.406
324.519
324.619
324.715
324.81
324.904
324.996
325.086
325.165
325.213
325.176
324.879
324.808
324.533
323.183
312.052
310.686
310.396
310.296
310.255
310.275
310.488
311.761
322.786
324.143
324.458
324.598
324.698
324.786
324.871
324.956
325.041
325.127
325.209
325.274
325.266
324.894
324.931
324.874
324.676
323.654
315.082
314.02
313.793
313.717
313.689
313.709
313.88
314.873
323.39
324.445
324.692
324.805
324.889
324.964
325.037
325.11
325.185
325.261
325.331
325.373
325.279
324.412
324.957
324.917
324.799
324.189
319.211
318.571
318.432
318.388
318.377
318.397
318.514
319.127
324.1
324.752
324.918
325.004
325.071
325.134
325.195
325.257
325.32
325.384
325.441
325.458
325.284
323.992
324.961
324.939
324.892
324.651
322.91
322.657
322.601
322.59
322.595
322.618
322.685
322.95
324.717
325.001
325.095
325.155
325.207
325.258
325.309
325.361
325.413
325.466
325.512
325.51
325.29
323.796
324.952
324.944
324.944
324.934
325.087
325.075
325.076
325.087
325.104
325.127
325.162
325.21
325.1
325.154
325.201
325.243
325.285
325.328
325.371
325.415
325.46
325.503
325.538
325.524
325.287
323.798
324.94
324.94
324.961
325.036
325.728
325.804
325.83
325.853
325.875
325.899
325.92
325.891
325.248
325.22
325.245
325.278
325.314
325.352
325.391
325.431
325.47
325.507
325.533
325.511
325.268
323.788
324.929
324.933
324.96
325.03
325.524
325.597
325.628
325.653
325.678
325.702
325.72
325.698
325.255
325.233
325.255
325.284
325.317
325.352
325.389
325.425
325.461
325.494
325.515
325.487
325.246
323.795
324.922
324.927
324.952
324.996
325.167
325.211
325.239
325.264
325.289
325.313
325.335
325.341
325.222
325.23
325.254
325.282
325.313
325.347
325.381
325.416
325.45
325.48
325.499
325.472
325.252
323.914
324.917
324.923
324.947
324.973
324.973
324.998
325.023
325.047
325.072
325.097
325.122
325.147
325.201
325.228
325.254
325.282
325.312
325.344
325.377
325.41
325.442
325.471
325.489
325.471
325.295
324.217
324.914
324.921
324.945
324.968
324.941
324.961
324.986
325.01
325.035
325.061
325.088
325.118
325.199
325.231
325.259
325.286
325.315
325.345
325.376
325.407
325.438
325.466
325.486
325.48
325.368
324.665
324.911
324.919
324.945
324.971
324.971
324.994
325.02
325.044
325.07
325.096
325.124
325.153
325.207
325.238
325.264
325.291
325.319
325.347
325.376
325.406
325.436
325.463
325.486
325.493
325.445
325.117
324.909
324.919
324.946
324.975
324.999
325.025
325.051
325.076
325.102
325.129
325.156
325.184
325.216
325.244
325.27
325.296
325.322
325.349
325.377
325.405
325.434
325.461
325.485
325.503
325.503
325.442
324.908
324.919
324.947
324.977
325.008
325.036
325.062
325.088
325.115
325.142
325.169
325.196
325.222
325.249
325.275
325.3
325.325
325.351
325.378
325.405
325.432
325.459
325.484
325.508
325.533
325.599
324.908
324.919
324.948
324.979
325.009
325.036
325.063
325.09
325.117
325.144
325.172
325.199
325.226
325.253
325.279
325.303
325.328
325.354
325.379
325.405
325.431
325.457
325.482
325.508
325.541
325.632
324.908
324.92
324.949
324.98
325.008
325.036
325.063
325.091
325.118
325.145
325.173
325.2
325.229
325.257
325.283
325.307
325.331
325.356
325.38
325.405
325.43
325.455
325.48
325.507
325.539
325.612
324.908
324.921
324.95
324.982
325.009
325.037
325.065
325.093
325.12
325.148
325.175
325.203
325.233
325.261
325.286
325.311
325.334
325.358
325.382
325.406
325.431
325.455
325.48
325.505
325.535
325.589
324.909
324.922
324.952
324.983
325.011
325.04
325.068
325.096
325.124
325.152
325.179
325.206
325.236
325.264
325.29
325.314
325.338
325.361
325.384
325.408
325.431
325.455
325.48
325.505
325.533
325.578
324.911
324.924
324.953
324.984
325.014
325.042
325.071
325.1
325.128
325.156
325.183
325.21
325.239
325.267
325.293
325.318
325.341
325.364
325.387
325.41
325.433
325.457
325.481
325.505
325.533
325.577
324.912
324.926
324.955
324.987
325.016
325.046
325.075
325.104
325.133
325.16
325.188
325.215
325.243
325.27
325.296
325.321
325.345
325.368
325.391
325.414
325.437
325.46
325.484
325.508
325.535
325.58
324.917
324.931
324.961
324.992
325.023
325.053
325.083
325.112
325.14
325.168
325.196
325.223
325.251
325.278
325.304
325.329
325.353
325.376
325.399
325.422
325.444
325.467
325.491
325.514
325.541
325.586
324.937
324.954
324.985
325.017
325.048
325.078
325.109
325.138
325.167
325.195
325.223
325.25
325.277
325.303
325.329
325.355
325.379
325.403
325.426
325.449
325.471
325.494
325.517
325.54
325.566
325.607
)
;
        Tnbr            T;
        qrNbr           none;
        qr              none;
        thermalInertia  false;
        thicknessLayers List<scalar> 0();
        kappaLayers     List<scalar> 0();
        kappaMethod     solidThermo;
        kappa           none;
        alphaAni        none;
        alpha           none;
    }
}


// ************************************************************************* //
