/*--------------------------------*- C++ -*----------------------------------*\
| =========                 |                                                 |
| \\      /  F ield         | OpenFOAM: The Open Source CFD Toolbox           |
|  \\    /   O peration     | Version:  v2012                                 |
|   \\  /    A nd           | Website:  www.openfoam.com                      |
|    \\/     M anipulation  |                                                 |
\*---------------------------------------------------------------------------*/
FoamFile
{
    version     2.0;
    format      ascii;
    class       volScalarField;
    location    "550/asphalt";
    object      T;
}
// * * * * * * * * * * * * * * * * * * * * * * * * * * * * * * * * * * * * * //

dimensions      [0 0 0 1 0 0 0];


internalField   nonuniform List<scalar> 
1980
(
321.649
322.068
322.482
322.836
323.141
323.406
323.638
323.844
324.026
324.19
324.338
324.472
324.594
324.706
324.809
324.905
324.993
325.075
325.151
325.221
325.288
325.35
325.409
325.465
325.518
325.568
325.617
325.663
325.708
325.752
325.793
325.83
325.855
325.888
325.922
325.955
325.988
326.02
326.052
326.082
326.112
326.141
326.17
326.198
326.226
326.253
326.28
326.306
326.331
326.356
326.38
326.404
326.428
326.451
326.475
326.498
326.522
326.548
326.585
326.611
326.633
326.654
326.675
326.695
326.714
326.733
326.752
326.771
326.789
326.807
326.825
326.842
326.86
326.877
326.894
326.91
326.927
326.943
326.959
326.976
326.992
327.009
327.027
327.045
327.066
327.088
327.117
327.162
327.269
327.573
321.649
322.068
322.481
322.835
323.14
323.406
323.638
323.843
324.026
324.19
324.338
324.472
324.594
324.706
324.809
324.904
324.993
325.074
325.15
325.221
325.287
325.35
325.409
325.465
325.518
325.569
325.617
325.664
325.71
325.754
325.796
325.835
325.871
325.907
325.942
325.976
326.009
326.042
326.073
326.104
326.134
326.163
326.192
326.22
326.248
326.275
326.301
326.327
326.353
326.378
326.403
326.427
326.451
326.475
326.498
326.521
326.544
326.567
326.59
326.613
326.634
326.655
326.676
326.697
326.716
326.735
326.754
326.773
326.791
326.809
326.827
326.845
326.862
326.879
326.896
326.913
326.93
326.946
326.962
326.978
326.995
327.011
327.029
327.047
327.067
327.09
327.118
327.163
327.27
327.574
321.649
322.067
322.481
322.835
323.14
323.405
323.638
323.843
324.026
324.19
324.338
324.472
324.594
324.706
324.809
324.904
324.992
325.074
325.15
325.221
325.287
325.35
325.409
325.465
325.519
325.57
325.618
325.666
325.711
325.755
325.797
325.837
325.875
325.911
325.947
325.981
326.015
326.047
326.079
326.11
326.14
326.169
326.198
326.227
326.254
326.281
326.307
326.333
326.359
326.384
326.409
326.434
326.458
326.482
326.505
326.528
326.55
326.572
326.594
326.616
326.637
326.657
326.679
326.699
326.718
326.738
326.757
326.775
326.794
326.812
326.83
326.848
326.865
326.882
326.9
326.917
326.933
326.95
326.966
326.982
326.999
327.015
327.032
327.05
327.07
327.092
327.12
327.166
327.272
327.577
321.649
322.067
322.481
322.835
323.14
323.405
323.638
323.843
324.026
324.19
324.337
324.472
324.594
324.706
324.809
324.904
324.992
325.074
325.15
325.221
325.287
325.35
325.409
325.466
325.519
325.571
325.62
325.667
325.713
325.757
325.798
325.838
325.876
325.913
325.948
325.983
326.017
326.05
326.081
326.112
326.143
326.172
326.201
326.229
326.257
326.284
326.31
326.336
326.362
326.387
326.413
326.437
326.462
326.485
326.509
326.531
326.554
326.576
326.597
326.619
326.64
326.66
326.681
326.701
326.721
326.74
326.759
326.778
326.797
326.815
326.833
326.851
326.868
326.886
326.903
326.92
326.937
326.953
326.97
326.986
327.003
327.019
327.036
327.054
327.073
327.095
327.123
327.168
327.275
327.58
321.648
322.067
322.481
322.835
323.14
323.405
323.637
323.843
324.026
324.189
324.337
324.471
324.594
324.706
324.809
324.904
324.992
325.073
325.149
325.221
325.287
325.35
325.41
325.467
325.52
325.572
325.621
325.669
325.714
325.758
325.799
325.839
325.877
325.914
325.95
325.984
326.018
326.051
326.083
326.114
326.144
326.174
326.203
326.232
326.259
326.286
326.312
326.339
326.364
326.39
326.415
326.44
326.464
326.488
326.511
326.534
326.557
326.579
326.601
326.622
326.643
326.663
326.684
326.704
326.724
326.743
326.762
326.781
326.8
326.818
326.836
326.854
326.871
326.889
326.906
326.923
326.94
326.957
326.974
326.99
327.007
327.023
327.04
327.058
327.077
327.099
327.127
327.171
327.278
327.583
321.648
322.067
322.481
322.835
323.14
323.405
323.637
323.842
324.025
324.189
324.337
324.471
324.593
324.705
324.808
324.903
324.992
325.073
325.149
325.221
325.288
325.351
325.411
325.468
325.522
325.573
325.623
325.67
325.715
325.759
325.8
325.84
325.878
325.915
325.951
325.986
326.02
326.053
326.085
326.116
326.146
326.176
326.205
326.234
326.261
326.289
326.315
326.341
326.367
326.393
326.418
326.443
326.467
326.491
326.515
326.538
326.56
326.582
326.604
326.625
326.646
326.667
326.688
326.708
326.727
326.747
326.766
326.785
326.804
326.822
326.84
326.858
326.876
326.893
326.91
326.928
326.945
326.962
326.979
326.996
327.012
327.029
327.046
327.064
327.083
327.105
327.132
327.176
327.282
327.587
321.648
322.067
322.48
322.834
323.139
323.404
323.637
323.842
324.025
324.189
324.337
324.471
324.593
324.705
324.808
324.903
324.991
325.073
325.15
325.221
325.288
325.352
325.412
325.469
325.523
325.575
325.624
325.671
325.716
325.76
325.801
325.841
325.879
325.917
325.953
325.988
326.022
326.055
326.087
326.118
326.149
326.179
326.208
326.237
326.264
326.292
326.318
326.345
326.371
326.396
326.422
326.447
326.471
326.495
326.518
326.541
326.564
326.586
326.608
326.63
326.651
326.672
326.692
326.712
326.732
326.751
326.771
326.79
326.808
326.827
326.845
326.863
326.881
326.899
326.916
326.933
326.95
326.968
326.985
327.002
327.018
327.035
327.053
327.071
327.09
327.111
327.138
327.181
327.287
327.591
321.648
322.066
322.48
322.834
323.139
323.404
323.637
323.842
324.025
324.189
324.337
324.471
324.593
324.705
324.809
324.904
324.992
325.074
325.151
325.222
325.29
325.353
325.414
325.471
325.525
325.577
325.626
325.674
325.719
325.762
325.804
325.844
325.882
325.92
325.956
325.991
326.025
326.059
326.091
326.122
326.153
326.183
326.213
326.241
326.269
326.297
326.324
326.351
326.377
326.402
326.428
326.453
326.477
326.501
326.525
326.548
326.571
326.593
326.615
326.637
326.658
326.679
326.699
326.719
326.739
326.759
326.778
326.797
326.816
326.835
326.853
326.871
326.889
326.906
326.924
326.941
326.958
326.975
326.992
327.009
327.026
327.043
327.06
327.078
327.097
327.118
327.144
327.186
327.29
327.592
321.647
322.066
322.48
322.834
323.139
323.405
323.637
323.843
324.026
324.19
324.338
324.473
324.595
324.707
324.811
324.906
324.995
325.077
325.154
325.226
325.294
325.358
325.419
325.476
325.531
325.583
325.633
325.68
325.725
325.769
325.811
325.851
325.89
325.928
325.965
326
326.035
326.068
326.101
326.133
326.164
326.194
326.224
326.253
326.282
326.309
326.337
326.364
326.39
326.416
326.442
326.467
326.491
326.515
326.539
326.562
326.585
326.608
326.63
326.652
326.674
326.695
326.715
326.735
326.755
326.775
326.795
326.814
326.833
326.851
326.869
326.887
326.905
326.923
326.94
326.957
326.974
326.991
327.008
327.025
327.041
327.058
327.076
327.093
327.112
327.133
327.158
327.198
327.297
327.594
321.648
322.068
322.483
322.838
323.144
323.411
323.645
323.852
324.036
324.201
324.351
324.486
324.61
324.724
324.828
324.925
325.015
325.098
325.176
325.25
325.319
325.384
325.446
325.504
325.56
325.613
325.664
325.712
325.759
325.803
325.846
325.888
325.928
325.967
326.005
326.041
326.077
326.111
326.145
326.178
326.21
326.241
326.272
326.302
326.331
326.36
326.389
326.416
326.444
326.471
326.497
326.523
326.548
326.573
326.598
326.622
326.646
326.669
326.692
326.715
326.737
326.759
326.78
326.801
326.822
326.842
326.863
326.882
326.902
326.921
326.94
326.958
326.977
326.995
327.012
327.03
327.048
327.065
327.082
327.099
327.116
327.133
327.151
327.169
327.188
327.209
327.234
327.271
327.364
327.647
321.655
322.082
322.504
322.865
323.178
323.451
323.691
323.904
324.094
324.265
324.42
324.561
324.689
324.808
324.917
325.019
325.113
325.201
325.284
325.361
325.435
325.504
325.57
325.632
325.692
325.748
325.803
325.855
325.905
325.953
326
326.045
326.089
326.131
326.172
326.212
326.251
326.289
326.326
326.362
326.397
326.432
326.466
326.499
326.531
326.563
326.595
326.626
326.656
326.686
326.715
326.743
326.772
326.799
326.827
326.853
326.88
326.906
326.932
326.957
326.982
327.006
327.03
327.053
327.077
327.1
327.122
327.144
327.166
327.188
327.209
327.229
327.25
327.27
327.29
327.31
327.329
327.349
327.368
327.387
327.406
327.425
327.444
327.463
327.484
327.506
327.531
327.568
327.65
327.895
322.795
323.258
323.7
324.073
324.394
324.673
324.918
325.134
325.326
325.499
325.655
325.796
325.924
326.042
326.151
326.251
326.344
326.43
326.51
326.585
326.655
326.721
326.783
326.842
326.898
326.951
327.002
327.051
327.098
327.145
327.188
327.229
327.26
327.296
327.333
327.368
327.403
327.437
327.47
327.502
327.533
327.564
327.594
327.624
327.653
327.682
327.71
327.737
327.764
327.79
327.816
327.841
327.866
327.891
327.916
327.94
327.965
327.991
328.024
328.05
328.073
328.095
328.117
328.138
328.158
328.178
328.198
328.218
328.237
328.256
328.275
328.293
328.311
328.33
328.348
328.365
328.383
328.4
328.417
328.434
328.452
328.469
328.488
328.507
328.528
328.552
328.581
328.626
328.734
329.079
322.795
323.258
323.7
324.073
324.394
324.673
324.918
325.134
325.326
325.499
325.654
325.796
325.924
326.042
326.151
326.251
326.344
326.43
326.51
326.585
326.655
326.72
326.783
326.842
326.898
326.951
327.003
327.052
327.1
327.146
327.191
327.232
327.272
327.309
327.346
327.382
327.417
327.452
327.485
327.517
327.549
327.58
327.61
327.64
327.669
327.697
327.725
327.753
327.78
327.806
327.832
327.858
327.883
327.908
327.932
327.956
327.98
328.004
328.028
328.052
328.074
328.096
328.119
328.14
328.16
328.181
328.2
328.22
328.239
328.258
328.277
328.296
328.314
328.332
328.35
328.368
328.386
328.403
328.42
328.437
328.454
328.471
328.49
328.509
328.53
328.553
328.582
328.627
328.735
329.08
322.795
323.258
323.699
324.073
324.394
324.673
324.917
325.134
325.326
325.499
325.654
325.795
325.924
326.042
326.151
326.251
326.344
326.43
326.51
326.584
326.655
326.721
326.783
326.842
326.898
326.952
327.004
327.053
327.102
327.148
327.192
327.234
327.274
327.313
327.35
327.386
327.421
327.456
327.489
327.522
327.554
327.585
327.615
327.645
327.674
327.702
327.73
327.757
327.784
327.811
327.837
327.863
327.889
327.914
327.938
327.962
327.986
328.009
328.032
328.054
328.077
328.099
328.121
328.142
328.163
328.183
328.203
328.223
328.242
328.261
328.28
328.299
328.317
328.336
328.354
328.372
328.389
328.407
328.424
328.441
328.458
328.475
328.493
328.512
328.533
328.556
328.585
328.63
328.738
329.084
322.795
323.258
323.699
324.072
324.394
324.673
324.917
325.133
325.326
325.498
325.654
325.795
325.924
326.042
326.15
326.251
326.343
326.429
326.51
326.584
326.655
326.721
326.783
326.843
326.899
326.953
327.005
327.055
327.103
327.149
327.193
327.235
327.275
327.314
327.351
327.388
327.423
327.458
327.491
327.524
327.556
327.587
327.618
327.648
327.676
327.705
327.733
327.76
327.787
327.814
327.841
327.867
327.892
327.917
327.942
327.966
327.989
328.013
328.035
328.058
328.08
328.102
328.124
328.145
328.166
328.186
328.206
328.226
328.245
328.264
328.283
328.302
328.321
328.339
328.357
328.375
328.393
328.41
328.428
328.445
328.462
328.479
328.497
328.516
328.536
328.559
328.587
328.632
328.74
329.086
322.795
323.258
323.699
324.072
324.393
324.672
324.917
325.133
325.326
325.498
325.654
325.795
325.924
326.042
326.15
326.25
326.343
326.429
326.509
326.584
326.655
326.721
326.784
326.844
326.9
326.955
327.006
327.056
327.104
327.15
327.194
327.236
327.276
327.315
327.352
327.389
327.425
327.459
327.493
327.526
327.558
327.589
327.62
327.65
327.679
327.707
327.735
327.762
327.79
327.817
327.843
327.869
327.895
327.92
327.945
327.969
327.992
328.016
328.039
328.061
328.083
328.105
328.126
328.148
328.168
328.189
328.209
328.229
328.248
328.268
328.287
328.305
328.324
328.342
328.36
328.379
328.397
328.414
328.432
328.449
328.467
328.484
328.502
328.52
328.541
328.563
328.591
328.635
328.743
329.089
322.794
323.257
323.699
324.072
324.393
324.672
324.917
325.133
325.325
325.498
325.654
325.795
325.923
326.041
326.15
326.25
326.343
326.429
326.509
326.584
326.655
326.722
326.785
326.845
326.901
326.956
327.008
327.058
327.106
327.151
327.195
327.237
327.277
327.316
327.354
327.391
327.426
327.461
327.495
327.528
327.56
327.591
327.622
327.652
327.681
327.71
327.738
327.765
327.793
327.82
327.846
327.872
327.898
327.923
327.948
327.972
327.996
328.019
328.042
328.065
328.087
328.109
328.13
328.151
328.172
328.193
328.213
328.233
328.252
328.272
328.291
328.31
328.328
328.347
328.365
328.383
328.401
328.419
328.437
328.455
328.472
328.49
328.508
328.526
328.546
328.569
328.596
328.64
328.747
329.093
322.794
323.257
323.698
324.072
324.393
324.672
324.916
325.133
325.325
325.498
325.653
325.794
325.923
326.041
326.15
326.25
326.343
326.429
326.509
326.585
326.656
326.722
326.786
326.846
326.903
326.957
327.009
327.059
327.107
327.152
327.196
327.238
327.278
327.317
327.355
327.392
327.428
327.463
327.497
327.53
327.562
327.594
327.625
327.655
327.684
327.713
327.741
327.769
327.796
327.823
327.85
327.876
327.902
327.927
327.952
327.976
328
328.023
328.046
328.069
328.091
328.113
328.135
328.156
328.177
328.197
328.218
328.238
328.257
328.277
328.296
328.315
328.334
328.352
328.37
328.389
328.407
328.425
328.443
328.461
328.478
328.496
328.515
328.533
328.554
328.576
328.603
328.646
328.753
329.098
322.794
323.257
323.698
324.071
324.392
324.671
324.916
325.132
325.325
325.497
325.653
325.794
325.923
326.041
326.15
326.25
326.343
326.429
326.51
326.586
326.657
326.724
326.787
326.847
326.905
326.959
327.011
327.061
327.109
327.154
327.198
327.24
327.281
327.32
327.359
327.396
327.432
327.467
327.501
327.534
327.566
327.598
327.629
327.659
327.689
327.718
327.746
327.774
327.802
327.829
327.856
327.882
327.907
327.933
327.958
327.982
328.006
328.03
328.053
328.076
328.098
328.12
328.142
328.163
328.184
328.204
328.225
328.245
328.265
328.284
328.303
328.322
328.341
328.36
328.378
328.396
328.414
328.432
328.45
328.468
328.486
328.503
328.522
328.54
328.561
328.583
328.609
328.65
328.755
329.098
322.794
323.256
323.698
324.071
324.392
324.671
324.916
325.132
325.325
325.498
325.654
325.795
325.924
326.043
326.151
326.252
326.345
326.432
326.513
326.589
326.66
326.728
326.792
326.852
326.91
326.964
327.017
327.067
327.114
327.16
327.204
327.247
327.288
327.328
327.366
327.404
327.44
327.475
327.51
327.543
327.576
327.608
327.639
327.67
327.7
327.729
327.758
327.786
327.814
327.841
327.868
327.894
327.92
327.946
327.971
327.995
328.019
328.043
328.067
328.09
328.112
328.134
328.156
328.177
328.198
328.219
328.239
328.26
328.279
328.299
328.318
328.337
328.356
328.374
328.392
328.41
328.428
328.446
328.464
328.481
328.499
328.517
328.535
328.553
328.573
328.595
328.62
328.659
328.76
329.097
322.794
323.258
323.7
324.075
324.397
324.677
324.923
325.14
325.334
325.508
325.665
325.808
325.938
326.058
326.168
326.269
326.364
326.452
326.534
326.611
326.684
326.752
326.817
326.879
326.937
326.993
327.046
327.097
327.146
327.193
327.238
327.282
327.324
327.365
327.405
327.443
327.48
327.517
327.552
327.587
327.621
327.654
327.686
327.717
327.748
327.779
327.808
327.838
327.866
327.895
327.922
327.949
327.976
328.002
328.028
328.054
328.079
328.103
328.127
328.151
328.174
328.197
328.22
328.242
328.264
328.285
328.306
328.327
328.347
328.368
328.387
328.407
328.426
328.445
328.463
328.482
328.5
328.518
328.536
328.554
328.572
328.59
328.608
328.627
328.647
328.669
328.694
328.731
328.825
329.146
322.802
323.274
323.724
324.106
324.436
324.723
324.976
325.2
325.401
325.581
325.744
325.893
326.029
326.154
326.269
326.376
326.476
326.569
326.656
326.738
326.816
326.889
326.958
327.024
327.087
327.147
327.205
327.26
327.313
327.364
327.413
327.461
327.507
327.552
327.596
327.638
327.679
327.719
327.758
327.797
327.834
327.871
327.906
327.942
327.976
328.01
328.043
328.076
328.108
328.139
328.17
328.2
328.23
328.26
328.289
328.317
328.345
328.373
328.4
328.427
328.453
328.479
328.504
328.529
328.553
328.578
328.602
328.625
328.648
328.671
328.693
328.715
328.737
328.758
328.78
328.801
328.821
328.842
328.862
328.882
328.902
328.922
328.942
328.963
328.984
329.007
329.033
329.07
329.152
329.428
)
;

boundaryField
{
    inlet
    {
        type            zeroGradient;
    }
    outlet
    {
        type            zeroGradient;
    }
    side
    {
        type            zeroGradient;
    }
    asphalt_to_soil1
    {
        type            compressible::turbulentTemperatureRadCoupledMixed;
        refValue        nonuniform List<scalar> 
990
(
320.489
320.867
321.254
321.588
321.877
322.128
322.348
322.542
322.715
322.871
323.01
323.137
323.253
323.359
323.456
323.546
323.63
323.707
323.779
323.846
323.909
323.968
324.023
324.076
324.126
324.174
324.22
324.264
324.306
324.347
324.386
324.42
324.439
324.469
324.5
324.532
324.563
324.593
324.623
324.652
324.68
324.708
324.735
324.761
324.788
324.813
324.838
324.863
324.887
324.911
324.934
324.956
324.979
325.001
325.023
325.045
325.068
325.094
325.134
325.159
325.181
325.201
325.22
325.239
325.258
325.276
325.294
325.311
325.328
325.345
325.362
325.379
325.395
325.412
325.428
325.443
325.459
325.474
325.49
325.505
325.521
325.537
325.554
325.571
325.59
325.612
325.64
325.685
325.789
326.057
320.489
320.867
321.254
321.588
321.877
322.128
322.348
322.542
322.715
322.87
323.01
323.137
323.253
323.359
323.456
323.546
323.63
323.707
323.779
323.846
323.908
323.967
324.023
324.076
324.126
324.174
324.22
324.265
324.308
324.349
324.389
324.426
324.46
324.493
324.526
324.558
324.589
324.62
324.65
324.679
324.707
324.735
324.762
324.789
324.815
324.84
324.866
324.89
324.914
324.938
324.962
324.984
325.007
325.029
325.051
325.073
325.095
325.117
325.14
325.162
325.182
325.202
325.222
325.241
325.26
325.278
325.295
325.313
325.33
325.348
325.364
325.381
325.398
325.414
325.43
325.446
325.462
325.477
325.492
325.508
325.523
325.539
325.555
325.573
325.592
325.613
325.641
325.686
325.79
326.059
320.488
320.867
321.253
321.588
321.876
322.128
322.348
322.542
322.715
322.87
323.01
323.137
323.253
323.359
323.456
323.546
323.629
323.707
323.778
323.845
323.908
323.967
324.023
324.077
324.127
324.175
324.222
324.266
324.309
324.351
324.391
324.428
324.464
324.498
324.532
324.564
324.596
324.627
324.657
324.686
324.714
324.742
324.769
324.796
324.822
324.848
324.873
324.897
324.921
324.945
324.969
324.992
325.015
325.037
325.059
325.081
325.102
325.123
325.144
325.164
325.184
325.204
325.224
325.243
325.262
325.28
325.298
325.316
325.333
325.35
325.367
325.384
325.4
325.417
325.433
325.449
325.465
325.481
325.496
325.511
325.527
325.542
325.559
325.576
325.594
325.616
325.643
325.688
325.792
326.061
320.488
320.867
321.253
321.588
321.876
322.127
322.347
322.542
322.715
322.87
323.01
323.137
323.252
323.358
323.456
323.546
323.629
323.706
323.778
323.845
323.908
323.968
324.024
324.077
324.128
324.176
324.223
324.268
324.311
324.352
324.392
324.429
324.465
324.5
324.534
324.566
324.598
324.629
324.659
324.689
324.717
324.745
324.773
324.799
324.825
324.851
324.876
324.9
324.925
324.949
324.973
324.996
325.019
325.041
325.063
325.085
325.106
325.127
325.147
325.167
325.187
325.207
325.227
325.246
325.264
325.282
325.3
325.318
325.336
325.353
325.37
325.387
325.403
325.42
325.436
325.452
325.468
325.484
325.5
325.515
325.531
325.546
325.562
325.579
325.598
325.619
325.646
325.691
325.795
326.063
320.488
320.866
321.253
321.587
321.876
322.127
322.347
322.542
322.715
322.87
323.01
323.137
323.252
323.358
323.456
323.546
323.629
323.706
323.778
323.845
323.909
323.968
324.024
324.078
324.129
324.178
324.224
324.269
324.312
324.353
324.393
324.43
324.466
324.501
324.535
324.568
324.6
324.631
324.661
324.69
324.719
324.747
324.775
324.801
324.827
324.853
324.878
324.903
324.927
324.951
324.975
324.999
325.022
325.044
325.066
325.088
325.109
325.13
325.15
325.17
325.19
325.21
325.229
325.248
325.267
325.285
325.303
325.321
325.339
325.356
325.373
325.39
325.407
325.423
325.439
325.456
325.472
325.488
325.504
325.519
325.535
325.55
325.566
325.583
325.602
325.623
325.649
325.694
325.798
326.066
320.488
320.866
321.253
321.587
321.876
322.127
322.347
322.541
322.714
322.87
323.009
323.136
323.252
323.358
323.455
323.545
323.629
323.706
323.778
323.846
323.909
323.969
324.025
324.079
324.13
324.179
324.226
324.27
324.313
324.354
324.393
324.431
324.467
324.502
324.536
324.569
324.601
324.632
324.663
324.692
324.721
324.749
324.777
324.804
324.83
324.855
324.881
324.905
324.93
324.954
324.978
325.001
325.025
325.047
325.069
325.091
325.112
325.133
325.154
325.174
325.194
325.213
325.233
325.252
325.27
325.289
325.307
325.325
325.342
325.36
325.377
325.394
325.411
325.427
325.444
325.46
325.476
325.492
325.508
325.524
325.54
325.556
325.572
325.589
325.607
325.628
325.654
325.698
325.802
326.07
320.488
320.866
321.253
321.587
321.876
322.127
322.347
322.541
322.714
322.869
323.009
323.136
323.252
323.358
323.455
323.545
323.629
323.706
323.778
323.846
323.91
323.97
324.026
324.08
324.131
324.18
324.227
324.272
324.314
324.355
324.395
324.432
324.469
324.504
324.538
324.571
324.603
324.634
324.665
324.694
324.723
324.752
324.779
324.806
324.833
324.858
324.884
324.909
324.933
324.958
324.982
325.005
325.028
325.051
325.073
325.095
325.116
325.137
325.158
325.178
325.198
325.218
325.237
325.256
325.275
325.293
325.312
325.33
325.347
325.365
325.382
325.399
325.416
325.432
325.449
325.465
325.482
325.498
325.514
325.53
325.546
325.562
325.578
325.595
325.614
325.634
325.66
325.703
325.806
326.074
320.487
320.866
321.252
321.587
321.875
322.127
322.347
322.541
322.714
322.87
323.009
323.136
323.252
323.358
323.456
323.546
323.629
323.707
323.779
323.847
323.911
323.971
324.028
324.082
324.134
324.183
324.229
324.274
324.317
324.358
324.397
324.435
324.472
324.507
324.541
324.575
324.607
324.638
324.669
324.699
324.728
324.756
324.784
324.811
324.838
324.864
324.89
324.915
324.939
324.964
324.988
325.011
325.034
325.057
325.079
325.101
325.123
325.144
325.165
325.185
325.205
325.225
325.245
325.264
325.282
325.301
325.319
325.337
325.355
325.373
325.39
325.407
325.424
325.44
325.457
325.473
325.489
325.506
325.522
325.538
325.554
325.57
325.586
325.603
325.621
325.642
325.667
325.709
325.81
326.076
320.487
320.866
321.252
321.587
321.876
322.127
322.347
322.542
322.716
322.871
323.011
323.139
323.255
323.361
323.459
323.549
323.633
323.711
323.784
323.852
323.916
323.977
324.034
324.089
324.14
324.19
324.237
324.281
324.324
324.366
324.405
324.444
324.481
324.516
324.551
324.585
324.617
324.649
324.68
324.71
324.74
324.768
324.797
324.824
324.851
324.877
324.903
324.929
324.954
324.978
325.002
325.026
325.049
325.072
325.095
325.117
325.139
325.16
325.181
325.202
325.222
325.242
325.262
325.281
325.3
325.319
325.337
325.355
325.373
325.39
325.408
325.425
325.442
325.458
325.475
325.491
325.507
325.523
325.539
325.555
325.571
325.587
325.603
325.62
325.638
325.658
325.683
325.722
325.82
326.08
320.488
320.868
321.256
321.591
321.881
322.134
322.356
322.552
322.726
322.883
323.024
323.153
323.27
323.378
323.477
323.568
323.653
323.732
323.807
323.876
323.942
324.003
324.062
324.117
324.17
324.22
324.268
324.314
324.358
324.4
324.441
324.481
324.519
324.555
324.591
324.626
324.659
324.692
324.724
324.755
324.786
324.816
324.845
324.873
324.901
324.928
324.955
324.982
325.008
325.033
325.058
325.082
325.107
325.13
325.154
325.177
325.199
325.221
325.243
325.265
325.286
325.306
325.327
325.347
325.366
325.386
325.405
325.423
325.442
325.46
325.478
325.496
325.513
325.53
325.547
325.564
325.58
325.597
325.613
325.629
325.645
325.662
325.678
325.696
325.714
325.734
325.758
325.796
325.886
326.135
320.494
320.88
321.274
321.615
321.911
322.169
322.396
322.597
322.777
322.939
323.085
323.218
323.34
323.451
323.555
323.65
323.739
323.823
323.9
323.974
324.043
324.108
324.17
324.229
324.285
324.339
324.39
324.439
324.486
324.532
324.576
324.618
324.66
324.699
324.738
324.776
324.812
324.848
324.883
324.917
324.95
324.983
325.015
325.046
325.077
325.107
325.136
325.165
325.194
325.222
325.249
325.276
325.303
325.329
325.354
325.38
325.405
325.429
325.453
325.477
325.5
325.523
325.546
325.568
325.59
325.611
325.633
325.653
325.674
325.694
325.714
325.734
325.753
325.772
325.791
325.809
325.828
325.846
325.864
325.882
325.9
325.917
325.936
325.954
325.974
325.994
326.019
326.056
326.137
326.353
)
;
        refGradient     uniform 0;
        valueFraction   nonuniform List<scalar> 
990
(
0.495766
0.495766
0.495766
0.495766
0.495766
0.495766
0.495766
0.495766
0.495766
0.495766
0.495766
0.495766
0.495766
0.495766
0.495766
0.495766
0.495766
0.495766
0.495766
0.495766
0.495766
0.495766
0.495766
0.495766
0.495766
0.495766
0.495766
0.495766
0.495766
0.495766
0.495766
0.495766
0.495766
0.495766
0.495766
0.495766
0.495766
0.495766
0.495766
0.495766
0.495766
0.495766
0.495766
0.495766
0.495766
0.495766
0.495766
0.495766
0.495766
0.495766
0.495766
0.495766
0.495766
0.495766
0.495766
0.495766
0.495766
0.495766
0.495766
0.495766
0.495766
0.495766
0.495766
0.495766
0.495766
0.495766
0.495766
0.495766
0.495766
0.495766
0.495766
0.495766
0.495766
0.495766
0.495766
0.495766
0.495766
0.495766
0.495766
0.495766
0.495766
0.495766
0.495766
0.495766
0.495766
0.495766
0.495766
0.495766
0.495766
0.495766
0.495766
0.495766
0.495766
0.495766
0.495766
0.495766
0.495766
0.495766
0.495766
0.495766
0.495766
0.495766
0.495766
0.495766
0.495766
0.495766
0.495766
0.495766
0.495766
0.495766
0.495766
0.495766
0.495766
0.495766
0.495766
0.495766
0.495766
0.495766
0.495766
0.495766
0.495766
0.495766
0.495766
0.495766
0.495766
0.495766
0.495766
0.495766
0.495766
0.495766
0.495766
0.495766
0.495766
0.495766
0.495766
0.495766
0.495766
0.495766
0.495766
0.495766
0.495766
0.495766
0.495766
0.495766
0.495766
0.495766
0.495766
0.495766
0.495766
0.495766
0.495766
0.495766
0.495766
0.495766
0.495766
0.495766
0.495766
0.495766
0.495766
0.495766
0.495766
0.495766
0.495766
0.495766
0.495766
0.495766
0.495766
0.495766
0.495766
0.495766
0.495766
0.495766
0.495766
0.495766
0.495766
0.495766
0.495766
0.495766
0.495766
0.495766
0.495766
0.495766
0.495766
0.495766
0.495766
0.495766
0.495766
0.495766
0.495766
0.495766
0.495766
0.495766
0.495766
0.495766
0.495766
0.495766
0.495766
0.495766
0.495766
0.495766
0.495766
0.495766
0.495766
0.495766
0.495766
0.495766
0.495766
0.495766
0.495766
0.495766
0.495766
0.495766
0.495766
0.495766
0.495766
0.495766
0.495766
0.495766
0.495766
0.495766
0.495766
0.495766
0.495766
0.495766
0.495766
0.495766
0.495766
0.495766
0.495766
0.495766
0.495766
0.495766
0.495766
0.495766
0.495766
0.495766
0.495766
0.495766
0.495766
0.495766
0.495766
0.495766
0.495766
0.495766
0.495766
0.495766
0.495766
0.495766
0.495766
0.495766
0.495766
0.495766
0.495766
0.495766
0.495766
0.495766
0.495766
0.495766
0.495766
0.495766
0.495766
0.495766
0.495766
0.495766
0.495766
0.495766
0.495766
0.495766
0.495766
0.495766
0.495766
0.495766
0.495766
0.495766
0.495766
0.495766
0.495766
0.495766
0.495766
0.495766
0.495766
0.495766
0.495766
0.495766
0.495766
0.495766
0.495766
0.495766
0.495766
0.495766
0.495766
0.495766
0.495766
0.495766
0.495766
0.495766
0.495766
0.495766
0.495766
0.495766
0.495766
0.495766
0.495766
0.495766
0.495766
0.495766
0.495766
0.495766
0.495766
0.495766
0.495766
0.495766
0.495766
0.495766
0.495766
0.495766
0.495766
0.495766
0.495766
0.495766
0.495766
0.495766
0.495766
0.495766
0.495766
0.495766
0.495766
0.495766
0.495766
0.495766
0.495766
0.495766
0.495766
0.495766
0.495766
0.495766
0.495766
0.495766
0.495766
0.495766
0.495766
0.495766
0.495766
0.495766
0.495766
0.495766
0.495766
0.495766
0.495766
0.495766
0.495766
0.495766
0.495766
0.495766
0.495766
0.495766
0.495766
0.495766
0.495766
0.495766
0.495766
0.495766
0.495766
0.495766
0.495766
0.495766
0.495766
0.495766
0.495766
0.495766
0.495766
0.495766
0.495766
0.495766
0.495766
0.495766
0.495766
0.495766
0.495766
0.495766
0.495766
0.495766
0.495766
0.495766
0.495766
0.495766
0.495766
0.495766
0.495766
0.495766
0.495766
0.495766
0.495766
0.495766
0.495766
0.495766
0.495766
0.495766
0.495766
0.495766
0.495766
0.495766
0.495766
0.495766
0.495766
0.495766
0.495766
0.495766
0.495766
0.495766
0.495766
0.495766
0.495766
0.495766
0.495766
0.495766
0.495766
0.495766
0.495766
0.495766
0.495766
0.495766
0.495766
0.495766
0.495766
0.495766
0.495766
0.495766
0.495766
0.495766
0.495766
0.495766
0.495766
0.495766
0.495766
0.495766
0.495766
0.495766
0.495766
0.495766
0.495766
0.495766
0.495766
0.495766
0.495766
0.495766
0.495766
0.495766
0.495766
0.495766
0.495766
0.495766
0.495766
0.495766
0.495766
0.495766
0.495766
0.495766
0.495766
0.495766
0.495766
0.495766
0.495766
0.495766
0.495766
0.495766
0.495766
0.495766
0.495766
0.495766
0.495766
0.495766
0.495766
0.495766
0.495766
0.495766
0.495766
0.495766
0.495766
0.495766
0.495766
0.495766
0.495766
0.495766
0.495766
0.495766
0.495766
0.495766
0.495766
0.495766
0.495766
0.495766
0.495766
0.495766
0.495766
0.495766
0.495766
0.495766
0.495766
0.495766
0.495766
0.495766
0.495766
0.495766
0.495766
0.495766
0.495766
0.495766
0.495766
0.495766
0.495766
0.495766
0.495766
0.495766
0.495766
0.495766
0.495766
0.495766
0.495766
0.495766
0.495766
0.495766
0.495766
0.495766
0.495766
0.495766
0.495766
0.495766
0.495766
0.495766
0.495766
0.495766
0.495766
0.495766
0.495766
0.495766
0.495766
0.495766
0.495766
0.495766
0.495766
0.495766
0.495766
0.495766
0.495766
0.495766
0.495766
0.495766
0.495766
0.495766
0.495766
0.495766
0.495766
0.495766
0.495766
0.495766
0.495766
0.495766
0.495766
0.495766
0.495766
0.495766
0.495766
0.495766
0.495766
0.495766
0.495766
0.495766
0.495766
0.495766
0.495766
0.495766
0.495766
0.495766
0.495766
0.495766
0.495766
0.495766
0.495766
0.495766
0.495766
0.495766
0.495766
0.495766
0.495766
0.495766
0.495766
0.495766
0.495766
0.495766
0.495766
0.495766
0.495766
0.495766
0.495766
0.495766
0.495766
0.495766
0.495766
0.495766
0.495766
0.495766
0.495766
0.495766
0.495766
0.495766
0.495766
0.495766
0.495766
0.495766
0.495766
0.495766
0.495766
0.495766
0.495766
0.495766
0.495766
0.495766
0.495766
0.495766
0.495766
0.495766
0.495766
0.495766
0.495766
0.495766
0.495766
0.495766
0.495766
0.495766
0.495766
0.495766
0.495766
0.495766
0.495766
0.495766
0.495766
0.495766
0.495766
0.495766
0.495766
0.495766
0.495766
0.495766
0.495766
0.495766
0.495766
0.495766
0.495766
0.495766
0.495766
0.495766
0.495766
0.495766
0.495766
0.495766
0.495766
0.495766
0.495766
0.495766
0.495766
0.495766
0.495766
0.495766
0.495766
0.495766
0.495766
0.495766
0.495766
0.495766
0.495766
0.495766
0.495766
0.495766
0.495766
0.495766
0.495766
0.495766
0.495766
0.495766
0.495766
0.495766
0.495766
0.495766
0.495766
0.495766
0.495766
0.495766
0.495766
0.495766
0.495766
0.495766
0.495766
0.495766
0.495766
0.495766
0.495766
0.495766
0.495766
0.495766
0.495766
0.495766
0.495766
0.495766
0.495766
0.495766
0.495766
0.495766
0.495766
0.495766
0.495766
0.495766
0.495766
0.495766
0.495766
0.495766
0.495766
0.495766
0.495766
0.495766
0.495766
0.495766
0.495766
0.495766
0.495766
0.495766
0.495766
0.495766
0.495766
0.495766
0.495766
0.495766
0.495766
0.495766
0.495766
0.495766
0.495766
0.495766
0.495766
0.495766
0.495766
0.495766
0.495766
0.495766
0.495766
0.495766
0.495766
0.495766
0.495766
0.495766
0.495766
0.495766
0.495766
0.495766
0.495766
0.495766
0.495766
0.495766
0.495766
0.495766
0.495766
0.495766
0.495766
0.495766
0.495766
0.495766
0.495766
0.495766
0.495766
0.495766
0.495766
0.495766
0.495766
0.495766
0.495766
0.495766
0.495766
0.495766
0.495766
0.495766
0.495766
0.495766
0.495766
0.495766
0.495766
0.495766
0.495766
0.495766
0.495766
0.495766
0.495766
0.495766
0.495766
0.495766
0.495766
0.495766
0.495766
0.495766
0.495766
0.495766
0.495766
0.495766
0.495766
0.495766
0.495766
0.495766
0.495766
0.495766
0.495766
0.495766
0.495766
0.495766
0.495766
0.495766
0.495766
0.495766
0.495766
0.495766
0.495766
0.495766
0.495766
0.495766
0.495766
0.495766
0.495766
0.495766
0.495766
0.495766
0.495766
0.495766
0.495766
0.495766
0.495766
0.495766
0.495766
0.495766
0.495766
0.495766
0.495766
0.495766
0.495766
0.495766
0.495766
0.495766
0.495766
0.495766
0.495766
0.495766
0.495766
0.495766
0.495766
0.495766
0.495766
0.495766
0.495766
0.495766
0.495766
0.495766
0.495766
0.495766
0.495766
0.495766
0.495766
0.495766
0.495766
0.495766
0.495766
0.495766
0.495766
0.495766
0.495766
0.495766
0.495766
0.495766
0.495766
0.495766
0.495766
0.495766
0.495766
0.495766
0.495766
0.495766
0.495766
0.495766
0.495766
0.495766
0.495766
0.495766
0.495766
0.495766
0.495766
0.495766
0.495766
0.495766
0.495766
0.495766
0.495766
0.495766
0.495766
0.495766
0.495766
0.495766
0.495766
0.495766
0.495766
0.495766
0.495766
0.495766
0.495766
0.495766
0.495766
0.495766
0.495766
0.495766
0.495766
0.495766
0.495766
0.495766
0.495766
0.495766
0.495766
0.495766
0.495766
0.495766
0.495766
0.495766
0.495766
0.495766
0.495766
0.495766
0.495766
0.495766
0.495766
0.495766
0.495766
0.495766
0.495766
0.495766
0.495766
0.495766
0.495766
0.495766
0.495766
0.495766
0.495766
0.495766
0.495766
0.495766
0.495766
0.495766
0.495766
0.495766
0.495766
0.495766
0.495766
0.495766
0.495766
0.495766
0.495766
0.495766
0.495766
0.495766
0.495766
0.495766
0.495766
0.495766
0.495766
0.495766
0.495766
0.495766
0.495766
0.495766
0.495766
0.495766
0.495766
0.495766
0.495766
0.495766
0.495766
0.495766
0.495766
0.495766
0.495766
0.495766
0.495766
0.495766
0.495766
0.495766
0.495766
0.495766
)
;
        value           nonuniform List<scalar> 
990
(
321.074
321.472
321.873
322.217
322.514
322.772
322.998
323.198
323.376
323.536
323.68
323.81
323.929
324.038
324.139
324.231
324.317
324.397
324.471
324.539
324.604
324.665
324.722
324.776
324.828
324.877
324.924
324.969
325.013
325.056
325.096
325.131
325.153
325.184
325.217
325.25
325.282
325.313
325.343
325.373
325.402
325.431
325.458
325.486
325.513
325.539
325.565
325.59
325.615
325.639
325.663
325.686
325.709
325.732
325.755
325.778
325.801
325.828
325.865
325.891
325.913
325.934
325.954
325.973
325.992
326.011
326.029
326.047
326.065
326.082
326.099
326.117
326.134
326.15
326.167
326.183
326.199
326.215
326.231
326.247
326.263
326.279
326.297
326.315
326.334
326.357
326.385
326.43
326.535
326.822
321.074
321.472
321.873
322.217
322.514
322.772
322.998
323.198
323.376
323.536
323.68
323.81
323.929
324.038
324.138
324.231
324.317
324.396
324.47
324.539
324.604
324.664
324.722
324.776
324.828
324.877
324.925
324.97
325.015
325.057
325.098
325.136
325.171
325.206
325.24
325.273
325.305
325.337
325.368
325.397
325.427
325.455
325.483
325.511
325.537
325.564
325.59
325.615
325.64
325.664
325.688
325.712
325.735
325.758
325.781
325.803
325.825
325.848
325.871
325.893
325.914
325.935
325.955
325.975
325.994
326.013
326.031
326.049
326.067
326.085
326.102
326.119
326.136
326.153
326.169
326.186
326.202
326.218
326.234
326.249
326.265
326.281
326.298
326.316
326.336
326.358
326.386
326.431
326.536
326.823
321.073
321.472
321.873
322.217
322.514
322.772
322.998
323.198
323.376
323.536
323.679
323.81
323.929
324.038
324.138
324.231
324.317
324.396
324.47
324.539
324.604
324.664
324.722
324.777
324.829
324.878
324.926
324.972
325.016
325.059
325.1
325.139
325.175
325.211
325.245
325.278
325.311
325.343
325.374
325.404
325.433
325.462
325.49
325.517
325.544
325.57
325.596
325.621
325.646
325.671
325.695
325.719
325.743
325.766
325.788
325.81
325.832
325.854
325.875
325.896
325.917
325.937
325.958
325.977
325.996
326.015
326.033
326.052
326.07
326.087
326.105
326.122
326.139
326.156
326.173
326.189
326.205
326.221
326.237
326.253
326.269
326.285
326.302
326.319
326.338
326.36
326.388
326.433
326.539
326.826
321.073
321.472
321.872
322.217
322.514
322.772
322.998
323.198
323.376
323.535
323.679
323.81
323.929
324.038
324.138
324.231
324.316
324.396
324.47
324.539
324.604
324.665
324.723
324.777
324.83
324.879
324.927
324.973
325.018
325.06
325.101
325.14
325.177
325.212
325.247
325.281
325.313
325.345
325.376
325.406
325.436
325.465
325.493
325.52
325.547
325.573
325.599
325.624
325.649
325.674
325.699
325.723
325.746
325.769
325.792
325.814
325.836
325.857
325.879
325.899
325.92
325.94
325.96
325.98
325.999
326.018
326.036
326.054
326.072
326.09
326.108
326.125
326.142
326.159
326.176
326.192
326.209
326.225
326.241
326.257
326.273
326.289
326.305
326.323
326.342
326.363
326.391
326.436
326.541
326.828
321.073
321.472
321.872
322.216
322.513
322.771
322.998
323.198
323.376
323.535
323.679
323.81
323.929
324.038
324.138
324.23
324.316
324.396
324.47
324.539
324.604
324.665
324.723
324.778
324.831
324.881
324.929
324.975
325.019
325.061
325.102
325.141
325.178
325.213
325.248
325.282
325.315
325.347
325.378
325.408
325.438
325.467
325.495
325.523
325.549
325.576
325.601
325.627
325.652
325.677
325.701
325.725
325.749
325.772
325.795
325.817
325.839
325.86
325.882
325.902
325.923
325.943
325.963
325.982
326.001
326.02
326.039
326.057
326.075
326.093
326.111
326.128
326.145
326.162
326.179
326.196
326.212
326.229
326.245
326.261
326.277
326.293
326.31
326.327
326.346
326.367
326.394
326.439
326.544
326.831
321.073
321.472
321.872
322.216
322.513
322.771
322.997
323.197
323.375
323.535
323.679
323.809
323.928
324.037
324.138
324.23
324.316
324.395
324.47
324.539
324.604
324.666
324.724
324.779
324.832
324.882
324.93
324.976
325.02
325.062
325.103
325.141
325.179
325.215
325.25
325.283
325.316
325.349
325.38
325.41
325.44
325.469
325.497
325.525
325.552
325.578
325.604
325.629
325.655
325.68
325.704
325.728
325.752
325.775
325.798
325.82
325.842
325.864
325.885
325.906
325.926
325.946
325.966
325.986
326.005
326.024
326.043
326.061
326.079
326.097
326.115
326.132
326.149
326.166
326.183
326.2
326.217
326.233
326.25
326.266
326.282
326.299
326.315
326.333
326.351
326.373
326.399
326.443
326.548
326.835
321.073
321.471
321.872
322.216
322.513
322.771
322.997
323.197
323.375
323.535
323.679
323.809
323.928
324.037
324.138
324.23
324.316
324.395
324.47
324.539
324.605
324.667
324.725
324.78
324.833
324.883
324.931
324.977
325.021
325.063
325.104
325.143
325.18
325.216
325.251
325.285
325.318
325.351
325.382
325.412
325.442
325.471
325.5
325.527
325.555
325.581
325.607
325.633
325.658
325.683
325.708
325.732
325.756
325.779
325.802
325.824
325.846
325.868
325.889
325.91
325.931
325.951
325.971
325.99
326.01
326.029
326.047
326.066
326.084
326.102
326.12
326.137
326.155
326.172
326.189
326.205
326.222
326.239
326.256
326.272
326.288
326.305
326.322
326.339
326.358
326.379
326.405
326.449
326.553
326.839
321.072
321.471
321.871
322.216
322.513
322.771
322.997
323.197
323.375
323.535
323.679
323.809
323.928
324.038
324.138
324.231
324.316
324.396
324.471
324.541
324.606
324.668
324.727
324.782
324.835
324.886
324.934
324.98
325.024
325.066
325.106
325.145
325.183
325.219
325.255
325.289
325.322
325.354
325.386
325.417
325.447
325.476
325.505
325.532
325.56
325.587
325.613
325.639
325.664
325.689
325.714
325.738
325.762
325.785
325.808
325.831
325.853
325.875
325.896
325.917
325.938
325.958
325.978
325.998
326.017
326.036
326.055
326.073
326.092
326.11
326.128
326.145
326.162
326.179
326.196
326.213
326.23
326.247
326.263
326.28
326.296
326.313
326.329
326.347
326.366
326.386
326.412
326.454
326.556
326.84
321.072
321.471
321.871
322.216
322.513
322.771
322.998
323.198
323.376
323.536
323.68
323.811
323.931
324.04
324.14
324.233
324.32
324.4
324.475
324.545
324.611
324.673
324.732
324.788
324.841
324.892
324.94
324.987
325.031
325.073
325.114
325.153
325.191
325.228
325.264
325.298
325.332
325.365
325.397
325.428
325.458
325.487
325.516
325.545
325.572
325.599
325.626
325.652
325.678
325.703
325.728
325.752
325.776
325.8
325.823
325.846
325.868
325.89
325.912
325.933
325.954
325.974
325.995
326.014
326.034
326.053
326.072
326.091
326.109
326.127
326.145
326.162
326.18
326.197
326.213
326.23
326.247
326.263
326.28
326.296
326.312
326.329
326.346
326.363
326.381
326.402
326.427
326.466
326.565
326.843
321.073
321.473
321.874
322.22
322.518
322.778
323.006
323.207
323.387
323.548
323.693
323.825
323.946
324.056
324.158
324.252
324.34
324.421
324.497
324.569
324.636
324.7
324.76
324.817
324.871
324.923
324.972
325.019
325.064
325.108
325.15
325.19
325.229
325.267
325.304
325.339
325.374
325.408
325.441
325.473
325.504
325.535
325.564
325.594
325.622
325.65
325.678
325.705
325.732
325.758
325.784
325.809
325.834
325.858
325.882
325.905
325.929
325.951
325.974
325.996
326.018
326.039
326.06
326.08
326.1
326.12
326.14
326.159
326.178
326.197
326.215
326.233
326.251
326.269
326.286
326.303
326.32
326.337
326.354
326.37
326.387
326.404
326.421
326.439
326.457
326.478
326.502
326.54
326.631
326.897
321.08
321.486
321.894
322.246
322.55
322.816
323.049
323.256
323.441
323.608
323.758
323.895
324.02
324.135
324.242
324.34
324.432
324.518
324.598
324.673
324.745
324.812
324.876
324.936
324.994
325.05
325.102
325.153
325.202
325.249
325.294
325.338
325.38
325.421
325.461
325.5
325.538
325.575
325.611
325.646
325.68
325.714
325.746
325.779
325.81
325.841
325.872
325.902
325.931
325.96
325.988
326.016
326.043
326.07
326.097
326.123
326.149
326.174
326.199
326.223
326.247
326.271
326.294
326.317
326.34
326.362
326.384
326.405
326.426
326.447
326.468
326.488
326.508
326.527
326.547
326.566
326.585
326.604
326.622
326.641
326.659
326.677
326.696
326.715
326.735
326.757
326.782
326.818
326.9
327.13
)
;
        Tnbr            T;
        qrNbr           none;
        qr              none;
        thermalInertia  false;
        thicknessLayers List<scalar> 0();
        kappaLayers     List<scalar> 0();
        kappaMethod     solidThermo;
        kappa           none;
        alphaAni        none;
        alpha           none;
    }
    asphalt_to_air
    {
        type            compressible::turbulentTemperatureRadCoupledMixed;
        refValue        nonuniform List<scalar> 
990
(
310.211
310.408
310.585
310.746
310.895
311.033
311.163
311.285
311.4
311.509
311.613
311.712
311.807
311.898
311.986
312.07
312.152
312.231
312.309
312.384
312.457
312.528
312.598
312.666
312.732
312.798
312.862
312.925
312.987
313.048
313.108
313.167
313.225
313.283
313.339
313.395
313.45
313.504
313.558
313.611
313.663
313.714
313.765
313.815
313.865
313.914
313.962
314.01
314.057
314.103
314.149
314.194
314.239
314.283
314.327
314.369
314.412
314.454
314.495
314.536
314.576
314.616
314.655
314.694
314.732
314.77
314.807
314.844
314.88
314.916
314.951
314.986
315.02
315.054
315.087
315.12
315.153
315.185
315.217
315.248
315.279
315.31
315.341
315.371
315.401
315.431
315.461
315.491
315.524
315.562
310.211
310.408
310.585
310.746
310.895
311.033
311.163
311.285
311.4
311.509
311.613
311.712
311.807
311.898
311.985
312.07
312.152
312.231
312.308
312.383
312.456
312.528
312.597
312.665
312.732
312.798
312.862
312.925
312.987
313.048
313.108
313.167
313.225
313.282
313.339
313.395
313.45
313.504
313.557
313.61
313.662
313.714
313.765
313.815
313.864
313.913
313.961
314.009
314.056
314.103
314.148
314.194
314.238
314.282
314.326
314.369
314.411
314.453
314.494
314.535
314.575
314.615
314.654
314.693
314.731
314.769
314.806
314.843
314.879
314.915
314.95
314.985
315.019
315.053
315.086
315.12
315.152
315.184
315.216
315.248
315.279
315.31
315.34
315.37
315.401
315.431
315.461
315.491
315.524
315.562
310.211
310.408
310.585
310.746
310.895
311.033
311.163
311.285
311.4
311.509
311.613
311.712
311.807
311.898
311.985
312.07
312.152
312.231
312.308
312.383
312.456
312.528
312.597
312.665
312.732
312.797
312.861
312.924
312.986
313.047
313.107
313.166
313.225
313.282
313.338
313.394
313.449
313.503
313.557
313.609
313.662
313.713
313.764
313.814
313.863
313.912
313.961
314.008
314.055
314.102
314.147
314.193
314.237
314.281
314.325
314.368
314.41
314.452
314.493
314.534
314.574
314.614
314.653
314.692
314.73
314.768
314.805
314.842
314.878
314.914
314.95
314.984
315.019
315.053
315.087
315.12
315.153
315.185
315.217
315.249
315.28
315.311
315.342
315.372
315.402
315.433
315.463
315.494
315.527
315.565
310.211
310.408
310.585
310.746
310.895
311.033
311.163
311.285
311.4
311.509
311.613
311.712
311.806
311.898
311.985
312.07
312.152
312.231
312.308
312.383
312.456
312.527
312.597
312.665
312.732
312.797
312.861
312.924
312.986
313.047
313.107
313.166
313.224
313.281
313.338
313.394
313.448
313.503
313.556
313.609
313.661
313.712
313.763
313.813
313.863
313.912
313.96
314.007
314.054
314.101
314.147
314.192
314.236
314.281
314.324
314.367
314.41
314.451
314.493
314.534
314.574
314.614
314.653
314.692
314.73
314.768
314.805
314.842
314.878
314.914
314.949
314.984
315.019
315.053
315.086
315.12
315.153
315.185
315.217
315.249
315.28
315.312
315.342
315.373
315.403
315.434
315.464
315.495
315.528
315.567
310.211
310.408
310.585
310.746
310.895
311.033
311.163
311.285
311.4
311.509
311.613
311.712
311.806
311.897
311.985
312.07
312.152
312.231
312.308
312.383
312.456
312.527
312.597
312.665
312.731
312.797
312.861
312.924
312.986
313.047
313.107
313.166
313.224
313.281
313.337
313.393
313.448
313.502
313.555
313.608
313.66
313.712
313.762
313.812
313.862
313.911
313.959
314.006
314.053
314.1
314.145
314.191
314.235
314.279
314.323
314.366
314.408
314.45
314.492
314.532
314.573
314.612
314.652
314.69
314.729
314.766
314.804
314.841
314.877
314.913
314.948
314.983
315.018
315.052
315.086
315.119
315.152
315.185
315.217
315.249
315.281
315.312
315.343
315.374
315.404
315.435
315.465
315.497
315.53
315.569
310.211
310.408
310.585
310.746
310.895
311.033
311.163
311.285
311.4
311.509
311.612
311.712
311.806
311.897
311.985
312.07
312.152
312.231
312.308
312.383
312.456
312.527
312.597
312.665
312.731
312.797
312.861
312.924
312.986
313.047
313.106
313.165
313.224
313.281
313.337
313.393
313.448
313.502
313.555
313.608
313.66
313.711
313.762
313.812
313.861
313.91
313.958
314.006
314.053
314.099
314.145
314.19
314.235
314.279
314.323
314.366
314.408
314.45
314.491
314.532
314.572
314.612
314.652
314.69
314.729
314.766
314.804
314.841
314.877
314.913
314.949
314.984
315.018
315.053
315.086
315.12
315.153
315.186
315.218
315.25
315.282
315.313
315.344
315.375
315.406
315.437
315.467
315.499
315.532
315.571
310.211
310.408
310.585
310.746
310.895
311.033
311.163
311.285
311.4
311.509
311.612
311.711
311.806
311.897
311.985
312.07
312.151
312.231
312.308
312.383
312.456
312.527
312.596
312.664
312.731
312.796
312.861
312.924
312.985
313.046
313.106
313.165
313.223
313.28
313.337
313.392
313.447
313.501
313.555
313.607
313.659
313.71
313.761
313.811
313.861
313.909
313.957
314.005
314.052
314.098
314.144
314.189
314.234
314.278
314.321
314.364
314.407
314.449
314.49
314.531
314.571
314.611
314.65
314.689
314.728
314.765
314.803
314.84
314.876
314.912
314.948
314.983
315.018
315.052
315.086
315.12
315.153
315.185
315.218
315.25
315.282
315.314
315.345
315.376
315.407
315.438
315.469
315.5
315.534
315.573
310.211
310.408
310.585
310.746
310.895
311.033
311.163
311.285
311.4
311.509
311.612
311.711
311.806
311.897
311.985
312.069
312.151
312.231
312.308
312.382
312.455
312.527
312.596
312.664
312.731
312.796
312.86
312.923
312.985
313.046
313.106
313.165
313.223
313.28
313.337
313.392
313.447
313.501
313.554
313.607
313.659
313.71
313.761
313.811
313.86
313.909
313.957
314.005
314.052
314.098
314.144
314.189
314.234
314.278
314.321
314.364
314.406
314.448
314.49
314.53
314.571
314.61
314.65
314.688
314.727
314.764
314.802
314.838
314.875
314.911
314.946
314.981
315.015
315.05
315.083
315.117
315.15
315.182
315.214
315.246
315.278
315.309
315.34
315.37
315.401
315.431
315.462
315.493
315.526
315.565
310.211
310.408
310.585
310.746
310.895
311.033
311.163
311.284
311.399
311.508
311.612
311.711
311.806
311.897
311.985
312.069
312.151
312.23
312.307
312.382
312.455
312.526
312.596
312.664
312.731
312.796
312.86
312.923
312.985
313.046
313.106
313.165
313.223
313.28
313.336
313.392
313.447
313.501
313.554
313.606
313.658
313.71
313.76
313.81
313.859
313.908
313.956
314.003
314.05
314.096
314.142
314.187
314.231
314.275
314.318
314.361
314.403
314.445
314.486
314.526
314.566
314.606
314.645
314.683
314.721
314.758
314.795
314.831
314.867
314.903
314.937
314.972
315.006
315.039
315.072
315.105
315.137
315.169
315.201
315.232
315.262
315.293
315.323
315.353
315.382
315.412
315.441
315.471
315.503
315.54
310.211
310.408
310.585
310.746
310.895
311.033
311.163
311.285
311.4
311.509
311.613
311.712
311.806
311.898
311.985
312.07
312.152
312.231
312.309
312.384
312.457
312.528
312.598
312.666
312.733
312.798
312.863
312.926
312.988
313.049
313.109
313.168
313.226
313.283
313.34
313.396
313.451
313.505
313.558
313.611
313.663
313.714
313.765
313.815
313.864
313.913
313.961
314.009
314.056
314.102
314.148
314.193
314.237
314.281
314.325
314.367
314.409
314.451
314.492
314.532
314.572
314.612
314.651
314.689
314.727
314.764
314.8
314.837
314.872
314.907
314.942
314.976
315.01
315.043
315.076
315.108
315.14
315.171
315.202
315.232
315.262
315.292
315.322
315.351
315.38
315.409
315.438
315.467
315.498
315.534
310.211
310.408
310.585
310.747
310.896
311.035
311.165
311.287
311.403
311.512
311.617
311.716
311.812
311.904
311.992
312.077
312.16
312.24
312.318
312.394
312.468
312.54
312.611
312.68
312.747
312.814
312.879
312.943
313.006
313.067
313.128
313.188
313.247
313.306
313.363
313.42
313.475
313.531
313.585
313.639
313.692
313.744
313.795
313.846
313.897
313.946
313.996
314.044
314.092
314.139
314.186
314.232
314.277
314.322
314.366
314.41
314.453
314.495
314.537
314.578
314.619
314.659
314.699
314.738
314.777
314.815
314.852
314.889
314.926
314.962
314.997
315.032
315.067
315.101
315.135
315.168
315.2
315.232
315.264
315.295
315.326
315.357
315.387
315.417
315.447
315.476
315.506
315.535
315.567
315.603
)
;
        refGradient     nonuniform List<scalar> 
990
(
71.2857
69.0576
67.3219
65.7971
64.4827
63.3388
62.3346
61.4459
60.6538
59.9433
59.3021
58.7206
58.1909
57.7064
57.2614
56.851
56.4705
56.116
55.7843
55.4732
55.1811
54.9066
54.6483
54.4048
54.1744
53.9559
53.7485
53.5521
53.3666
53.1915
53.0263
52.8734
52.7443
52.6003
52.4544
52.3119
52.1735
52.0393
51.909
51.7822
51.6584
51.5375
51.4192
51.3032
51.1896
51.0779
50.968
50.8598
50.753
50.6476
50.5438
50.4423
50.3433
50.2468
50.1522
50.0589
49.9658
49.8683
49.7559
49.6613
49.5755
49.4932
49.4128
49.3351
49.2568
49.1797
49.1041
49.0296
48.9562
48.8837
48.8122
48.742
48.6732
48.6055
48.5387
48.4725
48.4069
48.3422
48.2787
48.2166
48.156
48.0968
48.0393
47.9838
47.9312
47.8816
47.8347
47.8003
47.8997
48.9744
71.285
69.057
67.3214
65.7966
64.4823
63.3385
62.3344
61.4458
60.6539
59.9435
59.3025
58.7213
58.1919
57.7077
57.2629
56.8525
56.4719
56.1173
55.7857
55.4748
55.183
54.9088
54.6508
54.4074
54.177
53.9586
53.7515
53.5555
53.3702
53.1943
53.0263
52.8653
52.7111
52.5592
52.411
52.2673
52.1289
51.9944
51.8635
51.736
51.6117
51.4903
51.3717
51.2556
51.141
51.0285
50.9182
50.8099
50.7036
50.5993
50.4971
50.3969
50.2987
50.2023
50.1076
50.0145
49.9228
49.8319
49.7388
49.6509
49.5665
49.4845
49.408
49.3298
49.2516
49.1744
49.0987
49.0244
48.9512
48.879
48.8078
48.7377
48.669
48.6015
48.5351
48.4693
48.4042
48.3398
48.2762
48.2136
48.1523
48.0923
48.0339
47.9779
47.9247
47.8746
47.8274
47.7931
47.8928
48.968
71.2842
69.0562
67.3207
65.796
64.4818
63.3382
62.3341
61.4457
60.6539
59.9436
59.3029
58.722
58.1929
57.7088
57.2641
56.8537
56.4731
56.1185
55.7871
55.4765
55.1851
54.9113
54.6536
54.4104
54.1802
53.9621
53.7553
53.5596
53.3741
53.1973
53.0273
52.863
52.7039
52.5495
52.4003
52.2561
52.1175
51.9827
51.8513
51.7233
51.5985
51.4769
51.358
51.2417
51.1266
51.0137
50.9032
50.7948
50.6888
50.5853
50.4842
50.3851
50.2875
50.1914
50.0968
50.0038
49.9126
49.8232
49.7335
49.647
49.5628
49.4806
49.4033
49.3248
49.2465
49.1693
49.0934
49.019
48.9458
48.8737
48.8026
48.7325
48.6636
48.5961
48.5297
48.4642
48.3995
48.3353
48.2718
48.2089
48.1469
48.086
48.0267
47.9696
47.9155
47.8642
47.8158
47.7807
47.8802
48.9562
71.2833
69.0554
67.3199
65.7953
64.4811
63.3376
62.3337
61.4454
60.6537
59.9436
59.3031
58.7225
58.1936
57.7097
57.2651
56.8546
56.474
56.1195
55.7883
55.4781
55.1872
54.9139
54.6566
54.4136
54.1837
53.9658
53.7593
53.5636
53.3775
53.1994
53.0278
52.8617
52.7011
52.5459
52.3963
52.2517
52.1127
51.9775
51.8457
51.7173
51.5922
51.4703
51.3511
51.2347
51.1193
51.0063
50.8957
50.7874
50.6816
50.5787
50.4782
50.3797
50.2826
50.1867
50.0923
49.9996
49.9087
49.8196
49.7315
49.6454
49.561
49.4786
49.3995
49.3205
49.2422
49.1651
49.0892
49.0147
48.9416
48.8696
48.7986
48.7286
48.6597
48.592
48.5256
48.4604
48.3961
48.3325
48.2693
48.2066
48.1445
48.0832
48.0233
47.9656
47.9105
47.8581
47.8083
47.7721
47.8712
48.9469
71.2823
69.0544
67.319
65.7944
64.4804
63.337
62.3332
61.445
60.6534
59.9435
59.3033
58.7228
58.1941
57.7104
57.2658
56.8554
56.4749
56.1206
55.7897
55.48
55.1896
54.9168
54.6599
54.4172
54.1875
53.9699
53.7636
53.5676
53.3807
53.2013
53.0284
52.8613
52.7
52.5446
52.3949
52.25
52.1105
51.9749
51.8427
51.7141
51.5888
51.4666
51.3472
51.2305
51.1152
51.0022
50.8918
50.7836
50.6782
50.5755
50.4752
50.3769
50.28
50.1844
50.0902
49.9978
49.9072
49.8183
49.731
49.645
49.5606
49.4779
49.3975
49.3183
49.2399
49.1628
49.087
49.0125
48.9393
48.8674
48.7965
48.7265
48.6575
48.5898
48.5233
48.4581
48.394
48.3308
48.268
48.2057
48.1437
48.0824
48.0223
47.964
47.9082
47.8546
47.8033
47.7654
47.8638
48.9386
71.2812
69.0532
67.3178
65.7933
64.4794
63.3361
62.3324
61.4443
60.6529
59.9432
59.3031
58.7229
58.1943
57.7107
57.2662
56.8559
56.4754
56.1214
55.7909
55.4817
55.1919
54.9196
54.663
54.4206
54.1911
53.9736
53.7672
53.5707
53.3828
53.2023
53.0284
52.8608
52.6993
52.5439
52.394
52.249
52.1089
51.9728
51.8404
51.7115
51.586
51.4637
51.3441
51.2272
51.112
50.9992
50.8889
50.781
50.6758
50.5732
50.4728
50.3744
50.2775
50.182
50.0881
49.996
49.9056
49.8169
49.7299
49.644
49.5597
49.4769
49.3959
49.3164
49.238
49.1609
49.0851
49.0107
48.9376
48.8657
48.7948
48.725
48.6561
48.5883
48.5218
48.4566
48.3926
48.3296
48.2672
48.2052
48.1437
48.0828
48.0228
47.9644
47.9081
47.8536
47.8007
47.7609
47.8582
48.9318
71.28
69.0519
67.3165
65.7921
64.4782
63.335
62.3315
61.4436
60.6524
59.9429
59.303
58.723
58.1946
57.7111
57.2668
56.8566
56.4763
56.1226
55.7926
55.484
55.1948
54.923
54.6668
54.4246
54.1953
53.9779
53.7712
53.5741
53.3855
53.2042
53.0298
52.862
52.7006
52.5452
52.3952
52.2501
52.1096
51.9732
51.8407
51.7117
51.5861
51.4636
51.3439
51.2269
51.1119
50.9994
50.8894
50.7819
50.677
50.5744
50.4739
50.3753
50.2783
50.183
50.0894
49.9976
49.9075
49.819
49.7322
49.6467
49.5625
49.4799
49.3988
49.3191
49.2408
49.1638
49.0881
49.0138
48.9407
48.8689
48.7981
48.7284
48.6596
48.592
48.5255
48.4603
48.3964
48.3335
48.2713
48.2097
48.1487
48.0883
48.0289
47.9707
47.9142
47.8591
47.805
47.763
47.8585
48.9307
71.2785
69.0501
67.3147
65.7902
64.4764
63.3332
62.3297
61.4419
60.6509
59.9415
59.3019
58.722
58.1937
57.7104
57.2661
56.8561
56.4761
56.1228
55.7933
55.4853
55.1966
54.9252
54.6692
54.4273
54.1981
53.9806
53.7736
53.576
53.3868
53.2051
53.0306
52.8629
52.7017
52.5463
52.3963
52.2511
52.1104
51.9739
51.8413
51.7123
51.5867
51.4642
51.3445
51.2275
51.1129
51.0007
50.8912
50.7841
50.6795
50.577
50.4766
50.3779
50.2811
50.186
50.0929
50.0015
49.9118
49.8238
49.7374
49.6525
49.5689
49.4868
49.4061
49.3268
49.2489
49.1725
49.0974
49.0236
48.9512
48.88
48.8099
48.7409
48.673
48.6062
48.5406
48.4764
48.4133
48.3514
48.2903
48.23
48.1705
48.1118
48.0541
47.9977
47.9427
47.8888
47.835
47.7916
47.8846
48.9531
71.2763
69.0472
67.3113
65.7864
64.4724
63.3291
62.3256
61.4378
60.6468
59.9376
59.2981
58.7184
58.1904
57.7073
57.2633
56.8536
56.4742
56.1215
55.7927
55.4853
55.1972
54.9263
54.6707
54.4291
54.2001
53.9827
53.7757
53.5779
53.3886
53.207
53.0329
52.8657
52.7048
52.5497
52.3999
52.255
52.1144
51.9781
51.8458
51.7171
51.5918
51.4697
51.3504
51.2338
51.1198
51.0085
50.8996
50.7933
50.6894
50.5875
50.4876
50.3895
50.2933
50.1991
50.1068
50.0164
49.9277
49.8407
49.7554
49.6716
49.5894
49.5085
49.429
49.351
49.2745
49.1994
49.1258
49.0535
48.9826
48.9129
48.8444
48.7771
48.711
48.6461
48.5825
48.5202
48.4592
48.3993
48.3404
48.2825
48.2257
48.1699
48.1153
48.0621
48.0104
47.9597
47.9085
47.8644
47.9509
49.0082
71.2749
69.0478
67.3133
65.7901
64.4776
63.336
62.3343
61.4482
60.6591
59.9517
59.314
58.7362
58.2101
57.7288
57.2867
56.8789
56.5015
56.1508
55.8241
55.5188
55.2326
54.9634
54.7096
54.4695
54.2421
54.0261
53.8203
53.6238
53.4359
53.2559
53.0834
52.9178
52.7585
52.6049
52.4565
52.313
52.1738
52.0389
51.908
51.7808
51.657
51.5362
51.4184
51.3033
51.191
51.0813
50.9742
50.8695
50.7672
50.6668
50.5684
50.4719
50.3774
50.2849
50.1943
50.1056
50.0188
49.9336
49.8502
49.7685
49.6883
49.6096
49.5322
49.4564
49.3821
49.3092
49.2379
49.1679
49.0993
49.0319
48.9658
48.901
48.8374
48.7752
48.7143
48.6547
48.5962
48.5389
48.4827
48.4277
48.3738
48.3211
48.2696
48.2195
48.1711
48.124
48.0762
48.031
48.1007
49.1151
71.3179
69.1399
67.4458
65.959
64.6798
63.5687
62.5952
61.7356
60.9712
60.2873
59.6718
59.115
58.609
58.147
57.7234
57.3336
56.9735
56.6397
56.3292
56.0396
55.7685
55.514
55.2744
55.0483
54.8343
54.6315
54.4386
54.2549
54.0797
53.9124
53.7522
53.5986
53.451
53.3088
53.1717
53.0393
52.9111
52.787
52.6668
52.5501
52.4366
52.3261
52.2184
52.1134
52.0111
51.9114
51.8139
51.7188
51.6258
51.5347
51.4456
51.3583
51.2729
51.1893
51.1076
51.0277
50.9495
50.8729
50.798
50.7246
50.6528
50.5825
50.5134
50.4458
50.3797
50.3149
50.2515
50.1893
50.1284
50.0686
50.0099
49.9524
49.8961
49.8411
49.7874
49.7348
49.6831
49.6324
49.5825
49.5336
49.4856
49.4387
49.3927
49.3476
49.3033
49.2595
49.2146
49.1687
49.2042
50.0098
)
;
        valueFraction   nonuniform List<scalar> 
990
(
0.185375
0.175274
0.167263
0.160733
0.155302
0.150718
0.146803
0.143426
0.140487
0.13791
0.135635
0.133615
0.131812
0.130194
0.128737
0.127418
0.126222
0.125132
0.124136
0.123224
0.122386
0.121615
0.120903
0.120244
0.119634
0.119068
0.118542
0.118051
0.117593
0.117165
0.116764
0.116388
0.116036
0.115703
0.115389
0.11509
0.114807
0.114536
0.114278
0.114029
0.11379
0.113559
0.113335
0.113117
0.112904
0.112697
0.112494
0.112295
0.1121
0.11191
0.111723
0.11154
0.111362
0.111188
0.111018
0.110853
0.110692
0.110535
0.110382
0.110235
0.110092
0.109953
0.109818
0.109686
0.109557
0.10943
0.109306
0.109183
0.109062
0.108943
0.108825
0.108708
0.108593
0.108479
0.108367
0.108256
0.108146
0.108038
0.10793
0.107822
0.107715
0.107607
0.107497
0.107384
0.107265
0.107137
0.106995
0.106821
0.106607
0.106104
0.185375
0.175274
0.167264
0.160733
0.155302
0.150719
0.146804
0.143427
0.140489
0.137912
0.135638
0.133619
0.131816
0.130198
0.128741
0.127423
0.126227
0.125137
0.124142
0.12323
0.122392
0.12162
0.120908
0.120249
0.119638
0.11907
0.118542
0.11805
0.11759
0.117159
0.116756
0.116377
0.11602
0.115684
0.115366
0.115064
0.114777
0.114504
0.114242
0.113991
0.113749
0.113515
0.113289
0.11307
0.112856
0.112648
0.112445
0.112247
0.112053
0.111863
0.111677
0.111495
0.111318
0.111145
0.110976
0.110812
0.110652
0.110496
0.110345
0.110198
0.110055
0.109915
0.109779
0.109646
0.109516
0.109389
0.109264
0.109141
0.10902
0.1089
0.108782
0.108666
0.108552
0.108439
0.108327
0.108217
0.108108
0.108
0.107893
0.107787
0.10768
0.107573
0.107464
0.107351
0.107233
0.107105
0.106964
0.10679
0.106576
0.106073
0.185375
0.175274
0.167264
0.160734
0.155303
0.15072
0.146805
0.143429
0.140491
0.137915
0.135641
0.133622
0.131819
0.130202
0.128746
0.127428
0.126232
0.125143
0.124147
0.123235
0.122397
0.121625
0.120912
0.120253
0.119641
0.119072
0.118543
0.118049
0.117587
0.117154
0.116748
0.116367
0.116008
0.115669
0.115348
0.115043
0.114753
0.114477
0.114212
0.113959
0.113714
0.113479
0.113251
0.11303
0.112816
0.112607
0.112404
0.112205
0.112011
0.111822
0.111636
0.111456
0.111279
0.111106
0.110938
0.110775
0.110615
0.110459
0.110308
0.110161
0.110017
0.109877
0.10974
0.109607
0.109476
0.109348
0.109222
0.109098
0.108977
0.108857
0.108739
0.108623
0.108509
0.108396
0.108284
0.108174
0.108066
0.107958
0.107851
0.107745
0.107638
0.107531
0.107422
0.107309
0.107191
0.107064
0.106922
0.106748
0.106533
0.10603
0.185375
0.175274
0.167264
0.160734
0.155303
0.15072
0.146806
0.14343
0.140492
0.137916
0.135643
0.133624
0.131822
0.130206
0.128749
0.127432
0.126236
0.125147
0.124152
0.123239
0.122401
0.121629
0.120915
0.120255
0.119642
0.119073
0.118542
0.118046
0.117583
0.117149
0.116741
0.116357
0.115996
0.115654
0.115331
0.115024
0.114731
0.114452
0.114185
0.113929
0.113683
0.113446
0.113217
0.112994
0.112779
0.11257
0.112366
0.112167
0.111973
0.111784
0.111599
0.111418
0.111242
0.11107
0.110902
0.110739
0.110579
0.110424
0.110273
0.110125
0.109981
0.109841
0.109703
0.109569
0.109438
0.109309
0.109183
0.109059
0.108937
0.108817
0.1087
0.108584
0.108469
0.108357
0.108246
0.108136
0.108028
0.107921
0.107814
0.107708
0.107602
0.107495
0.107387
0.107274
0.107157
0.107029
0.106888
0.106714
0.106499
0.105995
0.185375
0.175274
0.167264
0.160734
0.155304
0.150721
0.146807
0.143431
0.140494
0.137918
0.135645
0.133627
0.131825
0.130209
0.128753
0.127436
0.126241
0.125151
0.124156
0.123244
0.122406
0.121633
0.120919
0.120258
0.119645
0.119074
0.118542
0.118045
0.117581
0.117145
0.116735
0.11635
0.115987
0.115643
0.115317
0.115008
0.114713
0.114432
0.114163
0.113905
0.113657
0.113418
0.113187
0.112964
0.112747
0.112537
0.112333
0.112133
0.111939
0.11175
0.111565
0.111385
0.111209
0.111037
0.110869
0.110706
0.110547
0.110391
0.11024
0.110092
0.109947
0.109807
0.109669
0.109534
0.109402
0.109273
0.109146
0.109022
0.1089
0.10878
0.108662
0.108546
0.108432
0.10832
0.108209
0.108099
0.107991
0.107884
0.107778
0.107672
0.107566
0.107459
0.107351
0.107239
0.107121
0.106994
0.106853
0.10668
0.106465
0.105961
0.185375
0.175274
0.167264
0.160734
0.155304
0.150721
0.146808
0.143432
0.140495
0.13792
0.135647
0.133629
0.131827
0.130211
0.128756
0.127439
0.126244
0.125155
0.124159
0.123247
0.122408
0.121635
0.120921
0.120259
0.119645
0.119074
0.118541
0.118043
0.117577
0.11714
0.116729
0.116342
0.115977
0.115631
0.115303
0.114992
0.114695
0.114412
0.114141
0.113882
0.113632
0.113391
0.113159
0.112935
0.112717
0.112506
0.112301
0.112101
0.111907
0.111717
0.111532
0.111352
0.111176
0.111004
0.110837
0.110673
0.110514
0.110358
0.110207
0.110059
0.109914
0.109773
0.109634
0.109499
0.109367
0.109238
0.109111
0.108986
0.108864
0.108744
0.108626
0.10851
0.108396
0.108283
0.108172
0.108063
0.107955
0.107848
0.107742
0.107636
0.10753
0.107424
0.107315
0.107204
0.107086
0.106959
0.106819
0.106645
0.106431
0.105926
0.185375
0.175275
0.167265
0.160735
0.155305
0.150722
0.146809
0.143434
0.140497
0.137922
0.13565
0.133632
0.131831
0.130215
0.12876
0.127443
0.126248
0.125159
0.124164
0.123252
0.122413
0.12164
0.120925
0.120263
0.119648
0.119076
0.118542
0.118044
0.117577
0.117138
0.116726
0.116337
0.115971
0.115623
0.115294
0.114981
0.114682
0.114398
0.114125
0.113864
0.113612
0.11337
0.113137
0.112911
0.112693
0.112481
0.112275
0.112074
0.111879
0.11169
0.111504
0.111324
0.111148
0.110976
0.110808
0.110645
0.110485
0.11033
0.110177
0.110029
0.109884
0.109742
0.109604
0.109468
0.109336
0.109206
0.109078
0.108953
0.108831
0.108711
0.108592
0.108476
0.108362
0.108249
0.108139
0.108029
0.107921
0.107814
0.107708
0.107603
0.107497
0.10739
0.107282
0.10717
0.107053
0.106926
0.106786
0.106613
0.106399
0.105896
0.185375
0.175275
0.167265
0.160735
0.155305
0.150723
0.14681
0.143434
0.140498
0.137923
0.135651
0.133633
0.131832
0.130217
0.128762
0.127445
0.12625
0.125161
0.124166
0.123254
0.122414
0.121641
0.120926
0.120263
0.119648
0.119075
0.118541
0.118041
0.117573
0.117134
0.11672
0.116331
0.115962
0.115614
0.115283
0.114968
0.114669
0.114382
0.114108
0.113846
0.113593
0.11335
0.113115
0.112889
0.112669
0.112457
0.11225
0.11205
0.111854
0.111664
0.111479
0.111298
0.111122
0.110951
0.110783
0.11062
0.11046
0.110305
0.110153
0.110005
0.10986
0.109718
0.10958
0.109445
0.109313
0.109183
0.109056
0.108932
0.10881
0.108691
0.108573
0.108458
0.108345
0.108234
0.108125
0.108017
0.107911
0.107806
0.107701
0.107598
0.107494
0.10739
0.107284
0.107175
0.107061
0.106937
0.106801
0.106632
0.106423
0.105925
0.185376
0.175275
0.167265
0.160736
0.155306
0.150724
0.146812
0.143437
0.1405
0.137926
0.135654
0.133637
0.131836
0.130221
0.128766
0.12745
0.126255
0.125167
0.124171
0.123259
0.12242
0.121646
0.120931
0.120268
0.119653
0.119079
0.118544
0.118044
0.117575
0.117135
0.116721
0.11633
0.11596
0.11561
0.115278
0.114962
0.114661
0.114374
0.114099
0.113835
0.113581
0.113337
0.113102
0.112874
0.112654
0.112441
0.112234
0.112033
0.111838
0.111648
0.111463
0.111283
0.111107
0.110936
0.11077
0.110607
0.110448
0.110294
0.110143
0.109996
0.109852
0.109712
0.109575
0.109441
0.109311
0.109183
0.109058
0.108936
0.108816
0.108699
0.108585
0.108473
0.108363
0.108255
0.108149
0.108045
0.107942
0.107841
0.107742
0.107643
0.107544
0.107445
0.107344
0.107241
0.107133
0.107017
0.106888
0.106728
0.106528
0.106045
0.185376
0.175275
0.167265
0.160735
0.155305
0.150723
0.14681
0.143435
0.140498
0.137924
0.135652
0.133634
0.131834
0.130218
0.128763
0.127447
0.126252
0.125163
0.124167
0.123254
0.122415
0.121641
0.120925
0.120262
0.119646
0.119072
0.118537
0.118036
0.117566
0.117125
0.11671
0.116318
0.115947
0.115596
0.115263
0.114946
0.114644
0.114356
0.11408
0.113815
0.11356
0.113315
0.113079
0.112851
0.11263
0.112417
0.11221
0.112008
0.111813
0.111623
0.111438
0.111258
0.111083
0.110912
0.110746
0.110584
0.110426
0.110272
0.110121
0.109975
0.109832
0.109693
0.109557
0.109425
0.109295
0.109169
0.109046
0.108926
0.108808
0.108693
0.108581
0.108471
0.108364
0.108259
0.108156
0.108055
0.107956
0.107858
0.107762
0.107667
0.107572
0.107478
0.107382
0.107284
0.107181
0.10707
0.106946
0.106794
0.106603
0.106132
0.185374
0.175271
0.16726
0.160728
0.155297
0.150713
0.146798
0.143421
0.140483
0.137907
0.135633
0.133614
0.131812
0.130196
0.128739
0.127421
0.126225
0.125134
0.124137
0.123223
0.122382
0.121606
0.120889
0.120224
0.119606
0.11903
0.118492
0.117989
0.117517
0.117074
0.116656
0.116261
0.115888
0.115535
0.115199
0.114879
0.114574
0.114282
0.114003
0.113736
0.113478
0.113231
0.112992
0.112761
0.112538
0.112322
0.112112
0.111909
0.111712
0.11152
0.111333
0.111152
0.110975
0.110803
0.110635
0.110472
0.110313
0.110158
0.110007
0.109859
0.109716
0.109576
0.109439
0.109306
0.109176
0.109049
0.108925
0.108804
0.108686
0.108571
0.108459
0.108348
0.108241
0.108136
0.108033
0.107932
0.107833
0.107736
0.10764
0.107545
0.10745
0.107356
0.107261
0.107163
0.107061
0.106951
0.106829
0.106678
0.106492
0.106036
)
;
        value           nonuniform List<scalar> 
990
(
323.366
323.854
324.309
324.692
325.021
325.307
325.558
325.779
325.977
326.153
326.313
326.458
326.59
326.71
326.822
326.925
327.02
327.108
327.19
327.267
327.339
327.406
327.47
327.53
327.588
327.642
327.694
327.745
327.794
327.841
327.886
327.928
327.963
328.001
328.038
328.074
328.11
328.145
328.179
328.212
328.244
328.276
328.307
328.337
328.367
328.396
328.425
328.453
328.481
328.508
328.534
328.56
328.586
328.611
328.636
328.661
328.686
328.713
328.744
328.769
328.793
328.815
328.837
328.859
328.88
328.901
328.921
328.941
328.961
328.98
329
329.019
329.037
329.056
329.074
329.093
329.11
329.128
329.145
329.163
329.181
329.199
329.218
329.238
329.259
329.284
329.313
329.357
329.465
329.834
323.366
323.854
324.309
324.692
325.021
325.307
325.557
325.779
325.976
326.153
326.313
326.457
326.589
326.71
326.822
326.925
327.02
327.108
327.19
327.267
327.338
327.406
327.47
327.53
327.588
327.643
327.695
327.746
327.795
327.843
327.888
327.931
327.972
328.011
328.049
328.085
328.121
328.156
328.191
328.224
328.256
328.288
328.319
328.35
328.379
328.408
328.437
328.465
328.493
328.52
328.547
328.573
328.599
328.625
328.65
328.674
328.699
328.723
328.747
328.771
328.794
328.817
328.84
328.861
328.883
328.903
328.923
328.944
328.963
328.983
329.002
329.021
329.04
329.059
329.077
329.096
329.113
329.131
329.148
329.166
329.184
329.201
329.22
329.24
329.261
329.285
329.314
329.359
329.466
329.835
323.366
323.853
324.309
324.692
325.021
325.307
325.557
325.779
325.976
326.153
326.313
326.457
326.589
326.71
326.821
326.924
327.019
327.108
327.19
327.266
327.338
327.406
327.47
327.531
327.588
327.644
327.696
327.747
327.797
327.844
327.89
327.933
327.974
328.013
328.051
328.088
328.125
328.16
328.194
328.228
328.26
328.292
328.323
328.354
328.384
328.413
328.441
328.469
328.497
328.524
328.552
328.578
328.604
328.63
328.655
328.679
328.704
328.728
328.751
328.774
328.797
328.819
328.842
328.864
328.885
328.906
328.926
328.946
328.966
328.986
329.005
329.024
329.043
329.062
329.081
329.099
329.117
329.135
329.153
329.17
329.188
329.205
329.224
329.243
329.264
329.288
329.317
329.361
329.469
329.838
323.366
323.853
324.309
324.691
325.021
325.306
325.557
325.779
325.976
326.153
326.312
326.457
326.589
326.71
326.821
326.924
327.019
327.107
327.19
327.266
327.338
327.406
327.47
327.531
327.589
327.645
327.698
327.749
327.798
327.845
327.891
327.934
327.975
328.014
328.053
328.09
328.127
328.162
328.197
328.23
328.263
328.295
328.326
328.357
328.386
328.415
328.444
328.472
328.5
328.527
328.555
328.581
328.608
328.633
328.658
328.683
328.707
328.731
328.754
328.777
328.8
328.822
328.845
328.867
328.888
328.909
328.929
328.949
328.969
328.989
329.009
329.028
329.047
329.065
329.084
329.103
329.121
329.139
329.157
329.174
329.192
329.209
329.228
329.247
329.268
329.291
329.32
329.364
329.472
329.841
323.365
323.853
324.308
324.691
325.02
325.306
325.557
325.778
325.976
326.153
326.312
326.457
326.589
326.71
326.821
326.924
327.019
327.107
327.189
327.266
327.338
327.406
327.471
327.532
327.59
327.646
327.699
327.75
327.799
327.846
327.891
327.934
327.976
328.015
328.054
328.091
328.128
328.164
328.198
328.232
328.265
328.297
328.328
328.359
328.388
328.417
328.446
328.474
328.502
328.53
328.557
328.584
328.61
328.636
328.661
328.686
328.71
328.734
328.758
328.78
328.803
328.825
328.848
328.869
328.891
328.911
328.932
328.952
328.973
328.992
329.012
329.031
329.05
329.069
329.088
329.106
329.125
329.143
329.161
329.179
329.196
329.214
329.232
329.251
329.272
329.295
329.323
329.367
329.475
329.844
323.365
323.853
324.308
324.691
325.02
325.306
325.557
325.778
325.975
326.152
326.312
326.457
326.589
326.71
326.821
326.923
327.019
327.107
327.189
327.266
327.339
327.407
327.472
327.533
327.591
327.647
327.7
327.752
327.801
327.847
327.892
327.935
327.976
328.016
328.055
328.093
328.13
328.165
328.2
328.234
328.267
328.299
328.33
328.361
328.391
328.42
328.449
328.477
328.505
328.533
328.56
328.587
328.613
328.639
328.664
328.689
328.714
328.738
328.761
328.784
328.807
328.829
328.851
328.873
328.894
328.915
328.936
328.956
328.977
328.997
329.016
329.036
329.055
329.073
329.092
329.111
329.129
329.148
329.166
329.184
329.202
329.22
329.238
329.257
329.278
329.301
329.329
329.372
329.479
329.848
323.365
323.852
324.308
324.691
325.02
325.306
325.556
325.778
325.975
326.152
326.312
326.456
326.588
326.709
326.821
326.923
327.018
327.107
327.189
327.267
327.339
327.408
327.473
327.534
327.593
327.648
327.702
327.753
327.802
327.848
327.893
327.936
327.978
328.018
328.057
328.095
328.131
328.167
328.202
328.236
328.269
328.301
328.333
328.364
328.394
328.423
328.452
328.481
328.509
328.536
328.564
328.591
328.617
328.643
328.668
328.693
328.718
328.742
328.765
328.789
328.811
328.834
328.856
328.878
328.899
328.92
328.941
328.961
328.982
329.002
329.021
329.041
329.06
329.079
329.098
329.116
329.135
329.154
329.172
329.19
329.208
329.227
329.245
329.265
329.285
329.308
329.335
329.378
329.484
329.853
323.365
323.852
324.307
324.69
325.019
325.305
325.556
325.777
325.975
326.152
326.311
326.456
326.588
326.709
326.821
326.923
327.019
327.107
327.19
327.267
327.34
327.409
327.474
327.536
327.594
327.65
327.704
327.755
327.804
327.85
327.895
327.938
327.98
328.021
328.06
328.098
328.135
328.171
328.206
328.24
328.273
328.305
328.337
328.368
328.398
328.428
328.457
328.486
328.514
328.542
328.569
328.596
328.623
328.649
328.674
328.699
328.724
328.748
328.772
328.795
328.818
328.841
328.863
328.884
328.906
328.927
328.948
328.969
328.989
329.009
329.029
329.048
329.067
329.086
329.105
329.124
329.142
329.161
329.179
329.197
329.215
329.234
329.252
329.272
329.292
329.315
329.341
329.382
329.487
329.853
323.364
323.852
324.307
324.69
325.019
325.305
325.556
325.777
325.975
326.152
326.312
326.457
326.589
326.71
326.822
326.925
327.02
327.109
327.192
327.27
327.343
327.413
327.478
327.54
327.599
327.655
327.708
327.76
327.809
327.856
327.901
327.944
327.987
328.027
328.067
328.105
328.142
328.179
328.214
328.248
328.282
328.315
328.347
328.378
328.408
328.438
328.468
328.497
328.526
328.554
328.581
328.608
328.634
328.661
328.686
328.711
328.736
328.761
328.784
328.808
328.831
328.854
328.876
328.898
328.919
328.941
328.962
328.982
329.002
329.022
329.042
329.062
329.081
329.099
329.118
329.137
329.155
329.173
329.191
329.209
329.227
329.245
329.264
329.283
329.303
329.325
329.351
329.39
329.49
329.85
323.365
323.853
324.309
324.693
325.023
325.31
325.562
325.785
325.983
326.162
326.323
326.469
326.602
326.724
326.837
326.941
327.038
327.128
327.212
327.291
327.366
327.436
327.503
327.566
327.626
327.683
327.737
327.789
327.839
327.887
327.934
327.978
328.022
328.063
328.104
328.143
328.182
328.219
328.255
328.291
328.325
328.359
328.392
328.424
328.456
328.487
328.517
328.547
328.577
328.606
328.634
328.662
328.689
328.716
328.742
328.768
328.794
328.819
328.844
328.868
328.892
328.915
328.938
328.961
328.983
329.005
329.027
329.048
329.069
329.09
329.11
329.13
329.149
329.169
329.188
329.207
329.225
329.244
329.262
329.281
329.299
329.317
329.336
329.355
329.376
329.398
329.423
329.46
329.552
329.897
323.373
323.87
324.335
324.727
325.065
325.36
325.619
325.849
326.055
326.24
326.407
326.56
326.699
326.827
326.946
327.056
327.158
327.254
327.343
327.427
327.507
327.582
327.653
327.721
327.786
327.848
327.907
327.963
328.018
328.07
328.121
328.17
328.218
328.264
328.308
328.352
328.394
328.435
328.476
328.515
328.553
328.591
328.628
328.664
328.699
328.734
328.768
328.802
328.835
328.867
328.899
328.93
328.961
328.991
329.021
329.05
329.079
329.107
329.135
329.163
329.19
329.216
329.242
329.268
329.293
329.318
329.343
329.367
329.391
329.414
329.437
329.46
329.482
329.504
329.526
329.547
329.569
329.59
329.61
329.631
329.651
329.672
329.693
329.714
329.736
329.76
329.786
329.822
329.903
330.197
)
;
        Tnbr            T;
        qrNbr           qr;
        qr              none;
        thermalInertia  false;
        thicknessLayers List<scalar> 0();
        kappaLayers     List<scalar> 0();
        kappaMethod     solidThermo;
        kappa           none;
        alphaAni        none;
        alpha           none;
    }
    asphalt_to_concrete
    {
        type            compressible::turbulentTemperatureRadCoupledMixed;
        refValue        nonuniform List<scalar> 
52
(
325.708
325.729
325.761
325.794
325.826
325.858
325.889
325.919
325.949
325.978
326.006
326.034
326.062
326.09
326.116
326.142
326.167
326.192
326.216
326.239
326.263
326.286
326.31
326.334
326.36
326.399
327.247
327.276
327.311
327.347
327.381
327.414
327.447
327.48
327.511
327.542
327.572
327.602
327.631
327.66
327.689
327.716
327.743
327.769
327.794
327.819
327.844
327.869
327.894
327.919
327.945
327.98
)
;
        refGradient     uniform 0;
        valueFraction   nonuniform List<scalar> 
52
(
0.470588
0.470588
0.470588
0.470588
0.470588
0.470588
0.470588
0.470588
0.470588
0.470588
0.470588
0.470588
0.470588
0.470588
0.470588
0.470588
0.470588
0.470588
0.470588
0.470588
0.470588
0.470588
0.470588
0.470588
0.470588
0.470588
0.470588
0.470588
0.470588
0.470588
0.470588
0.470588
0.470588
0.470588
0.470588
0.470588
0.470588
0.470588
0.470588
0.470588
0.470588
0.470588
0.470588
0.470588
0.470588
0.470588
0.470588
0.470588
0.470588
0.470588
0.470588
0.470588
)
;
        value           nonuniform List<scalar> 
52
(
325.786
325.813
325.846
325.879
325.912
325.944
325.975
326.005
326.035
326.064
326.093
326.121
326.149
326.176
326.203
326.229
326.254
326.279
326.303
326.327
326.35
326.374
326.397
326.421
326.445
326.478
327.254
327.287
327.323
327.358
327.392
327.426
327.459
327.491
327.523
327.554
327.584
327.613
327.643
327.672
327.7
327.727
327.754
327.78
327.806
327.831
327.856
327.881
327.906
327.93
327.956
327.986
)
;
        Tnbr            T;
        qrNbr           none;
        qr              none;
        thermalInertia  false;
        thicknessLayers List<scalar> 0();
        kappaLayers     List<scalar> 0();
        kappaMethod     solidThermo;
        kappa           none;
        alphaAni        none;
        alpha           none;
    }
    asphalt_to_soil2
    {
        type            compressible::turbulentTemperatureRadCoupledMixed;
        refValue        nonuniform List<scalar> 
128
(
321.649
322.068
322.482
322.836
323.141
323.406
323.638
323.844
324.027
324.19
324.338
324.472
324.594
324.706
324.809
324.905
324.993
325.075
325.151
325.222
325.288
325.35
325.409
325.465
325.518
325.568
325.616
325.662
325.707
325.75
325.79
325.815
326.573
326.611
326.635
326.656
326.675
326.695
326.714
326.733
326.752
326.77
326.788
326.806
326.824
326.841
326.859
326.876
326.893
326.909
326.926
326.942
326.959
326.975
326.992
327.01
327.028
327.046
327.067
327.09
327.118
327.163
327.269
327.574
322.795
323.258
323.7
324.073
324.394
324.673
324.918
325.134
325.327
325.499
325.655
325.796
325.925
326.043
326.151
326.252
326.345
326.431
326.511
326.586
326.655
326.721
326.783
326.842
326.898
326.951
327.002
327.05
327.097
327.143
327.186
327.218
328.018
328.051
328.075
328.097
328.117
328.138
328.158
328.178
328.198
328.217
328.237
328.255
328.274
328.292
328.311
328.329
328.347
328.364
328.382
328.399
328.416
328.434
328.452
328.47
328.489
328.508
328.529
328.553
328.582
328.627
328.735
329.08
)
;
        refGradient     uniform 0;
        valueFraction   nonuniform List<scalar> 
128
(
0.5
0.5
0.5
0.5
0.5
0.5
0.5
0.5
0.5
0.5
0.5
0.5
0.5
0.5
0.5
0.5
0.5
0.5
0.5
0.5
0.5
0.5
0.5
0.5
0.5
0.5
0.5
0.5
0.5
0.5
0.5
0.5
0.5
0.5
0.5
0.5
0.5
0.5
0.5
0.5
0.5
0.5
0.5
0.5
0.5
0.5
0.5
0.5
0.5
0.5
0.5
0.5
0.5
0.5
0.5
0.5
0.5
0.5
0.5
0.5
0.5
0.5
0.5
0.5
0.5
0.5
0.5
0.5
0.5
0.5
0.5
0.5
0.5
0.5
0.5
0.5
0.5
0.5
0.5
0.5
0.5
0.5
0.5
0.5
0.5
0.5
0.5
0.5
0.5
0.5
0.5
0.5
0.5
0.5
0.5
0.5
0.5
0.5
0.5
0.5
0.5
0.5
0.5
0.5
0.5
0.5
0.5
0.5
0.5
0.5
0.5
0.5
0.5
0.5
0.5
0.5
0.5
0.5
0.5
0.5
0.5
0.5
0.5
0.5
0.5
0.5
0.5
0.5
)
;
        value           nonuniform List<scalar> 
128
(
321.649
322.068
322.482
322.836
323.141
323.406
323.638
323.844
324.026
324.19
324.338
324.472
324.594
324.706
324.809
324.905
324.993
325.075
325.151
325.222
325.288
325.35
325.409
325.465
325.518
325.568
325.616
325.663
325.708
325.751
325.791
325.822
326.579
326.611
326.634
326.655
326.675
326.695
326.714
326.733
326.752
326.77
326.788
326.806
326.824
326.842
326.859
326.876
326.893
326.91
326.926
326.943
326.959
326.976
326.992
327.01
327.027
327.046
327.066
327.089
327.117
327.163
327.269
327.573
322.795
323.258
323.7
324.073
324.394
324.673
324.918
325.134
325.327
325.499
325.655
325.796
325.924
326.042
326.151
326.251
326.344
326.431
326.511
326.585
326.655
326.721
326.783
326.842
326.898
326.951
327.002
327.051
327.098
327.144
327.187
327.223
328.021
328.05
328.074
328.096
328.117
328.138
328.158
328.178
328.198
328.218
328.237
328.256
328.274
328.293
328.311
328.329
328.347
328.365
328.382
328.399
328.417
328.434
328.452
328.47
328.488
328.508
328.529
328.553
328.582
328.626
328.734
329.079
)
;
        Tnbr            T;
        qrNbr           none;
        qr              none;
        thermalInertia  false;
        thicknessLayers List<scalar> 0();
        kappaLayers     List<scalar> 0();
        kappaMethod     solidThermo;
        kappa           none;
        alphaAni        none;
        alpha           none;
    }
}


// ************************************************************************* //
