/*--------------------------------*- C++ -*----------------------------------*\
| =========                 |                                                 |
| \\      /  F ield         | OpenFOAM: The Open Source CFD Toolbox           |
|  \\    /   O peration     | Version:  v2012                                 |
|   \\  /    A nd           | Website:  www.openfoam.com                      |
|    \\/     M anipulation  |                                                 |
\*---------------------------------------------------------------------------*/
FoamFile
{
    version     2.0;
    format      ascii;
    class       labelList;
    location    "constant/asphalt/polyMesh";
    object      faceRegionAddressing;
}
// * * * * * * * * * * * * * * * * * * * * * * * * * * * * * * * * * * * * * //


7132
(
190002
190003
190004
190005
190006
190007
190008
190009
190010
190011
190012
190013
190014
190015
190016
190017
190018
190019
190020
190021
190022
190023
190024
190025
190026
190027
190028
190029
190030
190031
190032
190033
190034
190035
190036
190037
190038
190039
190040
190041
190042
190043
190044
190045
190046
190047
190048
190049
190050
190051
190052
190053
190054
190055
190056
190057
190058
190059
190060
190061
190062
190063
190064
190065
190066
190067
190068
190069
190070
190071
190072
190073
190074
190075
190076
190077
190078
190079
190080
190081
190082
190083
190084
190085
190086
190087
190088
190089
190090
190091
190092
190093
190094
190095
190096
190097
190098
190099
190100
190101
190102
190103
190104
190105
190106
190107
190108
190109
190110
190111
190112
190113
190114
190115
190116
190117
190118
190119
190120
190121
190122
190123
190124
190125
190126
190127
190128
190129
190130
190131
190132
190133
190134
190135
190136
190137
190138
190139
190140
190141
190142
190143
190144
190145
190146
190147
190148
190149
190150
190151
190152
190153
190154
190155
190156
190157
190158
190159
190160
190161
190162
190163
190164
190165
190166
190167
190168
190169
190170
190171
190172
190173
190174
190175
190176
190177
190178
190179
190180
190181
190182
190183
190184
190185
190186
190187
190188
190189
190190
190191
190192
190193
190194
190195
190196
190197
190198
190199
190200
190201
190202
190203
190204
190205
190206
190207
190208
190209
190210
190211
190212
190213
190214
190215
190216
190217
190218
190219
190220
190221
190222
190223
190224
190225
190226
190227
190228
190229
190230
190231
190232
190233
190234
190235
190236
190237
190238
190239
190240
190241
190242
190243
190244
190245
190246
190247
190248
190249
190250
190251
190252
190253
190254
190255
190256
190257
190258
190259
190260
190261
190262
190263
190264
190265
190266
190267
190268
190269
190270
190271
190272
190273
190274
190275
190276
190277
190278
190279
190280
190281
190282
190283
190284
190285
190286
190287
190288
190289
190290
190291
190292
190293
190294
190295
190296
190297
190298
190299
190300
190301
190302
190303
190304
190305
190306
190307
190308
190309
190310
190311
190312
190313
190314
190315
190316
190317
190318
190319
190320
190321
190322
190323
190324
190325
190326
190327
190328
190329
190330
190331
190332
190333
190334
190335
190336
190337
190338
190339
190340
190341
190342
190343
190344
190345
190346
190347
190348
190349
190350
190351
190352
190353
190354
190355
190356
190357
190358
190359
190360
190361
190362
190363
190364
190365
190366
190367
190368
190369
190370
190371
190372
190373
190374
190375
190376
190377
190378
190379
190380
190381
190382
190383
190384
190385
190386
190387
190388
190389
190390
190391
190392
190393
190394
190395
190396
190397
190398
190399
190400
190401
190402
190403
190404
190405
190406
190407
190408
190409
190410
190411
190412
190413
190414
190415
190416
190417
190418
190419
190420
190421
190422
190423
190424
190425
190426
190427
190428
190429
190430
190431
190432
190433
190434
190435
190436
190437
190438
190439
190440
190441
190442
190443
190444
190445
190446
190447
190448
190449
190450
190451
190452
190453
190454
190455
190456
190457
190458
190459
190460
190461
190462
190463
190464
190465
190466
190467
190468
190469
190470
190471
190472
190473
190474
190475
190476
190477
190478
190479
190480
190481
190482
190483
190484
190485
190486
190487
190488
190489
190490
190491
190492
190493
190494
190495
190496
190497
190498
190499
190500
190501
190502
190503
190504
190505
190506
190507
190508
190509
190510
190511
190512
190513
190514
190515
190516
190517
190518
190519
190520
190521
190522
190523
190524
190525
190526
190527
190528
190529
190530
190531
190532
190533
190534
190535
190536
190537
190538
190539
190540
190541
190542
190543
190544
190545
190546
190547
190548
190549
190550
190551
190552
190553
190554
190555
190556
190557
190558
190559
190560
190561
190562
190563
190564
190565
190566
190567
190568
190569
190570
190571
190572
190573
190574
190575
190576
190577
190578
190579
190580
190581
190582
190583
190584
190585
190586
190587
190588
190589
190590
190591
190592
190593
190594
190595
190596
190597
190598
190599
190600
190601
190602
190603
190604
190605
190606
190607
190608
190609
190610
190611
190612
190613
190614
190615
190616
190617
190618
190619
190620
190621
190622
190623
190624
190625
190626
190627
190628
190629
190630
190631
190632
190633
190634
190635
190636
190637
190638
190639
190640
190641
190642
190643
190644
190645
190646
190647
190648
190649
190650
190651
190652
190653
190654
190655
190656
190657
190658
190659
190660
190661
190662
190663
190664
190665
190666
190667
190668
190669
190670
190671
190672
190673
190674
190675
190676
190677
190678
190679
190680
190681
190682
190683
190684
190685
190686
190687
190688
190689
190690
190691
190692
190693
190694
190695
190696
190697
190698
190699
190700
190701
190702
190703
190704
190705
190706
190707
190708
190709
190710
190711
190712
190713
190714
190715
190716
190717
190718
190719
190720
190721
190722
190723
190724
190725
190726
190727
190728
190729
190730
190731
190732
190733
190734
190735
190736
190737
190738
190739
190740
190741
190742
190743
190744
190745
190746
190747
190748
190749
190750
190751
190752
190753
190754
190755
190756
190757
190758
190759
190760
190761
190762
190763
190764
190765
190766
190767
190768
190769
190770
190771
190772
190773
190774
190775
190776
190777
190778
190779
190780
190781
190782
190783
190784
190785
190786
190787
190788
190789
190790
190791
190792
190793
190794
190795
190796
190797
190798
190799
190800
190801
190802
190803
190804
190805
190806
190807
190808
190809
190810
190811
190812
190813
190814
190815
190816
190817
190818
190819
190820
190821
190822
190823
190824
190825
190826
190827
190828
190829
190830
190831
190832
190833
190834
190835
190836
190837
190838
190839
190840
190841
190842
190843
190844
190845
190846
190847
190848
190849
190850
190851
190852
190853
190854
190855
190856
190857
190858
190859
190860
190861
190862
190863
190864
190865
190866
190867
190868
190869
190870
190871
190872
190873
190874
190875
190876
190877
190878
190879
190880
190881
190882
190883
190884
190885
190886
190887
190888
190889
190890
190891
190892
190893
190894
190895
190896
190897
190898
190899
190900
190901
190902
190903
190904
190905
190906
190907
190908
190909
190910
190911
190912
190913
190914
190915
190916
190917
190918
190919
190920
190921
190922
190923
190924
190925
190926
190927
190928
190929
190930
190931
190932
190933
190934
190935
190936
190937
190938
190939
190940
190941
190942
190943
190944
190945
190946
190947
190948
190949
190950
190951
190952
190953
190954
190955
190956
190957
190958
190959
190960
190961
190962
190963
190964
190965
190966
190967
190968
190969
190970
190971
190972
190973
190974
190975
190976
190977
190978
190979
190980
190981
190982
190983
190984
190985
190986
190987
190988
190989
190990
190991
190992
190993
190994
190995
190996
190997
190998
190999
191000
191001
191002
191003
191004
191005
191006
191007
191008
191009
191010
191011
191012
191013
191014
191015
191016
191017
191018
191019
191020
191021
191022
191023
191024
191025
191026
191027
191028
191029
191030
191031
191032
191033
191034
191035
191036
191037
191038
191039
191040
191041
191042
191043
191044
191045
191046
191047
191048
191049
191050
191051
191052
191053
191054
191055
191056
191057
191058
191059
191060
191061
191062
191063
191064
191065
191066
191067
191068
191069
191070
191071
191072
191073
191074
191075
191076
191077
191078
191079
191080
191081
191082
191083
191084
191085
191086
191087
191088
191089
191090
191091
191092
191093
191094
191095
191096
191097
191098
191099
191100
191101
191102
191103
191104
191105
191106
191107
191108
191109
191110
191111
191112
191113
191114
191115
191116
191117
191118
191119
191120
191121
191122
191123
191124
191125
191126
191127
191128
191129
191130
191131
191132
191133
191134
191135
191136
191137
191138
191139
191140
191141
191142
191143
191144
191145
191146
191147
191148
191149
191150
191151
191152
191153
191154
191155
191156
191157
191158
191159
191160
191161
191162
191163
191164
191165
191166
191167
191168
191169
191170
191171
191172
191173
191174
191175
191176
191177
191178
191179
191180
191181
191182
191183
191184
191185
191186
191187
191188
191189
191190
191191
191192
191193
191194
191195
191196
191197
191198
191199
191200
191201
191202
191203
191204
191205
191206
191207
191208
191209
191210
191211
191212
191213
191214
191215
191216
191217
191218
191219
191220
191221
191222
191223
191224
191225
191226
191227
191228
191229
191230
191231
191232
191233
191234
191235
191236
191237
191238
191239
191240
191241
191242
191243
191244
191245
191246
191247
191248
191249
191250
191251
191252
191253
191254
191255
191256
191257
191258
191259
191260
191261
191262
191263
191264
191265
191266
191267
191268
191269
191270
191271
191272
191273
191274
191275
191276
191277
191278
191279
191280
191281
191282
191283
191284
191285
191286
191287
191288
191289
191290
191291
191292
191293
191294
191295
191296
191297
191298
191299
191300
191301
191302
191303
191304
191305
191306
191307
191308
191309
191310
191311
191312
191313
191314
191315
191316
191317
191318
191319
191320
191321
191322
191323
191324
191325
191326
191327
191328
191329
191330
191331
191332
191333
191334
191335
191336
191337
191338
191339
191340
191341
191342
191343
191344
191345
191346
191347
191348
191349
191350
191351
191352
191353
191354
191355
191356
191357
191358
191359
191360
191361
191362
191363
191364
191365
191366
191367
191368
191369
191370
191371
191372
191373
191374
191375
191376
191377
191378
191379
191380
191381
191382
191383
191384
191385
191386
191387
191388
191389
191390
191391
191392
191393
191394
191395
191396
191397
191398
191399
191400
191401
191402
191403
191404
191405
191406
191407
191408
191409
191410
191411
191412
191413
191414
191415
191416
191417
191418
191419
191420
191421
191422
191423
191424
191425
191426
191427
191428
191429
191430
191431
191432
191433
191434
191435
191436
191437
191438
191439
191440
191441
191442
191443
191444
191445
191446
191447
191448
191449
191450
191451
191452
191453
191454
191455
191456
191457
191458
191459
191460
191461
191462
191463
191464
191465
191466
191467
191468
191469
191470
191471
191472
191473
191474
191475
191476
191477
191478
191479
191480
191481
191482
191483
191484
191485
191486
191487
191488
191489
191490
191491
191492
191493
191494
191495
191496
191497
191498
191499
191500
191501
191502
191503
191504
191505
191506
191507
191508
191509
191510
191511
191512
191513
191514
191515
191516
191517
191518
191519
191520
191521
191522
191523
191524
191525
191526
191527
191528
191529
191530
191531
191532
191533
191534
191535
191536
191537
191538
191539
191540
191541
191542
191543
191544
191545
191546
191547
191548
191549
191550
191551
191552
191553
191554
191555
191556
191557
191558
191559
191560
191561
191562
191563
191564
191565
191566
191567
191568
191569
191570
191571
191572
191573
191574
191575
191576
191577
191578
191579
191580
191581
191582
191583
191584
191585
191586
191587
191588
191589
191590
191591
191592
191593
191594
191595
191596
191597
191598
191599
191600
191601
191602
191603
191604
191605
191606
191607
191608
191609
191610
191611
191612
191613
191614
191615
191616
191617
191618
191619
191620
191621
191622
191623
191624
191625
191626
191627
191628
191629
191630
191631
191632
191633
191634
191635
191636
191637
191638
191639
191640
191641
191642
191643
191644
191645
191646
191647
191648
191649
191650
191651
191652
191653
191654
191655
191656
191657
191658
191659
191660
191661
191662
191663
191664
191665
191666
191667
191668
191669
191670
191671
191672
191673
191674
191675
191676
191677
191678
191679
191680
191681
191682
191683
191684
191685
191686
191687
191688
191689
191690
191691
191692
191693
191694
191695
191696
191697
191698
191699
191700
191701
191702
191703
191704
191705
191706
191707
191708
191709
191710
191711
191712
191713
191714
191715
191716
191717
191718
191719
191720
191721
191722
191723
191724
191725
191726
191727
191728
191729
191730
191731
191732
191733
191734
191735
191736
191737
191738
191739
191740
191741
191742
191743
191744
191745
191746
191747
191748
191749
191750
191751
191752
191753
191754
191755
191756
191757
191758
191759
191760
191761
191762
191763
191764
191765
191766
191767
191768
191769
191770
191771
191772
191773
191774
191775
191776
191777
191778
191779
191780
191781
191782
191783
191784
191785
191786
191787
191788
191789
191790
191791
191792
191793
191794
191795
191796
191797
191798
191799
191800
191801
191802
191803
191804
191805
191806
191807
191808
191809
191810
191811
191812
191813
191814
191815
191816
191817
191818
191819
191820
191821
191822
191823
191824
191825
191826
191827
191828
191829
191830
191831
191832
191833
191834
191835
191836
191837
191838
191839
191840
191841
191842
191843
191844
191845
191846
191847
191848
191849
191850
191851
191852
191853
191854
191855
191856
191857
191858
191859
191860
191861
191862
191863
191864
191865
191866
191867
191868
191869
191870
191871
191872
191873
191874
191875
191876
191877
191878
191879
191880
191881
191882
191883
191884
191885
191886
191887
191888
191889
191890
191891
191892
191893
191894
191895
191896
191897
191898
191899
191900
191901
191902
191903
191904
191905
191906
191907
191908
191909
191910
191911
191912
191913
191914
191915
191916
191917
191918
191919
191920
191921
191922
191923
191924
191925
191926
191927
191928
191929
191930
191931
191932
191933
191934
191935
191936
191937
191938
191939
191940
191941
191942
191943
191944
191945
191946
191947
191948
191949
191950
191951
191952
191953
191954
191955
191956
191957
191958
191959
191960
191961
191962
191963
191964
191965
191966
191967
191968
191969
191970
191971
191972
191973
191974
191975
191976
191977
191978
191979
191980
191981
191982
191983
191984
191985
191986
191987
191988
191989
191990
191991
191992
191993
191994
191995
191996
191997
191998
191999
192000
192001
192002
192003
192004
192005
192006
192007
192008
192009
192010
192011
192012
192013
192014
192015
192016
192017
192018
192019
192020
192021
192022
192023
192024
192025
192026
192027
192028
192029
192030
192031
192032
192033
192034
192035
192036
192037
192038
192039
192040
192041
192042
192043
192044
192045
192046
192047
192048
192049
192050
192051
192052
192053
192054
192055
192056
192057
192058
192059
192060
192061
192062
192063
192064
192065
192066
192067
192068
192069
192070
192071
192072
192073
192074
192075
192076
192077
192078
192079
192080
192081
192082
192083
192084
192085
192086
192087
192088
192089
192090
192091
192092
192093
192094
192095
192096
192097
192098
192099
192100
192101
192102
192103
192104
192105
192106
192107
192108
192109
192110
192111
192112
192113
192114
192115
192116
192117
192118
192119
192120
192121
192122
192123
192124
192125
192126
192127
192128
192129
192130
192131
192132
192133
192134
192135
192136
192137
192138
192139
192140
192141
192142
192143
192144
192145
192146
192147
192148
192149
192150
192151
192152
192153
192154
192155
192156
192157
192158
192159
192160
192161
192162
192163
192164
192165
192166
192167
192168
192169
192170
192171
192172
192173
192174
192175
192176
192177
192178
192179
192180
192181
192182
192183
192184
192185
192186
192187
192188
192189
192190
192191
192192
192193
192194
192195
192196
192197
192198
192199
192200
192201
192202
192203
192204
192205
192206
192207
192208
192209
192210
192211
192212
192213
192214
192215
192216
192217
192218
192219
192220
192221
192222
192223
192224
192225
192226
192227
192228
192229
192230
192231
192232
192233
192234
192235
192236
192237
192238
192239
192240
192241
192242
192243
192244
192245
192246
192247
192248
192249
192250
192251
192252
192253
192254
192255
192256
192257
192258
192259
192260
192261
192262
192263
192264
192265
192266
192267
192268
192269
192270
192271
192272
192273
192274
192275
192276
192277
192278
192279
192280
192281
192282
192283
192284
192285
192286
192287
192288
192289
192290
192291
192292
192293
192294
192295
192296
192297
192298
192299
192300
192301
192302
192303
192304
192305
192306
192307
192308
192309
192310
192311
192312
192313
192314
192315
192316
192317
192318
192319
192320
192321
192322
192323
192324
192325
192326
192327
192328
192329
192330
192331
192332
192333
192334
192335
192336
192337
192338
192339
192340
192341
192342
192343
192344
192345
192346
192347
192348
192349
192350
192351
192352
192353
192354
192355
192356
192357
192358
192359
192360
192361
192362
192363
192364
192365
192366
192367
192368
192369
192370
192371
192372
192373
192374
192375
192376
192377
192378
192379
192380
192381
192382
192383
192384
192385
192386
192387
192388
192389
192390
192391
192392
192393
192394
192395
192396
192397
192398
192399
192400
192401
192402
192403
192404
192405
192406
192407
192408
192409
192410
192411
192412
192413
192414
192415
192416
192417
192418
192419
192420
192421
192422
192423
192424
192425
192426
192427
192428
192429
192430
192431
192432
192433
192434
192435
192436
192437
192438
192439
192440
192441
192442
192443
192444
192445
192446
192447
192448
192449
192450
192451
192452
192453
192454
192455
192456
192457
192458
192459
192460
192461
192462
192463
192464
192465
192466
192467
192468
192469
192470
192471
192472
192473
192474
192475
192476
192477
192478
192479
192480
192481
192482
192483
192484
192485
192486
192487
192488
192489
192490
192491
192492
192493
192494
192495
192496
192497
192498
192499
192500
192501
192502
192503
192504
192505
192506
192507
192508
192509
192510
192511
192512
192513
192514
192515
192516
192517
192518
192519
192520
192521
192522
192523
192524
192525
192526
192527
192528
192529
192530
192531
192532
192533
192534
192535
192536
192537
192538
192539
192540
192541
192542
192543
192544
192545
192546
192547
192548
192549
192550
192551
192552
192553
192554
192555
192556
192557
192558
192559
192560
192561
192562
192563
192564
192565
192566
192567
192568
192569
192570
192571
192572
192573
192574
192575
192576
192577
192578
192579
192580
192581
192582
192583
192584
192585
192586
192587
192588
192589
192590
192591
192592
192593
192594
192595
192596
192597
192598
192599
192600
192601
192602
192603
192604
192605
192606
192607
192608
192609
192610
192611
192612
192613
192614
192615
192616
192617
192618
192619
192620
192621
192622
192623
192624
192625
192626
192627
192628
192629
192630
192631
192632
192633
192634
192635
192636
192637
192638
192639
192640
192641
192642
192643
192644
192645
192646
192647
192648
192649
192650
192651
192652
192653
192654
192655
192656
192657
192658
192659
192660
192661
192662
192663
192664
192665
192666
192667
192668
192669
192670
192671
192672
192673
192674
192675
192676
192677
192678
192679
192680
192681
192682
192683
192684
192685
192686
192687
192688
192689
192690
192691
192692
192693
192694
192695
192696
192697
192698
192699
192700
192701
192702
192703
192704
192705
192706
192707
192708
192709
192710
192711
192712
192713
192714
192715
192716
192717
192718
192719
192720
192721
192722
192723
192724
192725
192726
192727
192728
192729
192730
192731
192732
192733
192734
192735
192736
192737
192738
192739
192740
192741
192742
192743
192744
192745
192746
192747
192748
192749
192750
192751
192752
192753
192754
192755
192756
192757
192758
192759
192760
192761
192762
192763
192764
192765
192766
192767
192768
192769
192770
192771
192772
192773
192774
192775
192776
192777
192778
192779
192780
192781
192782
192783
192784
192785
192786
192787
192788
192789
192790
192791
192792
192793
192794
192795
192796
192797
192798
192799
192800
192801
192802
192803
192804
192805
192806
192807
192808
192809
192810
192811
192812
192813
192814
192815
192816
192817
192818
192819
192820
192821
192822
192823
192824
192825
192826
192827
192828
192829
192830
192831
192832
192833
192834
192835
192836
192837
192838
192839
192840
192841
192842
192843
192844
192845
192846
192847
192848
192849
192850
192851
192852
192853
192854
192855
192856
192857
192858
192859
192860
192861
192862
192863
192864
192865
192866
192867
192868
192869
192870
211432
211433
211435
211436
211438
211439
211441
211442
211444
211445
211447
211448
211450
211451
211453
211454
211456
211457
211459
211460
211462
211463
211465
211466
211468
211469
211471
211472
211474
211475
211477
211478
211480
211481
211483
211484
211486
211487
211489
211490
211492
211493
211495
211496
211498
211499
211501
211502
211504
211505
211507
211508
211510
211511
211513
211514
211516
211517
211519
211520
211522
211523
211525
211526
211528
211529
211531
211532
211534
211535
211537
211538
211540
211541
211543
211544
211546
211547
211549
211550
211552
211553
211555
211556
211558
211559
211561
211562
211564
211565
211567
211568
211570
211571
211573
211574
211576
211577
211579
211580
211582
211583
211585
211586
211588
211589
211591
211592
211594
211595
211597
211598
211600
211601
211603
211604
211606
211607
211609
211610
211612
211613
211615
211616
211618
211619
211621
211622
211624
211625
211627
211628
211630
211631
211633
211634
211636
211637
211639
211640
211642
211643
211645
211646
211648
211649
211651
211652
211654
211655
211657
211658
211660
211661
211663
211664
211666
211667
211669
211670
211672
211673
211675
211676
211678
211679
211681
211682
211684
211685
211687
211688
211690
211691
211693
211694
211696
211697
211699
211701
211702
211704
211705
211707
211708
211710
211711
211713
211714
211716
211717
211719
211720
211722
211723
211725
211726
211728
211729
211731
211732
211734
211735
211737
211738
211740
211741
211743
211744
211746
211747
211749
211750
211752
211753
211755
211756
211758
211759
211761
211762
211764
211765
211767
211768
211770
211771
211773
211774
211776
211777
211779
211780
211782
211783
211785
211786
211788
211789
211791
211792
211794
211795
211797
211798
211800
211801
211803
211804
211806
211807
211809
211810
211812
211813
211815
211816
211818
211819
211821
211822
211824
211825
211827
211828
211830
211831
211833
211834
211836
211837
211839
211840
211842
211843
211845
211846
211848
211849
211851
211852
211854
211855
211857
211858
211860
211861
211863
211864
211866
211867
211869
211870
211872
211873
211875
211876
211878
211879
211881
211882
211884
211885
211887
211888
211890
211891
211893
211894
211896
211897
211899
211900
211902
211903
211905
211906
211908
211909
211911
211912
211914
211915
211917
211918
211920
211921
211923
211924
211926
211927
211929
211930
211932
211933
211935
211936
211938
211939
211941
211942
211944
211945
211947
211948
211950
211951
211953
211954
211956
211957
211959
211960
211962
211963
211965
211966
211968
211970
211971
211973
211974
211976
211977
211979
211980
211982
211983
211985
211986
211988
211989
211991
211992
211994
211995
211997
211998
212000
212001
212003
212004
212006
212007
212009
212010
212012
212013
212015
212016
212018
212019
212021
212022
212024
212025
212027
212028
212030
212031
212033
212034
212036
212037
212039
212040
212042
212043
212045
212046
212048
212049
212051
212052
212054
212055
212057
212058
212060
212061
212063
212064
212066
212067
212069
212070
212072
212073
212075
212076
212078
212079
212081
212082
212084
212085
212087
212088
212090
212091
212093
212094
212096
212097
212099
212100
212102
212103
212105
212106
212108
212109
212111
212112
212114
212115
212117
212118
212120
212121
212123
212124
212126
212127
212129
212130
212132
212133
212135
212136
212138
212139
212141
212142
212144
212145
212147
212148
212150
212151
212153
212154
212156
212157
212159
212160
212162
212163
212165
212166
212168
212169
212171
212172
212174
212175
212177
212178
212180
212181
212183
212184
212186
212187
212189
212190
212192
212193
212195
212196
212198
212199
212201
212202
212204
212205
212207
212208
212210
212211
212213
212214
212216
212217
212219
212220
212222
212223
212225
212226
212228
212229
212231
212232
212234
212235
212237
212239
212240
212242
212243
212245
212246
212248
212249
212251
212252
212254
212255
212257
212258
212260
212261
212263
212264
212266
212267
212269
212270
212272
212273
212275
212276
212278
212279
212281
212282
212284
212285
212287
212288
212290
212291
212293
212294
212296
212297
212299
212300
212302
212303
212305
212306
212308
212309
212311
212312
212314
212315
212317
212318
212320
212321
212323
212324
212326
212327
212329
212330
212332
212333
212335
212336
212338
212339
212341
212342
212344
212345
212347
212348
212350
212351
212353
212354
212356
212357
212359
212360
212362
212363
212365
212366
212368
212369
212371
212372
212374
212375
212377
212378
212380
212381
212383
212384
212386
212387
212389
212390
212392
212393
212395
212396
212398
212399
212401
212402
212404
212405
212407
212408
212410
212411
212413
212414
212416
212417
212419
212420
212422
212423
212425
212426
212428
212429
212431
212432
212434
212435
212437
212438
212440
212441
212443
212444
212446
212447
212449
212450
212452
212453
212455
212456
212458
212459
212461
212462
212464
212465
212467
212468
212470
212471
212473
212474
212476
212477
212479
212480
212482
212483
212485
212486
212488
212489
212491
212492
212494
212495
212497
212498
212500
212501
212503
212504
212506
212508
212509
212511
212512
212514
212515
212517
212518
212520
212521
212523
212524
212526
212527
212529
212530
212532
212533
212535
212536
212538
212539
212541
212542
212544
212545
212547
212548
212550
212551
212553
212554
212556
212557
212559
212560
212562
212563
212565
212566
212568
212569
212571
212572
212574
212575
212577
212578
212580
212581
212583
212584
212586
212587
212589
212590
212592
212593
212595
212596
212598
212599
212601
212602
212604
212605
212607
212608
212610
212611
212613
212614
212616
212617
212619
212620
212622
212623
212625
212626
212628
212629
212631
212632
212634
212635
212637
212638
212640
212641
212643
212644
212646
212647
212649
212650
212652
212653
212655
212656
212658
212659
212661
212662
212664
212665
212667
212668
212670
212671
212673
212674
212676
212677
212679
212680
212682
212683
212685
212686
212688
212689
212691
212692
212694
212695
212697
212698
212700
212701
212703
212704
212706
212707
212709
212710
212712
212713
212715
212716
212718
212719
212721
212722
212724
212725
212727
212728
212730
212731
212733
212734
212736
212737
212739
212740
212742
212743
212745
212746
212748
212749
212751
212752
212754
212755
212757
212758
212760
212761
212763
212764
212766
212767
212769
212770
212772
212773
212775
212777
212778
212780
212781
212783
212784
212786
212787
212789
212790
212792
212793
212795
212796
212798
212799
212801
212802
212804
212805
212807
212808
212810
212811
212813
212814
212816
212817
212819
212820
212822
212823
212825
212826
212828
212829
212831
212832
212834
212835
212837
212838
212840
212841
212843
212844
212846
212847
212849
212850
212852
212853
212855
212856
212858
212859
212861
212862
212864
212865
212867
212868
212870
212871
212873
212874
212876
212877
212879
212880
212882
212883
212885
212886
212888
212889
212891
212892
212894
212895
212897
212898
212900
212901
212903
212904
212906
212907
212909
212910
212912
212913
212915
212916
212918
212919
212921
212922
212924
212925
212927
212928
212930
212931
212933
212934
212936
212937
212939
212940
212942
212943
212945
212946
212948
212949
212951
212952
212954
212955
212957
212958
212960
212961
212963
212964
212966
212967
212969
212970
212972
212973
212975
212976
212978
212979
212981
212982
212984
212985
212987
212988
212990
212991
212993
212994
212996
212997
212999
213000
213002
213003
213005
213006
213008
213009
213011
213012
213014
213015
213017
213018
213020
213021
213023
213024
213026
213027
213029
213030
213032
213033
213035
213036
213038
213039
213041
213042
213044
213046
213047
213049
213050
213052
213053
213055
213056
213058
213059
213061
213062
213064
213065
213067
213068
213070
213071
213073
213074
213076
213077
213079
213080
213082
213083
213085
213086
213088
213089
213091
213092
213094
213095
213097
213098
213100
213101
213103
213104
213106
213107
213109
213110
213112
213113
213115
213116
213118
213119
213121
213122
213124
213125
213127
213128
213130
213131
213133
213134
213136
213137
213139
213140
213142
213143
213145
213146
213148
213149
213151
213152
213154
213155
213157
213158
213160
213161
213163
213164
213166
213167
213169
213170
213172
213173
213175
213176
213178
213179
213181
213182
213184
213185
213187
213188
213190
213191
213193
213194
213196
213197
213199
213200
213202
213203
213205
213206
213208
213209
213211
213212
213214
213215
213217
213218
213220
213221
213223
213224
213226
213227
213229
213230
213232
213233
213235
213236
213238
213239
213241
213242
213244
213245
213247
213248
213250
213251
213253
213254
213256
213257
213259
213260
213262
213263
213265
213266
213268
213269
213271
213272
213274
213275
213277
213278
213280
213281
213283
213284
213286
213287
213289
213290
213292
213293
213295
213296
213298
213299
213301
213302
213304
213305
213307
213308
213310
213311
213313
213315
213316
213318
213319
213321
213322
213324
213325
213327
213328
213330
213331
213333
213334
213336
213337
213339
213340
213342
213343
213345
213346
213348
213349
213351
213352
213354
213355
213357
213358
213360
213361
213363
213364
213366
213367
213369
213370
213372
213373
213375
213376
213378
213379
213381
213382
213384
213385
213387
213388
213390
213391
213393
213394
213396
213397
213399
213400
213402
213403
213405
213406
213408
213409
213411
213412
213414
213415
213417
213418
213420
213421
213423
213424
213426
213427
213429
213430
213432
213433
213435
213436
213438
213439
213441
213442
213444
213445
213447
213448
213450
213451
213453
213454
213456
213457
213459
213460
213462
213463
213465
213466
213468
213469
213471
213472
213474
213475
213477
213478
213480
213481
213483
213484
213486
213487
213489
213490
213492
213493
213495
213496
213498
213499
213501
213502
213504
213505
213507
213508
213510
213511
213513
213514
213516
213517
213519
213520
213522
213523
213525
213526
213528
213529
213531
213532
213534
213535
213537
213538
213540
213541
213543
213544
213546
213547
213549
213550
213552
213553
213555
213556
213558
213559
213561
213562
213564
213565
213567
213568
213570
213571
213573
213574
213576
213577
213579
213580
213582
213584
213585
213587
213588
213590
213591
213593
213594
213596
213597
213599
213600
213602
213603
213605
213606
213608
213609
213611
213612
213614
213615
213617
213618
213620
213621
213623
213624
213626
213627
213629
213630
213632
213633
213635
213636
213638
213639
213641
213642
213644
213645
213647
213648
213650
213651
213653
213654
213656
213657
213659
213660
213662
213663
213665
213666
213668
213669
213671
213672
213674
213675
213677
213678
213680
213681
213683
213684
213686
213687
213689
213690
213692
213693
213695
213696
213698
213699
213701
213702
213704
213705
213707
213708
213710
213711
213713
213714
213716
213717
213719
213720
213722
213723
213725
213726
213728
213729
213731
213732
213734
213735
213737
213738
213740
213741
213743
213744
213746
213747
213749
213750
213752
213753
213755
213756
213758
213759
213761
213762
213764
213765
213767
213768
213770
213771
213773
213774
213776
213777
213779
213780
213782
213783
213785
213786
213788
213789
213791
213792
213794
213795
213797
213798
213800
213801
213803
213804
213806
213807
213809
213810
213812
213813
213815
213816
213818
213819
213821
213822
213824
213825
213827
213828
213830
213831
213833
213834
213836
213837
213839
213840
213842
213843
213845
213846
213848
213849
213851
213853
213854
213856
213857
213859
213860
213862
213863
213865
213866
213868
213869
213871
213872
213874
213875
213877
213878
213880
213881
213883
213884
213886
213887
213889
213890
213892
213893
213895
213896
213898
213899
213901
213902
213904
213905
213907
213908
213910
213911
213913
213914
213916
213917
213919
213920
213922
213923
213925
213926
213928
213929
213931
213932
213934
213935
213937
213938
213940
213941
213943
213944
213946
213947
213949
213950
213952
213953
213955
213956
213958
213959
213961
213962
213964
213965
213967
213968
213970
213971
213973
213974
213976
213977
213979
213980
213982
213983
213985
213986
213988
213989
213991
213992
213994
213995
213997
213998
214000
214001
214003
214004
214006
214007
214009
214010
214012
214013
214015
214016
214018
214019
214021
214022
214024
214025
214027
214028
214030
214031
214033
214034
214036
214037
214039
214040
214042
214043
214045
214046
214048
214049
214051
214052
214054
214055
214057
214058
214060
214061
214063
214064
214066
214067
214069
214070
214072
214073
214075
214076
214078
214079
214081
214082
214084
214085
214087
214088
214090
214091
214093
214094
214096
214097
214099
214100
214102
214103
214105
214106
214108
214109
214111
214112
214114
214115
214117
214118
214120
214122
214124
214126
214128
214130
214132
214134
214136
214138
214140
214142
214144
214146
214148
214150
214152
214154
214156
214158
214160
214162
214164
214166
214168
214170
214172
214174
214176
214178
214180
214182
214184
214186
214188
214190
214192
214194
214196
214198
214200
214202
214204
214206
214208
214210
214212
214214
214216
214218
214220
214222
214224
214226
214228
214230
214232
214234
214236
214238
214240
214242
214244
214246
214248
214250
214252
214254
214256
214258
214260
214262
214264
214266
214268
214270
214272
214274
214276
214278
214280
214282
214284
214286
214288
214290
214292
214294
214296
214298
1065010
1065011
1065012
1065013
1065014
1065015
1065016
1065017
1065018
1065019
1065020
1065090
1065091
1065092
1065093
1065094
1065095
1065096
1065097
1065098
1065099
1065100
1069010
1069011
1069012
1069013
1069014
1069015
1069016
1069017
1069018
1069019
1069020
1069090
1069091
1069092
1069093
1069094
1069095
1069096
1069097
1069098
1069099
1069100
1072309
1072310
1072359
1072360
1072409
1072410
1072459
1072460
1072509
1072510
1072559
1072560
1072609
1072610
1072659
1072660
1072709
1072710
1072759
1072760
1072809
1072810
1072859
1072860
1072909
1072910
1072959
1072960
1073009
1073010
1073059
1073060
1073109
1073110
1073159
1073160
1073209
1073210
1073259
1073260
1073309
1073310
1073359
1073360
1073409
1073410
1073459
1073460
1073509
1073510
1073559
1073560
1073609
1073610
1073659
1073660
1073709
1073710
1073759
1073760
1073809
1073810
1073859
1073860
1073909
1073910
1073959
1073960
1074009
1074010
1074059
1074060
1074109
1074110
1074159
1074160
1074209
1074210
1074259
1074260
1074309
1074310
1074359
1074360
1074409
1074410
1074459
1074460
1074509
1074510
1074559
1074560
1074609
1074610
1074659
1074660
1074709
1074710
1074759
1074760
1074809
1074810
1074859
1074860
1074909
1074910
1074959
1074960
1075009
1075010
1075059
1075060
1075109
1075110
1075159
1075160
1075209
1075210
1075259
1075260
1075309
1075310
1075359
1075360
1075409
1075410
1075459
1075460
1075509
1075510
1075559
1075560
1075609
1075610
1075659
1075660
1075709
1075710
1075759
1075760
1075809
1075810
1075859
1075860
1075909
1075910
1075959
1075960
1076009
1076010
1076059
1076060
1076109
1076110
1076159
1076160
1076209
1076210
1076259
1076260
1076309
1076310
1076359
1076360
1076409
1076410
1076459
1076460
1076509
1076510
1076559
1076560
1076609
1076610
1076659
1076660
1076709
1076710
1076759
1076760
-168574
-168577
-168580
-168583
-168586
-168589
-168592
-168595
-168598
-168601
-168604
-168607
-168610
-168613
-168616
-168619
-168622
-168625
-168628
-168631
-168634
-168637
-168640
-168643
-168646
-168649
-168652
-168655
-168658
-168661
-168664
-168667
-168670
-168673
-168676
-168679
-168682
-168685
-168688
-168691
-168694
-168697
-168700
-168703
-168706
-168709
-168712
-168715
-168718
-168721
-168724
-168727
-168730
-168733
-168736
-168739
-168742
-168745
-168748
-168751
-168754
-168757
-168760
-168763
-168766
-168769
-168772
-168775
-168778
-168781
-168784
-168787
-168790
-168793
-168796
-168799
-168802
-168805
-168808
-168811
-168814
-168817
-168820
-168823
-168826
-168829
-168832
-168835
-168838
-168840
-168843
-168846
-168849
-168852
-168855
-168858
-168861
-168864
-168867
-168870
-168873
-168876
-168879
-168882
-168885
-168888
-168891
-168894
-168897
-168900
-168903
-168906
-168909
-168912
-168915
-168918
-168921
-168924
-168927
-168930
-168933
-168936
-168939
-168942
-168945
-168948
-168951
-168954
-168957
-168960
-168963
-168966
-168969
-168972
-168975
-168978
-168981
-168984
-168987
-168990
-168993
-168996
-168999
-169002
-169005
-169008
-169011
-169014
-169017
-169020
-169023
-169026
-169029
-169032
-169035
-169038
-169041
-169044
-169047
-169050
-169053
-169056
-169059
-169062
-169065
-169068
-169071
-169074
-169077
-169080
-169083
-169086
-169089
-169092
-169095
-169098
-169101
-169104
-169107
-169109
-169112
-169115
-169118
-169121
-169124
-169127
-169130
-169133
-169136
-169139
-169142
-169145
-169148
-169151
-169154
-169157
-169160
-169163
-169166
-169169
-169172
-169175
-169178
-169181
-169184
-169187
-169190
-169193
-169196
-169199
-169202
-169205
-169208
-169211
-169214
-169217
-169220
-169223
-169226
-169229
-169232
-169235
-169238
-169241
-169244
-169247
-169250
-169253
-169256
-169259
-169262
-169265
-169268
-169271
-169274
-169277
-169280
-169283
-169286
-169289
-169292
-169295
-169298
-169301
-169304
-169307
-169310
-169313
-169316
-169319
-169322
-169325
-169328
-169331
-169334
-169337
-169340
-169343
-169346
-169349
-169352
-169355
-169358
-169361
-169364
-169367
-169370
-169373
-169376
-169378
-169381
-169384
-169387
-169390
-169393
-169396
-169399
-169402
-169405
-169408
-169411
-169414
-169417
-169420
-169423
-169426
-169429
-169432
-169435
-169438
-169441
-169444
-169447
-169450
-169453
-169456
-169459
-169462
-169465
-169468
-169471
-169474
-169477
-169480
-169483
-169486
-169489
-169492
-169495
-169498
-169501
-169504
-169507
-169510
-169513
-169516
-169519
-169522
-169525
-169528
-169531
-169534
-169537
-169540
-169543
-169546
-169549
-169552
-169555
-169558
-169561
-169564
-169567
-169570
-169573
-169576
-169579
-169582
-169585
-169588
-169591
-169594
-169597
-169600
-169603
-169606
-169609
-169612
-169615
-169618
-169621
-169624
-169627
-169630
-169633
-169636
-169639
-169642
-169645
-169647
-169650
-169653
-169656
-169659
-169662
-169665
-169668
-169671
-169674
-169677
-169680
-169683
-169686
-169689
-169692
-169695
-169698
-169701
-169704
-169707
-169710
-169713
-169716
-169719
-169722
-169725
-169728
-169731
-169734
-169737
-169740
-169743
-169746
-169749
-169752
-169755
-169758
-169761
-169764
-169767
-169770
-169773
-169776
-169779
-169782
-169785
-169788
-169791
-169794
-169797
-169800
-169803
-169806
-169809
-169812
-169815
-169818
-169821
-169824
-169827
-169830
-169833
-169836
-169839
-169842
-169845
-169848
-169851
-169854
-169857
-169860
-169863
-169866
-169869
-169872
-169875
-169878
-169881
-169884
-169887
-169890
-169893
-169896
-169899
-169902
-169905
-169908
-169911
-169914
-169916
-169919
-169922
-169925
-169928
-169931
-169934
-169937
-169940
-169943
-169946
-169949
-169952
-169955
-169958
-169961
-169964
-169967
-169970
-169973
-169976
-169979
-169982
-169985
-169988
-169991
-169994
-169997
-170000
-170003
-170006
-170009
-170012
-170015
-170018
-170021
-170024
-170027
-170030
-170033
-170036
-170039
-170042
-170045
-170048
-170051
-170054
-170057
-170060
-170063
-170066
-170069
-170072
-170075
-170078
-170081
-170084
-170087
-170090
-170093
-170096
-170099
-170102
-170105
-170108
-170111
-170114
-170117
-170120
-170123
-170126
-170129
-170132
-170135
-170138
-170141
-170144
-170147
-170150
-170153
-170156
-170159
-170162
-170165
-170168
-170171
-170174
-170177
-170180
-170183
-170185
-170188
-170191
-170194
-170197
-170200
-170203
-170206
-170209
-170212
-170215
-170218
-170221
-170224
-170227
-170230
-170233
-170236
-170239
-170242
-170245
-170248
-170251
-170254
-170257
-170260
-170263
-170266
-170269
-170272
-170275
-170278
-170281
-170284
-170287
-170290
-170293
-170296
-170299
-170302
-170305
-170308
-170311
-170314
-170317
-170320
-170323
-170326
-170329
-170332
-170335
-170338
-170341
-170344
-170347
-170350
-170353
-170356
-170359
-170362
-170365
-170368
-170371
-170374
-170377
-170380
-170383
-170386
-170389
-170392
-170395
-170398
-170401
-170404
-170407
-170410
-170413
-170416
-170419
-170422
-170425
-170428
-170431
-170434
-170437
-170440
-170443
-170446
-170449
-170452
-170454
-170457
-170460
-170463
-170466
-170469
-170472
-170475
-170478
-170481
-170484
-170487
-170490
-170493
-170496
-170499
-170502
-170505
-170508
-170511
-170514
-170517
-170520
-170523
-170526
-170529
-170532
-170535
-170538
-170541
-170544
-170547
-170550
-170553
-170556
-170559
-170562
-170565
-170568
-170571
-170574
-170577
-170580
-170583
-170586
-170589
-170592
-170595
-170598
-170601
-170604
-170607
-170610
-170613
-170616
-170619
-170622
-170625
-170628
-170631
-170634
-170637
-170640
-170643
-170646
-170649
-170652
-170655
-170658
-170661
-170664
-170667
-170670
-170673
-170676
-170679
-170682
-170685
-170688
-170691
-170694
-170697
-170700
-170703
-170706
-170709
-170712
-170715
-170718
-170721
-170723
-170726
-170729
-170732
-170735
-170738
-170741
-170744
-170747
-170750
-170753
-170756
-170759
-170762
-170765
-170768
-170771
-170774
-170777
-170780
-170783
-170786
-170789
-170792
-170795
-170798
-170801
-170804
-170807
-170810
-170813
-170816
-170819
-170822
-170825
-170828
-170831
-170834
-170837
-170840
-170843
-170846
-170849
-170852
-170855
-170858
-170861
-170864
-170867
-170870
-170873
-170876
-170879
-170882
-170885
-170888
-170891
-170894
-170897
-170900
-170903
-170906
-170909
-170912
-170915
-170918
-170921
-170924
-170927
-170930
-170933
-170936
-170939
-170942
-170945
-170948
-170951
-170954
-170957
-170960
-170963
-170966
-170969
-170972
-170975
-170978
-170981
-170984
-170987
-170990
-170992
-170995
-170998
-171001
-171004
-171007
-171010
-171013
-171016
-171019
-171022
-171025
-171028
-171031
-171034
-171037
-171040
-171043
-171046
-171049
-171052
-171055
-171058
-171061
-171064
-171067
-171070
-171073
-171076
-171079
-171082
-171085
-171088
-171091
-171094
-171097
-171100
-171103
-171106
-171109
-171112
-171115
-171118
-171121
-171124
-171127
-171130
-171133
-171136
-171139
-171142
-171145
-171148
-171151
-171154
-171157
-171160
-171163
-171166
-171169
-171172
-171175
-171178
-171181
-171184
-171187
-171190
-171193
-171196
-171199
-171202
-171205
-171208
-171211
-171214
-171217
-171220
-171223
-171226
-171229
-171232
-171235
-171238
-171241
-171244
-171247
-171250
-171253
-171256
-171259
-171261
-171263
-171265
-171267
-171269
-171271
-171273
-171275
-171277
-171279
-171281
-171283
-171285
-171287
-171289
-171291
-171293
-171295
-171297
-171299
-171301
-171303
-171305
-171307
-171309
-171311
-171313
-171315
-171317
-171319
-171321
-171323
-171325
-171327
-171329
-171331
-171333
-171335
-171337
-171339
-171341
-171343
-171345
-171347
-171349
-171351
-171353
-171355
-171357
-171359
-171361
-171363
-171365
-171367
-171369
-171371
-171373
-171375
-171377
-171379
-171381
-171383
-171385
-171387
-171389
-171391
-171393
-171395
-171397
-171399
-171401
-171403
-171405
-171407
-171409
-171411
-171413
-171415
-171417
-171419
-171421
-171423
-171425
-171427
-171429
-171431
-171433
-171435
-171437
-171439
-171440
211434
211437
211440
211443
211446
211449
211452
211455
211458
211461
211464
211467
211470
211473
211476
211479
211482
211485
211488
211491
211494
211497
211500
211503
211506
211509
211512
211515
211518
211521
211524
211527
211530
211533
211536
211539
211542
211545
211548
211551
211554
211557
211560
211563
211566
211569
211572
211575
211578
211581
211584
211587
211590
211593
211596
211599
211602
211605
211608
211611
211614
211617
211620
211623
211626
211629
211632
211635
211638
211641
211644
211647
211650
211653
211656
211659
211662
211665
211668
211671
211674
211677
211680
211683
211686
211689
211692
211695
211698
211700
211703
211706
211709
211712
211715
211718
211721
211724
211727
211730
211733
211736
211739
211742
211745
211748
211751
211754
211757
211760
211763
211766
211769
211772
211775
211778
211781
211784
211787
211790
211793
211796
211799
211802
211805
211808
211811
211814
211817
211820
211823
211826
211829
211832
211835
211838
211841
211844
211847
211850
211853
211856
211859
211862
211865
211868
211871
211874
211877
211880
211883
211886
211889
211892
211895
211898
211901
211904
211907
211910
211913
211916
211919
211922
211925
211928
211931
211934
211937
211940
211943
211946
211949
211952
211955
211958
211961
211964
211967
211969
211972
211975
211978
211981
211984
211987
211990
211993
211996
211999
212002
212005
212008
212011
212014
212017
212020
212023
212026
212029
212032
212035
212038
212041
212044
212047
212050
212053
212056
212059
212062
212065
212068
212071
212074
212077
212080
212083
212086
212089
212092
212095
212098
212101
212104
212107
212110
212113
212116
212119
212122
212125
212128
212131
212134
212137
212140
212143
212146
212149
212152
212155
212158
212161
212164
212167
212170
212173
212176
212179
212182
212185
212188
212191
212194
212197
212200
212203
212206
212209
212212
212215
212218
212221
212224
212227
212230
212233
212236
212238
212241
212244
212247
212250
212253
212256
212259
212262
212265
212268
212271
212274
212277
212280
212283
212286
212289
212292
212295
212298
212301
212304
212307
212310
212313
212316
212319
212322
212325
212328
212331
212334
212337
212340
212343
212346
212349
212352
212355
212358
212361
212364
212367
212370
212373
212376
212379
212382
212385
212388
212391
212394
212397
212400
212403
212406
212409
212412
212415
212418
212421
212424
212427
212430
212433
212436
212439
212442
212445
212448
212451
212454
212457
212460
212463
212466
212469
212472
212475
212478
212481
212484
212487
212490
212493
212496
212499
212502
212505
212507
212510
212513
212516
212519
212522
212525
212528
212531
212534
212537
212540
212543
212546
212549
212552
212555
212558
212561
212564
212567
212570
212573
212576
212579
212582
212585
212588
212591
212594
212597
212600
212603
212606
212609
212612
212615
212618
212621
212624
212627
212630
212633
212636
212639
212642
212645
212648
212651
212654
212657
212660
212663
212666
212669
212672
212675
212678
212681
212684
212687
212690
212693
212696
212699
212702
212705
212708
212711
212714
212717
212720
212723
212726
212729
212732
212735
212738
212741
212744
212747
212750
212753
212756
212759
212762
212765
212768
212771
212774
212776
212779
212782
212785
212788
212791
212794
212797
212800
212803
212806
212809
212812
212815
212818
212821
212824
212827
212830
212833
212836
212839
212842
212845
212848
212851
212854
212857
212860
212863
212866
212869
212872
212875
212878
212881
212884
212887
212890
212893
212896
212899
212902
212905
212908
212911
212914
212917
212920
212923
212926
212929
212932
212935
212938
212941
212944
212947
212950
212953
212956
212959
212962
212965
212968
212971
212974
212977
212980
212983
212986
212989
212992
212995
212998
213001
213004
213007
213010
213013
213016
213019
213022
213025
213028
213031
213034
213037
213040
213043
213045
213048
213051
213054
213057
213060
213063
213066
213069
213072
213075
213078
213081
213084
213087
213090
213093
213096
213099
213102
213105
213108
213111
213114
213117
213120
213123
213126
213129
213132
213135
213138
213141
213144
213147
213150
213153
213156
213159
213162
213165
213168
213171
213174
213177
213180
213183
213186
213189
213192
213195
213198
213201
213204
213207
213210
213213
213216
213219
213222
213225
213228
213231
213234
213237
213240
213243
213246
213249
213252
213255
213258
213261
213264
213267
213270
213273
213276
213279
213282
213285
213288
213291
213294
213297
213300
213303
213306
213309
213312
213314
213317
213320
213323
213326
213329
213332
213335
213338
213341
213344
213347
213350
213353
213356
213359
213362
213365
213368
213371
213374
213377
213380
213383
213386
213389
213392
213395
213398
213401
213404
213407
213410
213413
213416
213419
213422
213425
213428
213431
213434
213437
213440
213443
213446
213449
213452
213455
213458
213461
213464
213467
213470
213473
213476
213479
213482
213485
213488
213491
213494
213497
213500
213503
213506
213509
213512
213515
213518
213521
213524
213527
213530
213533
213536
213539
213542
213545
213548
213551
213554
213557
213560
213563
213566
213569
213572
213575
213578
213581
213583
213586
213589
213592
213595
213598
213601
213604
213607
213610
213613
213616
213619
213622
213625
213628
213631
213634
213637
213640
213643
213646
213649
213652
213655
213658
213661
213664
213667
213670
213673
213676
213679
213682
213685
213688
213691
213694
213697
213700
213703
213706
213709
213712
213715
213718
213721
213724
213727
213730
213733
213736
213739
213742
213745
213748
213751
213754
213757
213760
213763
213766
213769
213772
213775
213778
213781
213784
213787
213790
213793
213796
213799
213802
213805
213808
213811
213814
213817
213820
213823
213826
213829
213832
213835
213838
213841
213844
213847
213850
213852
213855
213858
213861
213864
213867
213870
213873
213876
213879
213882
213885
213888
213891
213894
213897
213900
213903
213906
213909
213912
213915
213918
213921
213924
213927
213930
213933
213936
213939
213942
213945
213948
213951
213954
213957
213960
213963
213966
213969
213972
213975
213978
213981
213984
213987
213990
213993
213996
213999
214002
214005
214008
214011
214014
214017
214020
214023
214026
214029
214032
214035
214038
214041
214044
214047
214050
214053
214056
214059
214062
214065
214068
214071
214074
214077
214080
214083
214086
214089
214092
214095
214098
214101
214104
214107
214110
214113
214116
214119
214121
214123
214125
214127
214129
214131
214133
214135
214137
214139
214141
214143
214145
214147
214149
214151
214153
214155
214157
214159
214161
214163
214165
214167
214169
214171
214173
214175
214177
214179
214181
214183
214185
214187
214189
214191
214193
214195
214197
214199
214201
214203
214205
214207
214209
214211
214213
214215
214217
214219
214221
214223
214225
214227
214229
214231
214233
214235
214237
214239
214241
214243
214245
214247
214249
214251
214253
214255
214257
214259
214261
214263
214265
214267
214269
214271
214273
214275
214277
214279
214281
214283
214285
214287
214289
214291
214293
214295
214297
214299
214300
-189830
-189833
-189836
-189839
-189842
-189845
-189848
-189851
-189854
-189857
-189860
-189863
-189866
-189869
-189872
-189875
-189878
-189881
-189884
-189887
-189890
-189893
-189896
-189899
-189902
-189905
-211260
-211263
-211266
-211269
-211272
-211275
-211278
-211281
-211284
-211287
-211290
-211293
-211296
-211299
-211302
-211305
-211308
-211311
-211314
-211317
-211320
-211323
-211326
-211329
-211332
-211335
-189734
-189737
-189740
-189743
-189746
-189749
-189752
-189755
-189758
-189761
-189764
-189767
-189770
-189773
-189776
-189779
-189782
-189785
-189788
-189791
-189794
-189797
-189800
-189803
-189806
-189809
-189812
-189815
-189818
-189821
-189824
-189827
-189908
-189911
-189914
-189917
-189920
-189923
-189926
-189929
-189932
-189935
-189938
-189941
-189944
-189947
-189950
-189953
-189956
-189959
-189962
-189965
-189968
-189971
-189974
-189977
-189980
-189983
-189986
-189989
-189992
-189995
-189998
-190000
-211164
-211167
-211170
-211173
-211176
-211179
-211182
-211185
-211188
-211191
-211194
-211197
-211200
-211203
-211206
-211209
-211212
-211215
-211218
-211221
-211224
-211227
-211230
-211233
-211236
-211239
-211242
-211245
-211248
-211251
-211254
-211257
-211338
-211341
-211344
-211347
-211350
-211353
-211356
-211359
-211362
-211365
-211368
-211371
-211374
-211377
-211380
-211383
-211386
-211389
-211392
-211395
-211398
-211401
-211404
-211407
-211410
-211413
-211416
-211419
-211422
-211425
-211428
-211430
)


// ************************************************************************* //
