/*--------------------------------*- C++ -*----------------------------------*\
| =========                 |                                                 |
| \\      /  F ield         | OpenFOAM: The Open Source CFD Toolbox           |
|  \\    /   O peration     | Version:  v2012                                 |
|   \\  /    A nd           | Website:  www.openfoam.com                      |
|    \\/     M anipulation  |                                                 |
\*---------------------------------------------------------------------------*/
FoamFile
{
    version     2.0;
    format      ascii;
    class       labelList;
    note        "nPoints:3276  nCells:1980  nFaces:7132  nInternalFaces:4748";
    location    "constant/asphalt/polyMesh";
    object      neighbour;
}
// * * * * * * * * * * * * * * * * * * * * * * * * * * * * * * * * * * * * * //


4748
(
1
90
990
2
91
991
3
92
992
4
93
993
5
94
994
6
95
995
7
96
996
8
97
997
9
98
998
10
99
999
11
100
1000
12
101
1001
13
102
1002
14
103
1003
15
104
1004
16
105
1005
17
106
1006
18
107
1007
19
108
1008
20
109
1009
21
110
1010
22
111
1011
23
112
1012
24
113
1013
25
114
1014
26
115
1015
27
116
1016
28
117
1017
29
118
1018
30
119
1019
31
120
1020
32
121
1021
33
122
1022
34
123
1023
35
124
1024
36
125
1025
37
126
1026
38
127
1027
39
128
1028
40
129
1029
41
130
1030
42
131
1031
43
132
1032
44
133
1033
45
134
1034
46
135
1035
47
136
1036
48
137
1037
49
138
1038
50
139
1039
51
140
1040
52
141
1041
53
142
1042
54
143
1043
55
144
1044
56
145
1045
57
146
1046
58
147
1047
59
148
1048
60
149
1049
61
150
1050
62
151
1051
63
152
1052
64
153
1053
65
154
1054
66
155
1055
67
156
1056
68
157
1057
69
158
1058
70
159
1059
71
160
1060
72
161
1061
73
162
1062
74
163
1063
75
164
1064
76
165
1065
77
166
1066
78
167
1067
79
168
1068
80
169
1069
81
170
1070
82
171
1071
83
172
1072
84
173
1073
85
174
1074
86
175
1075
87
176
1076
88
177
1077
89
178
1078
179
1079
91
180
1080
92
181
1081
93
182
1082
94
183
1083
95
184
1084
96
185
1085
97
186
1086
98
187
1087
99
188
1088
100
189
1089
101
190
1090
102
191
1091
103
192
1092
104
193
1093
105
194
1094
106
195
1095
107
196
1096
108
197
1097
109
198
1098
110
199
1099
111
200
1100
112
201
1101
113
202
1102
114
203
1103
115
204
1104
116
205
1105
117
206
1106
118
207
1107
119
208
1108
120
209
1109
121
210
1110
122
211
1111
123
212
1112
124
213
1113
125
214
1114
126
215
1115
127
216
1116
128
217
1117
129
218
1118
130
219
1119
131
220
1120
132
221
1121
133
222
1122
134
223
1123
135
224
1124
136
225
1125
137
226
1126
138
227
1127
139
228
1128
140
229
1129
141
230
1130
142
231
1131
143
232
1132
144
233
1133
145
234
1134
146
235
1135
147
236
1136
148
237
1137
149
238
1138
150
239
1139
151
240
1140
152
241
1141
153
242
1142
154
243
1143
155
244
1144
156
245
1145
157
246
1146
158
247
1147
159
248
1148
160
249
1149
161
250
1150
162
251
1151
163
252
1152
164
253
1153
165
254
1154
166
255
1155
167
256
1156
168
257
1157
169
258
1158
170
259
1159
171
260
1160
172
261
1161
173
262
1162
174
263
1163
175
264
1164
176
265
1165
177
266
1166
178
267
1167
179
268
1168
269
1169
181
270
1170
182
271
1171
183
272
1172
184
273
1173
185
274
1174
186
275
1175
187
276
1176
188
277
1177
189
278
1178
190
279
1179
191
280
1180
192
281
1181
193
282
1182
194
283
1183
195
284
1184
196
285
1185
197
286
1186
198
287
1187
199
288
1188
200
289
1189
201
290
1190
202
291
1191
203
292
1192
204
293
1193
205
294
1194
206
295
1195
207
296
1196
208
297
1197
209
298
1198
210
299
1199
211
300
1200
212
301
1201
213
302
1202
214
303
1203
215
304
1204
216
305
1205
217
306
1206
218
307
1207
219
308
1208
220
309
1209
221
310
1210
222
311
1211
223
312
1212
224
313
1213
225
314
1214
226
315
1215
227
316
1216
228
317
1217
229
318
1218
230
319
1219
231
320
1220
232
321
1221
233
322
1222
234
323
1223
235
324
1224
236
325
1225
237
326
1226
238
327
1227
239
328
1228
240
329
1229
241
330
1230
242
331
1231
243
332
1232
244
333
1233
245
334
1234
246
335
1235
247
336
1236
248
337
1237
249
338
1238
250
339
1239
251
340
1240
252
341
1241
253
342
1242
254
343
1243
255
344
1244
256
345
1245
257
346
1246
258
347
1247
259
348
1248
260
349
1249
261
350
1250
262
351
1251
263
352
1252
264
353
1253
265
354
1254
266
355
1255
267
356
1256
268
357
1257
269
358
1258
359
1259
271
360
1260
272
361
1261
273
362
1262
274
363
1263
275
364
1264
276
365
1265
277
366
1266
278
367
1267
279
368
1268
280
369
1269
281
370
1270
282
371
1271
283
372
1272
284
373
1273
285
374
1274
286
375
1275
287
376
1276
288
377
1277
289
378
1278
290
379
1279
291
380
1280
292
381
1281
293
382
1282
294
383
1283
295
384
1284
296
385
1285
297
386
1286
298
387
1287
299
388
1288
300
389
1289
301
390
1290
302
391
1291
303
392
1292
304
393
1293
305
394
1294
306
395
1295
307
396
1296
308
397
1297
309
398
1298
310
399
1299
311
400
1300
312
401
1301
313
402
1302
314
403
1303
315
404
1304
316
405
1305
317
406
1306
318
407
1307
319
408
1308
320
409
1309
321
410
1310
322
411
1311
323
412
1312
324
413
1313
325
414
1314
326
415
1315
327
416
1316
328
417
1317
329
418
1318
330
419
1319
331
420
1320
332
421
1321
333
422
1322
334
423
1323
335
424
1324
336
425
1325
337
426
1326
338
427
1327
339
428
1328
340
429
1329
341
430
1330
342
431
1331
343
432
1332
344
433
1333
345
434
1334
346
435
1335
347
436
1336
348
437
1337
349
438
1338
350
439
1339
351
440
1340
352
441
1341
353
442
1342
354
443
1343
355
444
1344
356
445
1345
357
446
1346
358
447
1347
359
448
1348
449
1349
361
450
1350
362
451
1351
363
452
1352
364
453
1353
365
454
1354
366
455
1355
367
456
1356
368
457
1357
369
458
1358
370
459
1359
371
460
1360
372
461
1361
373
462
1362
374
463
1363
375
464
1364
376
465
1365
377
466
1366
378
467
1367
379
468
1368
380
469
1369
381
470
1370
382
471
1371
383
472
1372
384
473
1373
385
474
1374
386
475
1375
387
476
1376
388
477
1377
389
478
1378
390
479
1379
391
480
1380
392
481
1381
393
482
1382
394
483
1383
395
484
1384
396
485
1385
397
486
1386
398
487
1387
399
488
1388
400
489
1389
401
490
1390
402
491
1391
403
492
1392
404
493
1393
405
494
1394
406
495
1395
407
496
1396
408
497
1397
409
498
1398
410
499
1399
411
500
1400
412
501
1401
413
502
1402
414
503
1403
415
504
1404
416
505
1405
417
506
1406
418
507
1407
419
508
1408
420
509
1409
421
510
1410
422
511
1411
423
512
1412
424
513
1413
425
514
1414
426
515
1415
427
516
1416
428
517
1417
429
518
1418
430
519
1419
431
520
1420
432
521
1421
433
522
1422
434
523
1423
435
524
1424
436
525
1425
437
526
1426
438
527
1427
439
528
1428
440
529
1429
441
530
1430
442
531
1431
443
532
1432
444
533
1433
445
534
1434
446
535
1435
447
536
1436
448
537
1437
449
538
1438
539
1439
451
540
1440
452
541
1441
453
542
1442
454
543
1443
455
544
1444
456
545
1445
457
546
1446
458
547
1447
459
548
1448
460
549
1449
461
550
1450
462
551
1451
463
552
1452
464
553
1453
465
554
1454
466
555
1455
467
556
1456
468
557
1457
469
558
1458
470
559
1459
471
560
1460
472
561
1461
473
562
1462
474
563
1463
475
564
1464
476
565
1465
477
566
1466
478
567
1467
479
568
1468
480
569
1469
481
570
1470
482
571
1471
483
572
1472
484
573
1473
485
574
1474
486
575
1475
487
576
1476
488
577
1477
489
578
1478
490
579
1479
491
580
1480
492
581
1481
493
582
1482
494
583
1483
495
584
1484
496
585
1485
497
586
1486
498
587
1487
499
588
1488
500
589
1489
501
590
1490
502
591
1491
503
592
1492
504
593
1493
505
594
1494
506
595
1495
507
596
1496
508
597
1497
509
598
1498
510
599
1499
511
600
1500
512
601
1501
513
602
1502
514
603
1503
515
604
1504
516
605
1505
517
606
1506
518
607
1507
519
608
1508
520
609
1509
521
610
1510
522
611
1511
523
612
1512
524
613
1513
525
614
1514
526
615
1515
527
616
1516
528
617
1517
529
618
1518
530
619
1519
531
620
1520
532
621
1521
533
622
1522
534
623
1523
535
624
1524
536
625
1525
537
626
1526
538
627
1527
539
628
1528
629
1529
541
630
1530
542
631
1531
543
632
1532
544
633
1533
545
634
1534
546
635
1535
547
636
1536
548
637
1537
549
638
1538
550
639
1539
551
640
1540
552
641
1541
553
642
1542
554
643
1543
555
644
1544
556
645
1545
557
646
1546
558
647
1547
559
648
1548
560
649
1549
561
650
1550
562
651
1551
563
652
1552
564
653
1553
565
654
1554
566
655
1555
567
656
1556
568
657
1557
569
658
1558
570
659
1559
571
660
1560
572
661
1561
573
662
1562
574
663
1563
575
664
1564
576
665
1565
577
666
1566
578
667
1567
579
668
1568
580
669
1569
581
670
1570
582
671
1571
583
672
1572
584
673
1573
585
674
1574
586
675
1575
587
676
1576
588
677
1577
589
678
1578
590
679
1579
591
680
1580
592
681
1581
593
682
1582
594
683
1583
595
684
1584
596
685
1585
597
686
1586
598
687
1587
599
688
1588
600
689
1589
601
690
1590
602
691
1591
603
692
1592
604
693
1593
605
694
1594
606
695
1595
607
696
1596
608
697
1597
609
698
1598
610
699
1599
611
700
1600
612
701
1601
613
702
1602
614
703
1603
615
704
1604
616
705
1605
617
706
1606
618
707
1607
619
708
1608
620
709
1609
621
710
1610
622
711
1611
623
712
1612
624
713
1613
625
714
1614
626
715
1615
627
716
1616
628
717
1617
629
718
1618
719
1619
631
720
1620
632
721
1621
633
722
1622
634
723
1623
635
724
1624
636
725
1625
637
726
1626
638
727
1627
639
728
1628
640
729
1629
641
730
1630
642
731
1631
643
732
1632
644
733
1633
645
734
1634
646
735
1635
647
736
1636
648
737
1637
649
738
1638
650
739
1639
651
740
1640
652
741
1641
653
742
1642
654
743
1643
655
744
1644
656
745
1645
657
746
1646
658
747
1647
659
748
1648
660
749
1649
661
750
1650
662
751
1651
663
752
1652
664
753
1653
665
754
1654
666
755
1655
667
756
1656
668
757
1657
669
758
1658
670
759
1659
671
760
1660
672
761
1661
673
762
1662
674
763
1663
675
764
1664
676
765
1665
677
766
1666
678
767
1667
679
768
1668
680
769
1669
681
770
1670
682
771
1671
683
772
1672
684
773
1673
685
774
1674
686
775
1675
687
776
1676
688
777
1677
689
778
1678
690
779
1679
691
780
1680
692
781
1681
693
782
1682
694
783
1683
695
784
1684
696
785
1685
697
786
1686
698
787
1687
699
788
1688
700
789
1689
701
790
1690
702
791
1691
703
792
1692
704
793
1693
705
794
1694
706
795
1695
707
796
1696
708
797
1697
709
798
1698
710
799
1699
711
800
1700
712
801
1701
713
802
1702
714
803
1703
715
804
1704
716
805
1705
717
806
1706
718
807
1707
719
808
1708
809
1709
721
810
1710
722
811
1711
723
812
1712
724
813
1713
725
814
1714
726
815
1715
727
816
1716
728
817
1717
729
818
1718
730
819
1719
731
820
1720
732
821
1721
733
822
1722
734
823
1723
735
824
1724
736
825
1725
737
826
1726
738
827
1727
739
828
1728
740
829
1729
741
830
1730
742
831
1731
743
832
1732
744
833
1733
745
834
1734
746
835
1735
747
836
1736
748
837
1737
749
838
1738
750
839
1739
751
840
1740
752
841
1741
753
842
1742
754
843
1743
755
844
1744
756
845
1745
757
846
1746
758
847
1747
759
848
1748
760
849
1749
761
850
1750
762
851
1751
763
852
1752
764
853
1753
765
854
1754
766
855
1755
767
856
1756
768
857
1757
769
858
1758
770
859
1759
771
860
1760
772
861
1761
773
862
1762
774
863
1763
775
864
1764
776
865
1765
777
866
1766
778
867
1767
779
868
1768
780
869
1769
781
870
1770
782
871
1771
783
872
1772
784
873
1773
785
874
1774
786
875
1775
787
876
1776
788
877
1777
789
878
1778
790
879
1779
791
880
1780
792
881
1781
793
882
1782
794
883
1783
795
884
1784
796
885
1785
797
886
1786
798
887
1787
799
888
1788
800
889
1789
801
890
1790
802
891
1791
803
892
1792
804
893
1793
805
894
1794
806
895
1795
807
896
1796
808
897
1797
809
898
1798
899
1799
811
900
1800
812
901
1801
813
902
1802
814
903
1803
815
904
1804
816
905
1805
817
906
1806
818
907
1807
819
908
1808
820
909
1809
821
910
1810
822
911
1811
823
912
1812
824
913
1813
825
914
1814
826
915
1815
827
916
1816
828
917
1817
829
918
1818
830
919
1819
831
920
1820
832
921
1821
833
922
1822
834
923
1823
835
924
1824
836
925
1825
837
926
1826
838
927
1827
839
928
1828
840
929
1829
841
930
1830
842
931
1831
843
932
1832
844
933
1833
845
934
1834
846
935
1835
847
936
1836
848
937
1837
849
938
1838
850
939
1839
851
940
1840
852
941
1841
853
942
1842
854
943
1843
855
944
1844
856
945
1845
857
946
1846
858
947
1847
859
948
1848
860
949
1849
861
950
1850
862
951
1851
863
952
1852
864
953
1853
865
954
1854
866
955
1855
867
956
1856
868
957
1857
869
958
1858
870
959
1859
871
960
1860
872
961
1861
873
962
1862
874
963
1863
875
964
1864
876
965
1865
877
966
1866
878
967
1867
879
968
1868
880
969
1869
881
970
1870
882
971
1871
883
972
1872
884
973
1873
885
974
1874
886
975
1875
887
976
1876
888
977
1877
889
978
1878
890
979
1879
891
980
1880
892
981
1881
893
982
1882
894
983
1883
895
984
1884
896
985
1885
897
986
1886
898
987
1887
899
988
1888
989
1889
901
1890
902
1891
903
1892
904
1893
905
1894
906
1895
907
1896
908
1897
909
1898
910
1899
911
1900
912
1901
913
1902
914
1903
915
1904
916
1905
917
1906
918
1907
919
1908
920
1909
921
1910
922
1911
923
1912
924
1913
925
1914
926
1915
927
1916
928
1917
929
1918
930
1919
931
1920
932
1921
933
1922
934
1923
935
1924
936
1925
937
1926
938
1927
939
1928
940
1929
941
1930
942
1931
943
1932
944
1933
945
1934
946
1935
947
1936
948
1937
949
1938
950
1939
951
1940
952
1941
953
1942
954
1943
955
1944
956
1945
957
1946
958
1947
959
1948
960
1949
961
1950
962
1951
963
1952
964
1953
965
1954
966
1955
967
1956
968
1957
969
1958
970
1959
971
1960
972
1961
973
1962
974
1963
975
1964
976
1965
977
1966
978
1967
979
1968
980
1969
981
1970
982
1971
983
1972
984
1973
985
1974
986
1975
987
1976
988
1977
989
1978
1979
991
1080
992
1081
993
1082
994
1083
995
1084
996
1085
997
1086
998
1087
999
1088
1000
1089
1001
1090
1002
1091
1003
1092
1004
1093
1005
1094
1006
1095
1007
1096
1008
1097
1009
1098
1010
1099
1011
1100
1012
1101
1013
1102
1014
1103
1015
1104
1016
1105
1017
1106
1018
1107
1019
1108
1020
1109
1021
1110
1022
1111
1023
1112
1024
1113
1025
1114
1026
1115
1027
1116
1028
1117
1029
1118
1030
1119
1031
1120
1032
1121
1033
1122
1034
1123
1035
1124
1036
1125
1037
1126
1038
1127
1039
1128
1040
1129
1041
1130
1042
1131
1043
1132
1044
1133
1045
1134
1046
1135
1047
1136
1048
1137
1049
1138
1050
1139
1051
1140
1052
1141
1053
1142
1054
1143
1055
1144
1056
1145
1057
1146
1058
1147
1059
1148
1060
1149
1061
1150
1062
1151
1063
1152
1064
1153
1065
1154
1066
1155
1067
1156
1068
1157
1069
1158
1070
1159
1071
1160
1072
1161
1073
1162
1074
1163
1075
1164
1076
1165
1077
1166
1078
1167
1079
1168
1169
1081
1170
1082
1171
1083
1172
1084
1173
1085
1174
1086
1175
1087
1176
1088
1177
1089
1178
1090
1179
1091
1180
1092
1181
1093
1182
1094
1183
1095
1184
1096
1185
1097
1186
1098
1187
1099
1188
1100
1189
1101
1190
1102
1191
1103
1192
1104
1193
1105
1194
1106
1195
1107
1196
1108
1197
1109
1198
1110
1199
1111
1200
1112
1201
1113
1202
1114
1203
1115
1204
1116
1205
1117
1206
1118
1207
1119
1208
1120
1209
1121
1210
1122
1211
1123
1212
1124
1213
1125
1214
1126
1215
1127
1216
1128
1217
1129
1218
1130
1219
1131
1220
1132
1221
1133
1222
1134
1223
1135
1224
1136
1225
1137
1226
1138
1227
1139
1228
1140
1229
1141
1230
1142
1231
1143
1232
1144
1233
1145
1234
1146
1235
1147
1236
1148
1237
1149
1238
1150
1239
1151
1240
1152
1241
1153
1242
1154
1243
1155
1244
1156
1245
1157
1246
1158
1247
1159
1248
1160
1249
1161
1250
1162
1251
1163
1252
1164
1253
1165
1254
1166
1255
1167
1256
1168
1257
1169
1258
1259
1171
1260
1172
1261
1173
1262
1174
1263
1175
1264
1176
1265
1177
1266
1178
1267
1179
1268
1180
1269
1181
1270
1182
1271
1183
1272
1184
1273
1185
1274
1186
1275
1187
1276
1188
1277
1189
1278
1190
1279
1191
1280
1192
1281
1193
1282
1194
1283
1195
1284
1196
1285
1197
1286
1198
1287
1199
1288
1200
1289
1201
1290
1202
1291
1203
1292
1204
1293
1205
1294
1206
1295
1207
1296
1208
1297
1209
1298
1210
1299
1211
1300
1212
1301
1213
1302
1214
1303
1215
1304
1216
1305
1217
1306
1218
1307
1219
1308
1220
1309
1221
1310
1222
1311
1223
1312
1224
1313
1225
1314
1226
1315
1227
1316
1228
1317
1229
1318
1230
1319
1231
1320
1232
1321
1233
1322
1234
1323
1235
1324
1236
1325
1237
1326
1238
1327
1239
1328
1240
1329
1241
1330
1242
1331
1243
1332
1244
1333
1245
1334
1246
1335
1247
1336
1248
1337
1249
1338
1250
1339
1251
1340
1252
1341
1253
1342
1254
1343
1255
1344
1256
1345
1257
1346
1258
1347
1259
1348
1349
1261
1350
1262
1351
1263
1352
1264
1353
1265
1354
1266
1355
1267
1356
1268
1357
1269
1358
1270
1359
1271
1360
1272
1361
1273
1362
1274
1363
1275
1364
1276
1365
1277
1366
1278
1367
1279
1368
1280
1369
1281
1370
1282
1371
1283
1372
1284
1373
1285
1374
1286
1375
1287
1376
1288
1377
1289
1378
1290
1379
1291
1380
1292
1381
1293
1382
1294
1383
1295
1384
1296
1385
1297
1386
1298
1387
1299
1388
1300
1389
1301
1390
1302
1391
1303
1392
1304
1393
1305
1394
1306
1395
1307
1396
1308
1397
1309
1398
1310
1399
1311
1400
1312
1401
1313
1402
1314
1403
1315
1404
1316
1405
1317
1406
1318
1407
1319
1408
1320
1409
1321
1410
1322
1411
1323
1412
1324
1413
1325
1414
1326
1415
1327
1416
1328
1417
1329
1418
1330
1419
1331
1420
1332
1421
1333
1422
1334
1423
1335
1424
1336
1425
1337
1426
1338
1427
1339
1428
1340
1429
1341
1430
1342
1431
1343
1432
1344
1433
1345
1434
1346
1435
1347
1436
1348
1437
1349
1438
1439
1351
1440
1352
1441
1353
1442
1354
1443
1355
1444
1356
1445
1357
1446
1358
1447
1359
1448
1360
1449
1361
1450
1362
1451
1363
1452
1364
1453
1365
1454
1366
1455
1367
1456
1368
1457
1369
1458
1370
1459
1371
1460
1372
1461
1373
1462
1374
1463
1375
1464
1376
1465
1377
1466
1378
1467
1379
1468
1380
1469
1381
1470
1382
1471
1383
1472
1384
1473
1385
1474
1386
1475
1387
1476
1388
1477
1389
1478
1390
1479
1391
1480
1392
1481
1393
1482
1394
1483
1395
1484
1396
1485
1397
1486
1398
1487
1399
1488
1400
1489
1401
1490
1402
1491
1403
1492
1404
1493
1405
1494
1406
1495
1407
1496
1408
1497
1409
1498
1410
1499
1411
1500
1412
1501
1413
1502
1414
1503
1415
1504
1416
1505
1417
1506
1418
1507
1419
1508
1420
1509
1421
1510
1422
1511
1423
1512
1424
1513
1425
1514
1426
1515
1427
1516
1428
1517
1429
1518
1430
1519
1431
1520
1432
1521
1433
1522
1434
1523
1435
1524
1436
1525
1437
1526
1438
1527
1439
1528
1529
1441
1530
1442
1531
1443
1532
1444
1533
1445
1534
1446
1535
1447
1536
1448
1537
1449
1538
1450
1539
1451
1540
1452
1541
1453
1542
1454
1543
1455
1544
1456
1545
1457
1546
1458
1547
1459
1548
1460
1549
1461
1550
1462
1551
1463
1552
1464
1553
1465
1554
1466
1555
1467
1556
1468
1557
1469
1558
1470
1559
1471
1560
1472
1561
1473
1562
1474
1563
1475
1564
1476
1565
1477
1566
1478
1567
1479
1568
1480
1569
1481
1570
1482
1571
1483
1572
1484
1573
1485
1574
1486
1575
1487
1576
1488
1577
1489
1578
1490
1579
1491
1580
1492
1581
1493
1582
1494
1583
1495
1584
1496
1585
1497
1586
1498
1587
1499
1588
1500
1589
1501
1590
1502
1591
1503
1592
1504
1593
1505
1594
1506
1595
1507
1596
1508
1597
1509
1598
1510
1599
1511
1600
1512
1601
1513
1602
1514
1603
1515
1604
1516
1605
1517
1606
1518
1607
1519
1608
1520
1609
1521
1610
1522
1611
1523
1612
1524
1613
1525
1614
1526
1615
1527
1616
1528
1617
1529
1618
1619
1531
1620
1532
1621
1533
1622
1534
1623
1535
1624
1536
1625
1537
1626
1538
1627
1539
1628
1540
1629
1541
1630
1542
1631
1543
1632
1544
1633
1545
1634
1546
1635
1547
1636
1548
1637
1549
1638
1550
1639
1551
1640
1552
1641
1553
1642
1554
1643
1555
1644
1556
1645
1557
1646
1558
1647
1559
1648
1560
1649
1561
1650
1562
1651
1563
1652
1564
1653
1565
1654
1566
1655
1567
1656
1568
1657
1569
1658
1570
1659
1571
1660
1572
1661
1573
1662
1574
1663
1575
1664
1576
1665
1577
1666
1578
1667
1579
1668
1580
1669
1581
1670
1582
1671
1583
1672
1584
1673
1585
1674
1586
1675
1587
1676
1588
1677
1589
1678
1590
1679
1591
1680
1592
1681
1593
1682
1594
1683
1595
1684
1596
1685
1597
1686
1598
1687
1599
1688
1600
1689
1601
1690
1602
1691
1603
1692
1604
1693
1605
1694
1606
1695
1607
1696
1608
1697
1609
1698
1610
1699
1611
1700
1612
1701
1613
1702
1614
1703
1615
1704
1616
1705
1617
1706
1618
1707
1619
1708
1709
1621
1710
1622
1711
1623
1712
1624
1713
1625
1714
1626
1715
1627
1716
1628
1717
1629
1718
1630
1719
1631
1720
1632
1721
1633
1722
1634
1723
1635
1724
1636
1725
1637
1726
1638
1727
1639
1728
1640
1729
1641
1730
1642
1731
1643
1732
1644
1733
1645
1734
1646
1735
1647
1736
1648
1737
1649
1738
1650
1739
1651
1740
1652
1741
1653
1742
1654
1743
1655
1744
1656
1745
1657
1746
1658
1747
1659
1748
1660
1749
1661
1750
1662
1751
1663
1752
1664
1753
1665
1754
1666
1755
1667
1756
1668
1757
1669
1758
1670
1759
1671
1760
1672
1761
1673
1762
1674
1763
1675
1764
1676
1765
1677
1766
1678
1767
1679
1768
1680
1769
1681
1770
1682
1771
1683
1772
1684
1773
1685
1774
1686
1775
1687
1776
1688
1777
1689
1778
1690
1779
1691
1780
1692
1781
1693
1782
1694
1783
1695
1784
1696
1785
1697
1786
1698
1787
1699
1788
1700
1789
1701
1790
1702
1791
1703
1792
1704
1793
1705
1794
1706
1795
1707
1796
1708
1797
1709
1798
1799
1711
1800
1712
1801
1713
1802
1714
1803
1715
1804
1716
1805
1717
1806
1718
1807
1719
1808
1720
1809
1721
1810
1722
1811
1723
1812
1724
1813
1725
1814
1726
1815
1727
1816
1728
1817
1729
1818
1730
1819
1731
1820
1732
1821
1733
1822
1734
1823
1735
1824
1736
1825
1737
1826
1738
1827
1739
1828
1740
1829
1741
1830
1742
1831
1743
1832
1744
1833
1745
1834
1746
1835
1747
1836
1748
1837
1749
1838
1750
1839
1751
1840
1752
1841
1753
1842
1754
1843
1755
1844
1756
1845
1757
1846
1758
1847
1759
1848
1760
1849
1761
1850
1762
1851
1763
1852
1764
1853
1765
1854
1766
1855
1767
1856
1768
1857
1769
1858
1770
1859
1771
1860
1772
1861
1773
1862
1774
1863
1775
1864
1776
1865
1777
1866
1778
1867
1779
1868
1780
1869
1781
1870
1782
1871
1783
1872
1784
1873
1785
1874
1786
1875
1787
1876
1788
1877
1789
1878
1790
1879
1791
1880
1792
1881
1793
1882
1794
1883
1795
1884
1796
1885
1797
1886
1798
1887
1799
1888
1889
1801
1890
1802
1891
1803
1892
1804
1893
1805
1894
1806
1895
1807
1896
1808
1897
1809
1898
1810
1899
1811
1900
1812
1901
1813
1902
1814
1903
1815
1904
1816
1905
1817
1906
1818
1907
1819
1908
1820
1909
1821
1910
1822
1911
1823
1912
1824
1913
1825
1914
1826
1915
1827
1916
1828
1917
1829
1918
1830
1919
1831
1920
1832
1921
1833
1922
1834
1923
1835
1924
1836
1925
1837
1926
1838
1927
1839
1928
1840
1929
1841
1930
1842
1931
1843
1932
1844
1933
1845
1934
1846
1935
1847
1936
1848
1937
1849
1938
1850
1939
1851
1940
1852
1941
1853
1942
1854
1943
1855
1944
1856
1945
1857
1946
1858
1947
1859
1948
1860
1949
1861
1950
1862
1951
1863
1952
1864
1953
1865
1954
1866
1955
1867
1956
1868
1957
1869
1958
1870
1959
1871
1960
1872
1961
1873
1962
1874
1963
1875
1964
1876
1965
1877
1966
1878
1967
1879
1968
1880
1969
1881
1970
1882
1971
1883
1972
1884
1973
1885
1974
1886
1975
1887
1976
1888
1977
1889
1978
1979
1891
1892
1893
1894
1895
1896
1897
1898
1899
1900
1901
1902
1903
1904
1905
1906
1907
1908
1909
1910
1911
1912
1913
1914
1915
1916
1917
1918
1919
1920
1921
1922
1923
1924
1925
1926
1927
1928
1929
1930
1931
1932
1933
1934
1935
1936
1937
1938
1939
1940
1941
1942
1943
1944
1945
1946
1947
1948
1949
1950
1951
1952
1953
1954
1955
1956
1957
1958
1959
1960
1961
1962
1963
1964
1965
1966
1967
1968
1969
1970
1971
1972
1973
1974
1975
1976
1977
1978
1979
)


// ************************************************************************* //
