/*--------------------------------*- C++ -*----------------------------------*\
| =========                 |                                                 |
| \\      /  F ield         | OpenFOAM: The Open Source CFD Toolbox           |
|  \\    /   O peration     | Version:  v2012                                 |
|   \\  /    A nd           | Website:  www.openfoam.com                      |
|    \\/     M anipulation  |                                                 |
\*---------------------------------------------------------------------------*/
FoamFile
{
    version     2.0;
    format      ascii;
    class       vectorField;
    location    "constant/asphalt/polyMesh";
    object      points;
}
// * * * * * * * * * * * * * * * * * * * * * * * * * * * * * * * * * * * * * //


3276
(
(0 69 -0.2)
(1 69 -0.2)
(2 69 -0.2)
(3 69 -0.2)
(4 69 -0.2)
(5 69 -0.2)
(6 69 -0.2)
(7 69 -0.2)
(8 69 -0.2)
(9 69 -0.2)
(10 69 -0.2)
(11 69 -0.2)
(12 69 -0.2)
(13 69 -0.2)
(14 69 -0.2)
(15 69 -0.2)
(16 69 -0.2)
(17 69 -0.2)
(18 69 -0.2)
(19 69 -0.2)
(20 69 -0.2)
(21 69 -0.2)
(22 69 -0.2)
(23 69 -0.2)
(24 69 -0.2)
(25 69 -0.2)
(26 69 -0.2)
(27 69 -0.2)
(28 69 -0.2)
(29 69 -0.2)
(30 69 -0.2)
(31 69 -0.2)
(32 69 -0.2)
(33 69 -0.2)
(34 69 -0.2)
(35 69 -0.2)
(36 69 -0.2)
(37 69 -0.2)
(38 69 -0.2)
(39 69 -0.2)
(40 69 -0.2)
(41 69 -0.2)
(42 69 -0.2)
(43 69 -0.2)
(44 69 -0.2)
(45 69 -0.2)
(46 69 -0.2)
(47 69 -0.2)
(48 69 -0.2)
(49 69 -0.2)
(50 69 -0.2)
(51 69 -0.2)
(52 69 -0.2)
(53 69 -0.2)
(54 69 -0.2)
(55 69 -0.2)
(56 69 -0.2)
(57 69 -0.2)
(58 69 -0.2)
(59 69 -0.2)
(60 69 -0.2)
(61 69 -0.2)
(62 69 -0.2)
(63 69 -0.2)
(64 69 -0.2)
(65 69 -0.2)
(66 69 -0.2)
(67 69 -0.2)
(68 69 -0.2)
(69 69 -0.2)
(70 69 -0.2)
(71 69 -0.2)
(72 69 -0.2)
(73 69 -0.2)
(74 69 -0.2)
(75 69 -0.2)
(76 69 -0.2)
(77 69 -0.2)
(78 69 -0.2)
(79 69 -0.2)
(80 69 -0.2)
(81 69 -0.2)
(82 69 -0.2)
(83 69 -0.2)
(84 69 -0.2)
(85 69 -0.2)
(86 69 -0.2)
(87 69 -0.2)
(88 69 -0.2)
(89 69 -0.2)
(90 69 -0.2)
(0 70 -0.2)
(1 70 -0.2)
(2 70 -0.2)
(3 70 -0.2)
(4 70 -0.2)
(5 70 -0.2)
(6 70 -0.2)
(7 70 -0.2)
(8 70 -0.2)
(9 70 -0.2)
(10 70 -0.2)
(11 70 -0.2)
(12 70 -0.2)
(13 70 -0.2)
(14 70 -0.2)
(15 70 -0.2)
(16 70 -0.2)
(17 70 -0.2)
(18 70 -0.2)
(19 70 -0.2)
(20 70 -0.2)
(21 70 -0.2)
(22 70 -0.2)
(23 70 -0.2)
(24 70 -0.2)
(25 70 -0.2)
(26 70 -0.2)
(27 70 -0.2)
(28 70 -0.2)
(29 70 -0.2)
(30 70 -0.2)
(31 70 -0.2)
(32 70 -0.2)
(33 70 -0.2)
(34 70 -0.2)
(35 70 -0.2)
(36 70 -0.2)
(37 70 -0.2)
(38 70 -0.2)
(39 70 -0.2)
(40 70 -0.2)
(41 70 -0.2)
(42 70 -0.2)
(43 70 -0.2)
(44 70 -0.2)
(45 70 -0.2)
(46 70 -0.2)
(47 70 -0.2)
(48 70 -0.2)
(49 70 -0.2)
(50 70 -0.2)
(51 70 -0.2)
(52 70 -0.2)
(53 70 -0.2)
(54 70 -0.2)
(55 70 -0.2)
(56 70 -0.2)
(57 70 -0.2)
(58 70 -0.2)
(59 70 -0.2)
(60 70 -0.2)
(61 70 -0.2)
(62 70 -0.2)
(63 70 -0.2)
(64 70 -0.2)
(65 70 -0.2)
(66 70 -0.2)
(67 70 -0.2)
(68 70 -0.2)
(69 70 -0.2)
(70 70 -0.2)
(71 70 -0.2)
(72 70 -0.2)
(73 70 -0.2)
(74 70 -0.2)
(75 70 -0.2)
(76 70 -0.2)
(77 70 -0.2)
(78 70 -0.2)
(79 70 -0.2)
(80 70 -0.2)
(81 70 -0.2)
(82 70 -0.2)
(83 70 -0.2)
(84 70 -0.2)
(85 70 -0.2)
(86 70 -0.2)
(87 70 -0.2)
(88 70 -0.2)
(89 70 -0.2)
(90 70 -0.2)
(0 71 -0.2)
(1 71 -0.2)
(2 71 -0.2)
(3 71 -0.2)
(4 71 -0.2)
(5 71 -0.2)
(6 71 -0.2)
(7 71 -0.2)
(8 71 -0.2)
(9 71 -0.2)
(10 71 -0.2)
(11 71 -0.2)
(12 71 -0.2)
(13 71 -0.2)
(14 71 -0.2)
(15 71 -0.2)
(16 71 -0.2)
(17 71 -0.2)
(18 71 -0.2)
(19 71 -0.2)
(20 71 -0.2)
(21 71 -0.2)
(22 71 -0.2)
(23 71 -0.2)
(24 71 -0.2)
(25 71 -0.2)
(26 71 -0.2)
(27 71 -0.2)
(28 71 -0.2)
(29 71 -0.2)
(30 71 -0.2)
(31 71 -0.2)
(32 71 -0.2)
(33 71 -0.2)
(34 71 -0.2)
(35 71 -0.2)
(36 71 -0.2)
(37 71 -0.2)
(38 71 -0.2)
(39 71 -0.2)
(40 71 -0.2)
(41 71 -0.2)
(42 71 -0.2)
(43 71 -0.2)
(44 71 -0.2)
(45 71 -0.2)
(46 71 -0.2)
(47 71 -0.2)
(48 71 -0.2)
(49 71 -0.2)
(50 71 -0.2)
(51 71 -0.2)
(52 71 -0.2)
(53 71 -0.2)
(54 71 -0.2)
(55 71 -0.2)
(56 71 -0.2)
(57 71 -0.2)
(58 71 -0.2)
(59 71 -0.2)
(60 71 -0.2)
(61 71 -0.2)
(62 71 -0.2)
(63 71 -0.2)
(64 71 -0.2)
(65 71 -0.2)
(66 71 -0.2)
(67 71 -0.2)
(68 71 -0.2)
(69 71 -0.2)
(70 71 -0.2)
(71 71 -0.2)
(72 71 -0.2)
(73 71 -0.2)
(74 71 -0.2)
(75 71 -0.2)
(76 71 -0.2)
(77 71 -0.2)
(78 71 -0.2)
(79 71 -0.2)
(80 71 -0.2)
(81 71 -0.2)
(82 71 -0.2)
(83 71 -0.2)
(84 71 -0.2)
(85 71 -0.2)
(86 71 -0.2)
(87 71 -0.2)
(88 71 -0.2)
(89 71 -0.2)
(90 71 -0.2)
(0 72 -0.2)
(1 72 -0.2)
(2 72 -0.2)
(3 72 -0.2)
(4 72 -0.2)
(5 72 -0.2)
(6 72 -0.2)
(7 72 -0.2)
(8 72 -0.2)
(9 72 -0.2)
(10 72 -0.2)
(11 72 -0.2)
(12 72 -0.2)
(13 72 -0.2)
(14 72 -0.2)
(15 72 -0.2)
(16 72 -0.2)
(17 72 -0.2)
(18 72 -0.2)
(19 72 -0.2)
(20 72 -0.2)
(21 72 -0.2)
(22 72 -0.2)
(23 72 -0.2)
(24 72 -0.2)
(25 72 -0.2)
(26 72 -0.2)
(27 72 -0.2)
(28 72 -0.2)
(29 72 -0.2)
(30 72 -0.2)
(31 72 -0.2)
(32 72 -0.2)
(33 72 -0.2)
(34 72 -0.2)
(35 72 -0.2)
(36 72 -0.2)
(37 72 -0.2)
(38 72 -0.2)
(39 72 -0.2)
(40 72 -0.2)
(41 72 -0.2)
(42 72 -0.2)
(43 72 -0.2)
(44 72 -0.2)
(45 72 -0.2)
(46 72 -0.2)
(47 72 -0.2)
(48 72 -0.2)
(49 72 -0.2)
(50 72 -0.2)
(51 72 -0.2)
(52 72 -0.2)
(53 72 -0.2)
(54 72 -0.2)
(55 72 -0.2)
(56 72 -0.2)
(57 72 -0.2)
(58 72 -0.2)
(59 72 -0.2)
(60 72 -0.2)
(61 72 -0.2)
(62 72 -0.2)
(63 72 -0.2)
(64 72 -0.2)
(65 72 -0.2)
(66 72 -0.2)
(67 72 -0.2)
(68 72 -0.2)
(69 72 -0.2)
(70 72 -0.2)
(71 72 -0.2)
(72 72 -0.2)
(73 72 -0.2)
(74 72 -0.2)
(75 72 -0.2)
(76 72 -0.2)
(77 72 -0.2)
(78 72 -0.2)
(79 72 -0.2)
(80 72 -0.2)
(81 72 -0.2)
(82 72 -0.2)
(83 72 -0.2)
(84 72 -0.2)
(85 72 -0.2)
(86 72 -0.2)
(87 72 -0.2)
(88 72 -0.2)
(89 72 -0.2)
(90 72 -0.2)
(0 73 -0.2)
(1 73 -0.2)
(2 73 -0.2)
(3 73 -0.2)
(4 73 -0.2)
(5 73 -0.2)
(6 73 -0.2)
(7 73 -0.2)
(8 73 -0.2)
(9 73 -0.2)
(10 73 -0.2)
(11 73 -0.2)
(12 73 -0.2)
(13 73 -0.2)
(14 73 -0.2)
(15 73 -0.2)
(16 73 -0.2)
(17 73 -0.2)
(18 73 -0.2)
(19 73 -0.2)
(20 73 -0.2)
(21 73 -0.2)
(22 73 -0.2)
(23 73 -0.2)
(24 73 -0.2)
(25 73 -0.2)
(26 73 -0.2)
(27 73 -0.2)
(28 73 -0.2)
(29 73 -0.2)
(30 73 -0.2)
(31 73 -0.2)
(32 73 -0.2)
(33 73 -0.2)
(34 73 -0.2)
(35 73 -0.2)
(36 73 -0.2)
(37 73 -0.2)
(38 73 -0.2)
(39 73 -0.2)
(40 73 -0.2)
(41 73 -0.2)
(42 73 -0.2)
(43 73 -0.2)
(44 73 -0.2)
(45 73 -0.2)
(46 73 -0.2)
(47 73 -0.2)
(48 73 -0.2)
(49 73 -0.2)
(50 73 -0.2)
(51 73 -0.2)
(52 73 -0.2)
(53 73 -0.2)
(54 73 -0.2)
(55 73 -0.2)
(56 73 -0.2)
(57 73 -0.2)
(58 73 -0.2)
(59 73 -0.2)
(60 73 -0.2)
(61 73 -0.2)
(62 73 -0.2)
(63 73 -0.2)
(64 73 -0.2)
(65 73 -0.2)
(66 73 -0.2)
(67 73 -0.2)
(68 73 -0.2)
(69 73 -0.2)
(70 73 -0.2)
(71 73 -0.2)
(72 73 -0.2)
(73 73 -0.2)
(74 73 -0.2)
(75 73 -0.2)
(76 73 -0.2)
(77 73 -0.2)
(78 73 -0.2)
(79 73 -0.2)
(80 73 -0.2)
(81 73 -0.2)
(82 73 -0.2)
(83 73 -0.2)
(84 73 -0.2)
(85 73 -0.2)
(86 73 -0.2)
(87 73 -0.2)
(88 73 -0.2)
(89 73 -0.2)
(90 73 -0.2)
(0 74 -0.2)
(1 74 -0.2)
(2 74 -0.2)
(3 74 -0.2)
(4 74 -0.2)
(5 74 -0.2)
(6 74 -0.2)
(7 74 -0.2)
(8 74 -0.2)
(9 74 -0.2)
(10 74 -0.2)
(11 74 -0.2)
(12 74 -0.2)
(13 74 -0.2)
(14 74 -0.2)
(15 74 -0.2)
(16 74 -0.2)
(17 74 -0.2)
(18 74 -0.2)
(19 74 -0.2)
(20 74 -0.2)
(21 74 -0.2)
(22 74 -0.2)
(23 74 -0.2)
(24 74 -0.2)
(25 74 -0.2)
(26 74 -0.2)
(27 74 -0.2)
(28 74 -0.2)
(29 74 -0.2)
(30 74 -0.2)
(31 74 -0.2)
(32 74 -0.2)
(33 74 -0.2)
(34 74 -0.2)
(35 74 -0.2)
(36 74 -0.2)
(37 74 -0.2)
(38 74 -0.2)
(39 74 -0.2)
(40 74 -0.2)
(41 74 -0.2)
(42 74 -0.2)
(43 74 -0.2)
(44 74 -0.2)
(45 74 -0.2)
(46 74 -0.2)
(47 74 -0.2)
(48 74 -0.2)
(49 74 -0.2)
(50 74 -0.2)
(51 74 -0.2)
(52 74 -0.2)
(53 74 -0.2)
(54 74 -0.2)
(55 74 -0.2)
(56 74 -0.2)
(57 74 -0.2)
(58 74 -0.2)
(59 74 -0.2)
(60 74 -0.2)
(61 74 -0.2)
(62 74 -0.2)
(63 74 -0.2)
(64 74 -0.2)
(65 74 -0.2)
(66 74 -0.2)
(67 74 -0.2)
(68 74 -0.2)
(69 74 -0.2)
(70 74 -0.2)
(71 74 -0.2)
(72 74 -0.2)
(73 74 -0.2)
(74 74 -0.2)
(75 74 -0.2)
(76 74 -0.2)
(77 74 -0.2)
(78 74 -0.2)
(79 74 -0.2)
(80 74 -0.2)
(81 74 -0.2)
(82 74 -0.2)
(83 74 -0.2)
(84 74 -0.2)
(85 74 -0.2)
(86 74 -0.2)
(87 74 -0.2)
(88 74 -0.2)
(89 74 -0.2)
(90 74 -0.2)
(0 75 -0.2)
(1 75 -0.2)
(2 75 -0.2)
(3 75 -0.2)
(4 75 -0.2)
(5 75 -0.2)
(6 75 -0.2)
(7 75 -0.2)
(8 75 -0.2)
(9 75 -0.2)
(10 75 -0.2)
(11 75 -0.2)
(12 75 -0.2)
(13 75 -0.2)
(14 75 -0.2)
(15 75 -0.2)
(16 75 -0.2)
(17 75 -0.2)
(18 75 -0.2)
(19 75 -0.2)
(20 75 -0.2)
(21 75 -0.2)
(22 75 -0.2)
(23 75 -0.2)
(24 75 -0.2)
(25 75 -0.2)
(26 75 -0.2)
(27 75 -0.2)
(28 75 -0.2)
(29 75 -0.2)
(30 75 -0.2)
(31 75 -0.2)
(32 75 -0.2)
(33 75 -0.2)
(34 75 -0.2)
(35 75 -0.2)
(36 75 -0.2)
(37 75 -0.2)
(38 75 -0.2)
(39 75 -0.2)
(40 75 -0.2)
(41 75 -0.2)
(42 75 -0.2)
(43 75 -0.2)
(44 75 -0.2)
(45 75 -0.2)
(46 75 -0.2)
(47 75 -0.2)
(48 75 -0.2)
(49 75 -0.2)
(50 75 -0.2)
(51 75 -0.2)
(52 75 -0.2)
(53 75 -0.2)
(54 75 -0.2)
(55 75 -0.2)
(56 75 -0.2)
(57 75 -0.2)
(58 75 -0.2)
(59 75 -0.2)
(60 75 -0.2)
(61 75 -0.2)
(62 75 -0.2)
(63 75 -0.2)
(64 75 -0.2)
(65 75 -0.2)
(66 75 -0.2)
(67 75 -0.2)
(68 75 -0.2)
(69 75 -0.2)
(70 75 -0.2)
(71 75 -0.2)
(72 75 -0.2)
(73 75 -0.2)
(74 75 -0.2)
(75 75 -0.2)
(76 75 -0.2)
(77 75 -0.2)
(78 75 -0.2)
(79 75 -0.2)
(80 75 -0.2)
(81 75 -0.2)
(82 75 -0.2)
(83 75 -0.2)
(84 75 -0.2)
(85 75 -0.2)
(86 75 -0.2)
(87 75 -0.2)
(88 75 -0.2)
(89 75 -0.2)
(90 75 -0.2)
(0 76 -0.2)
(1 76 -0.2)
(2 76 -0.2)
(3 76 -0.2)
(4 76 -0.2)
(5 76 -0.2)
(6 76 -0.2)
(7 76 -0.2)
(8 76 -0.2)
(9 76 -0.2)
(10 76 -0.2)
(11 76 -0.2)
(12 76 -0.2)
(13 76 -0.2)
(14 76 -0.2)
(15 76 -0.2)
(16 76 -0.2)
(17 76 -0.2)
(18 76 -0.2)
(19 76 -0.2)
(20 76 -0.2)
(21 76 -0.2)
(22 76 -0.2)
(23 76 -0.2)
(24 76 -0.2)
(25 76 -0.2)
(26 76 -0.2)
(27 76 -0.2)
(28 76 -0.2)
(29 76 -0.2)
(30 76 -0.2)
(31 76 -0.2)
(32 76 -0.2)
(33 76 -0.2)
(34 76 -0.2)
(35 76 -0.2)
(36 76 -0.2)
(37 76 -0.2)
(38 76 -0.2)
(39 76 -0.2)
(40 76 -0.2)
(41 76 -0.2)
(42 76 -0.2)
(43 76 -0.2)
(44 76 -0.2)
(45 76 -0.2)
(46 76 -0.2)
(47 76 -0.2)
(48 76 -0.2)
(49 76 -0.2)
(50 76 -0.2)
(51 76 -0.2)
(52 76 -0.2)
(53 76 -0.2)
(54 76 -0.2)
(55 76 -0.2)
(56 76 -0.2)
(57 76 -0.2)
(58 76 -0.2)
(59 76 -0.2)
(60 76 -0.2)
(61 76 -0.2)
(62 76 -0.2)
(63 76 -0.2)
(64 76 -0.2)
(65 76 -0.2)
(66 76 -0.2)
(67 76 -0.2)
(68 76 -0.2)
(69 76 -0.2)
(70 76 -0.2)
(71 76 -0.2)
(72 76 -0.2)
(73 76 -0.2)
(74 76 -0.2)
(75 76 -0.2)
(76 76 -0.2)
(77 76 -0.2)
(78 76 -0.2)
(79 76 -0.2)
(80 76 -0.2)
(81 76 -0.2)
(82 76 -0.2)
(83 76 -0.2)
(84 76 -0.2)
(85 76 -0.2)
(86 76 -0.2)
(87 76 -0.2)
(88 76 -0.2)
(89 76 -0.2)
(90 76 -0.2)
(0 77 -0.2)
(1 77 -0.2)
(2 77 -0.2)
(3 77 -0.2)
(4 77 -0.2)
(5 77 -0.2)
(6 77 -0.2)
(7 77 -0.2)
(8 77 -0.2)
(9 77 -0.2)
(10 77 -0.2)
(11 77 -0.2)
(12 77 -0.2)
(13 77 -0.2)
(14 77 -0.2)
(15 77 -0.2)
(16 77 -0.2)
(17 77 -0.2)
(18 77 -0.2)
(19 77 -0.2)
(20 77 -0.2)
(21 77 -0.2)
(22 77 -0.2)
(23 77 -0.2)
(24 77 -0.2)
(25 77 -0.2)
(26 77 -0.2)
(27 77 -0.2)
(28 77 -0.2)
(29 77 -0.2)
(30 77 -0.2)
(31 77 -0.2)
(32 77 -0.2)
(33 77 -0.2)
(34 77 -0.2)
(35 77 -0.2)
(36 77 -0.2)
(37 77 -0.2)
(38 77 -0.2)
(39 77 -0.2)
(40 77 -0.2)
(41 77 -0.2)
(42 77 -0.2)
(43 77 -0.2)
(44 77 -0.2)
(45 77 -0.2)
(46 77 -0.2)
(47 77 -0.2)
(48 77 -0.2)
(49 77 -0.2)
(50 77 -0.2)
(51 77 -0.2)
(52 77 -0.2)
(53 77 -0.2)
(54 77 -0.2)
(55 77 -0.2)
(56 77 -0.2)
(57 77 -0.2)
(58 77 -0.2)
(59 77 -0.2)
(60 77 -0.2)
(61 77 -0.2)
(62 77 -0.2)
(63 77 -0.2)
(64 77 -0.2)
(65 77 -0.2)
(66 77 -0.2)
(67 77 -0.2)
(68 77 -0.2)
(69 77 -0.2)
(70 77 -0.2)
(71 77 -0.2)
(72 77 -0.2)
(73 77 -0.2)
(74 77 -0.2)
(75 77 -0.2)
(76 77 -0.2)
(77 77 -0.2)
(78 77 -0.2)
(79 77 -0.2)
(80 77 -0.2)
(81 77 -0.2)
(82 77 -0.2)
(83 77 -0.2)
(84 77 -0.2)
(85 77 -0.2)
(86 77 -0.2)
(87 77 -0.2)
(88 77 -0.2)
(89 77 -0.2)
(90 77 -0.2)
(0 78 -0.2)
(1 78 -0.2)
(2 78 -0.2)
(3 78 -0.2)
(4 78 -0.2)
(5 78 -0.2)
(6 78 -0.2)
(7 78 -0.2)
(8 78 -0.2)
(9 78 -0.2)
(10 78 -0.2)
(11 78 -0.2)
(12 78 -0.2)
(13 78 -0.2)
(14 78 -0.2)
(15 78 -0.2)
(16 78 -0.2)
(17 78 -0.2)
(18 78 -0.2)
(19 78 -0.2)
(20 78 -0.2)
(21 78 -0.2)
(22 78 -0.2)
(23 78 -0.2)
(24 78 -0.2)
(25 78 -0.2)
(26 78 -0.2)
(27 78 -0.2)
(28 78 -0.2)
(29 78 -0.2)
(30 78 -0.2)
(31 78 -0.2)
(32 78 -0.2)
(33 78 -0.2)
(34 78 -0.2)
(35 78 -0.2)
(36 78 -0.2)
(37 78 -0.2)
(38 78 -0.2)
(39 78 -0.2)
(40 78 -0.2)
(41 78 -0.2)
(42 78 -0.2)
(43 78 -0.2)
(44 78 -0.2)
(45 78 -0.2)
(46 78 -0.2)
(47 78 -0.2)
(48 78 -0.2)
(49 78 -0.2)
(50 78 -0.2)
(51 78 -0.2)
(52 78 -0.2)
(53 78 -0.2)
(54 78 -0.2)
(55 78 -0.2)
(56 78 -0.2)
(57 78 -0.2)
(58 78 -0.2)
(59 78 -0.2)
(60 78 -0.2)
(61 78 -0.2)
(62 78 -0.2)
(63 78 -0.2)
(64 78 -0.2)
(65 78 -0.2)
(66 78 -0.2)
(67 78 -0.2)
(68 78 -0.2)
(69 78 -0.2)
(70 78 -0.2)
(71 78 -0.2)
(72 78 -0.2)
(73 78 -0.2)
(74 78 -0.2)
(75 78 -0.2)
(76 78 -0.2)
(77 78 -0.2)
(78 78 -0.2)
(79 78 -0.2)
(80 78 -0.2)
(81 78 -0.2)
(82 78 -0.2)
(83 78 -0.2)
(84 78 -0.2)
(85 78 -0.2)
(86 78 -0.2)
(87 78 -0.2)
(88 78 -0.2)
(89 78 -0.2)
(90 78 -0.2)
(0 79 -0.2)
(1 79 -0.2)
(2 79 -0.2)
(3 79 -0.2)
(4 79 -0.2)
(5 79 -0.2)
(6 79 -0.2)
(7 79 -0.2)
(8 79 -0.2)
(9 79 -0.2)
(10 79 -0.2)
(11 79 -0.2)
(12 79 -0.2)
(13 79 -0.2)
(14 79 -0.2)
(15 79 -0.2)
(16 79 -0.2)
(17 79 -0.2)
(18 79 -0.2)
(19 79 -0.2)
(20 79 -0.2)
(21 79 -0.2)
(22 79 -0.2)
(23 79 -0.2)
(24 79 -0.2)
(25 79 -0.2)
(26 79 -0.2)
(27 79 -0.2)
(28 79 -0.2)
(29 79 -0.2)
(30 79 -0.2)
(31 79 -0.2)
(32 79 -0.2)
(33 79 -0.2)
(34 79 -0.2)
(35 79 -0.2)
(36 79 -0.2)
(37 79 -0.2)
(38 79 -0.2)
(39 79 -0.2)
(40 79 -0.2)
(41 79 -0.2)
(42 79 -0.2)
(43 79 -0.2)
(44 79 -0.2)
(45 79 -0.2)
(46 79 -0.2)
(47 79 -0.2)
(48 79 -0.2)
(49 79 -0.2)
(50 79 -0.2)
(51 79 -0.2)
(52 79 -0.2)
(53 79 -0.2)
(54 79 -0.2)
(55 79 -0.2)
(56 79 -0.2)
(57 79 -0.2)
(58 79 -0.2)
(59 79 -0.2)
(60 79 -0.2)
(61 79 -0.2)
(62 79 -0.2)
(63 79 -0.2)
(64 79 -0.2)
(65 79 -0.2)
(66 79 -0.2)
(67 79 -0.2)
(68 79 -0.2)
(69 79 -0.2)
(70 79 -0.2)
(71 79 -0.2)
(72 79 -0.2)
(73 79 -0.2)
(74 79 -0.2)
(75 79 -0.2)
(76 79 -0.2)
(77 79 -0.2)
(78 79 -0.2)
(79 79 -0.2)
(80 79 -0.2)
(81 79 -0.2)
(82 79 -0.2)
(83 79 -0.2)
(84 79 -0.2)
(85 79 -0.2)
(86 79 -0.2)
(87 79 -0.2)
(88 79 -0.2)
(89 79 -0.2)
(90 79 -0.2)
(0 80 -0.2)
(1 80 -0.2)
(2 80 -0.2)
(3 80 -0.2)
(4 80 -0.2)
(5 80 -0.2)
(6 80 -0.2)
(7 80 -0.2)
(8 80 -0.2)
(9 80 -0.2)
(10 80 -0.2)
(11 80 -0.2)
(12 80 -0.2)
(13 80 -0.2)
(14 80 -0.2)
(15 80 -0.2)
(16 80 -0.2)
(17 80 -0.2)
(18 80 -0.2)
(19 80 -0.2)
(20 80 -0.2)
(21 80 -0.2)
(22 80 -0.2)
(23 80 -0.2)
(24 80 -0.2)
(25 80 -0.2)
(26 80 -0.2)
(27 80 -0.2)
(28 80 -0.2)
(29 80 -0.2)
(30 80 -0.2)
(31 80 -0.2)
(32 80 -0.2)
(33 80 -0.2)
(34 80 -0.2)
(35 80 -0.2)
(36 80 -0.2)
(37 80 -0.2)
(38 80 -0.2)
(39 80 -0.2)
(40 80 -0.2)
(41 80 -0.2)
(42 80 -0.2)
(43 80 -0.2)
(44 80 -0.2)
(45 80 -0.2)
(46 80 -0.2)
(47 80 -0.2)
(48 80 -0.2)
(49 80 -0.2)
(50 80 -0.2)
(51 80 -0.2)
(52 80 -0.2)
(53 80 -0.2)
(54 80 -0.2)
(55 80 -0.2)
(56 80 -0.2)
(57 80 -0.2)
(58 80 -0.2)
(59 80 -0.2)
(60 80 -0.2)
(61 80 -0.2)
(62 80 -0.2)
(63 80 -0.2)
(64 80 -0.2)
(65 80 -0.2)
(66 80 -0.2)
(67 80 -0.2)
(68 80 -0.2)
(69 80 -0.2)
(70 80 -0.2)
(71 80 -0.2)
(72 80 -0.2)
(73 80 -0.2)
(74 80 -0.2)
(75 80 -0.2)
(76 80 -0.2)
(77 80 -0.2)
(78 80 -0.2)
(79 80 -0.2)
(80 80 -0.2)
(81 80 -0.2)
(82 80 -0.2)
(83 80 -0.2)
(84 80 -0.2)
(85 80 -0.2)
(86 80 -0.2)
(87 80 -0.2)
(88 80 -0.2)
(89 80 -0.2)
(90 80 -0.2)
(0 69 -0.1)
(1 69 -0.1)
(2 69 -0.1)
(3 69 -0.1)
(4 69 -0.1)
(5 69 -0.1)
(6 69 -0.1)
(7 69 -0.1)
(8 69 -0.1)
(9 69 -0.1)
(10 69 -0.1)
(11 69 -0.1)
(12 69 -0.1)
(13 69 -0.1)
(14 69 -0.1)
(15 69 -0.1)
(16 69 -0.1)
(17 69 -0.1)
(18 69 -0.1)
(19 69 -0.1)
(20 69 -0.1)
(21 69 -0.1)
(22 69 -0.1)
(23 69 -0.1)
(24 69 -0.1)
(25 69 -0.1)
(26 69 -0.1)
(27 69 -0.1)
(28 69 -0.1)
(29 69 -0.1)
(30 69 -0.1)
(31 69 -0.1)
(32 69 -0.1)
(33 69 -0.1)
(34 69 -0.1)
(35 69 -0.1)
(36 69 -0.1)
(37 69 -0.1)
(38 69 -0.1)
(39 69 -0.1)
(40 69 -0.1)
(41 69 -0.1)
(42 69 -0.1)
(43 69 -0.1)
(44 69 -0.1)
(45 69 -0.1)
(46 69 -0.1)
(47 69 -0.1)
(48 69 -0.1)
(49 69 -0.1)
(50 69 -0.1)
(51 69 -0.1)
(52 69 -0.1)
(53 69 -0.1)
(54 69 -0.1)
(55 69 -0.1)
(56 69 -0.1)
(57 69 -0.1)
(58 69 -0.1)
(59 69 -0.1)
(60 69 -0.1)
(61 69 -0.1)
(62 69 -0.1)
(63 69 -0.1)
(64 69 -0.1)
(65 69 -0.1)
(66 69 -0.1)
(67 69 -0.1)
(68 69 -0.1)
(69 69 -0.1)
(70 69 -0.1)
(71 69 -0.1)
(72 69 -0.1)
(73 69 -0.1)
(74 69 -0.1)
(75 69 -0.1)
(76 69 -0.1)
(77 69 -0.1)
(78 69 -0.1)
(79 69 -0.1)
(80 69 -0.1)
(81 69 -0.1)
(82 69 -0.1)
(83 69 -0.1)
(84 69 -0.1)
(85 69 -0.1)
(86 69 -0.1)
(87 69 -0.1)
(88 69 -0.1)
(89 69 -0.1)
(90 69 -0.1)
(0 70 -0.1)
(1 70 -0.1)
(2 70 -0.1)
(3 70 -0.1)
(4 70 -0.1)
(5 70 -0.1)
(6 70 -0.1)
(7 70 -0.1)
(8 70 -0.1)
(9 70 -0.1)
(10 70 -0.1)
(11 70 -0.1)
(12 70 -0.1)
(13 70 -0.1)
(14 70 -0.1)
(15 70 -0.1)
(16 70 -0.1)
(17 70 -0.1)
(18 70 -0.1)
(19 70 -0.1)
(20 70 -0.1)
(21 70 -0.1)
(22 70 -0.1)
(23 70 -0.1)
(24 70 -0.1)
(25 70 -0.1)
(26 70 -0.1)
(27 70 -0.1)
(28 70 -0.1)
(29 70 -0.1)
(30 70 -0.1)
(31 70 -0.1)
(32 70 -0.1)
(33 70 -0.1)
(34 70 -0.1)
(35 70 -0.1)
(36 70 -0.1)
(37 70 -0.1)
(38 70 -0.1)
(39 70 -0.1)
(40 70 -0.1)
(41 70 -0.1)
(42 70 -0.1)
(43 70 -0.1)
(44 70 -0.1)
(45 70 -0.1)
(46 70 -0.1)
(47 70 -0.1)
(48 70 -0.1)
(49 70 -0.1)
(50 70 -0.1)
(51 70 -0.1)
(52 70 -0.1)
(53 70 -0.1)
(54 70 -0.1)
(55 70 -0.1)
(56 70 -0.1)
(57 70 -0.1)
(58 70 -0.1)
(59 70 -0.1)
(60 70 -0.1)
(61 70 -0.1)
(62 70 -0.1)
(63 70 -0.1)
(64 70 -0.1)
(65 70 -0.1)
(66 70 -0.1)
(67 70 -0.1)
(68 70 -0.1)
(69 70 -0.1)
(70 70 -0.1)
(71 70 -0.1)
(72 70 -0.1)
(73 70 -0.1)
(74 70 -0.1)
(75 70 -0.1)
(76 70 -0.1)
(77 70 -0.1)
(78 70 -0.1)
(79 70 -0.1)
(80 70 -0.1)
(81 70 -0.1)
(82 70 -0.1)
(83 70 -0.1)
(84 70 -0.1)
(85 70 -0.1)
(86 70 -0.1)
(87 70 -0.1)
(88 70 -0.1)
(89 70 -0.1)
(90 70 -0.1)
(0 71 -0.1)
(1 71 -0.1)
(2 71 -0.1)
(3 71 -0.1)
(4 71 -0.1)
(5 71 -0.1)
(6 71 -0.1)
(7 71 -0.1)
(8 71 -0.1)
(9 71 -0.1)
(10 71 -0.1)
(11 71 -0.1)
(12 71 -0.1)
(13 71 -0.1)
(14 71 -0.1)
(15 71 -0.1)
(16 71 -0.1)
(17 71 -0.1)
(18 71 -0.1)
(19 71 -0.1)
(20 71 -0.1)
(21 71 -0.1)
(22 71 -0.1)
(23 71 -0.1)
(24 71 -0.1)
(25 71 -0.1)
(26 71 -0.1)
(27 71 -0.1)
(28 71 -0.1)
(29 71 -0.1)
(30 71 -0.1)
(31 71 -0.1)
(32 71 -0.1)
(33 71 -0.1)
(34 71 -0.1)
(35 71 -0.1)
(36 71 -0.1)
(37 71 -0.1)
(38 71 -0.1)
(39 71 -0.1)
(40 71 -0.1)
(41 71 -0.1)
(42 71 -0.1)
(43 71 -0.1)
(44 71 -0.1)
(45 71 -0.1)
(46 71 -0.1)
(47 71 -0.1)
(48 71 -0.1)
(49 71 -0.1)
(50 71 -0.1)
(51 71 -0.1)
(52 71 -0.1)
(53 71 -0.1)
(54 71 -0.1)
(55 71 -0.1)
(56 71 -0.1)
(57 71 -0.1)
(58 71 -0.1)
(59 71 -0.1)
(60 71 -0.1)
(61 71 -0.1)
(62 71 -0.1)
(63 71 -0.1)
(64 71 -0.1)
(65 71 -0.1)
(66 71 -0.1)
(67 71 -0.1)
(68 71 -0.1)
(69 71 -0.1)
(70 71 -0.1)
(71 71 -0.1)
(72 71 -0.1)
(73 71 -0.1)
(74 71 -0.1)
(75 71 -0.1)
(76 71 -0.1)
(77 71 -0.1)
(78 71 -0.1)
(79 71 -0.1)
(80 71 -0.1)
(81 71 -0.1)
(82 71 -0.1)
(83 71 -0.1)
(84 71 -0.1)
(85 71 -0.1)
(86 71 -0.1)
(87 71 -0.1)
(88 71 -0.1)
(89 71 -0.1)
(90 71 -0.1)
(0 72 -0.1)
(1 72 -0.1)
(2 72 -0.1)
(3 72 -0.1)
(4 72 -0.1)
(5 72 -0.1)
(6 72 -0.1)
(7 72 -0.1)
(8 72 -0.1)
(9 72 -0.1)
(10 72 -0.1)
(11 72 -0.1)
(12 72 -0.1)
(13 72 -0.1)
(14 72 -0.1)
(15 72 -0.1)
(16 72 -0.1)
(17 72 -0.1)
(18 72 -0.1)
(19 72 -0.1)
(20 72 -0.1)
(21 72 -0.1)
(22 72 -0.1)
(23 72 -0.1)
(24 72 -0.1)
(25 72 -0.1)
(26 72 -0.1)
(27 72 -0.1)
(28 72 -0.1)
(29 72 -0.1)
(30 72 -0.1)
(31 72 -0.1)
(32 72 -0.1)
(33 72 -0.1)
(34 72 -0.1)
(35 72 -0.1)
(36 72 -0.1)
(37 72 -0.1)
(38 72 -0.1)
(39 72 -0.1)
(40 72 -0.1)
(41 72 -0.1)
(42 72 -0.1)
(43 72 -0.1)
(44 72 -0.1)
(45 72 -0.1)
(46 72 -0.1)
(47 72 -0.1)
(48 72 -0.1)
(49 72 -0.1)
(50 72 -0.1)
(51 72 -0.1)
(52 72 -0.1)
(53 72 -0.1)
(54 72 -0.1)
(55 72 -0.1)
(56 72 -0.1)
(57 72 -0.1)
(58 72 -0.1)
(59 72 -0.1)
(60 72 -0.1)
(61 72 -0.1)
(62 72 -0.1)
(63 72 -0.1)
(64 72 -0.1)
(65 72 -0.1)
(66 72 -0.1)
(67 72 -0.1)
(68 72 -0.1)
(69 72 -0.1)
(70 72 -0.1)
(71 72 -0.1)
(72 72 -0.1)
(73 72 -0.1)
(74 72 -0.1)
(75 72 -0.1)
(76 72 -0.1)
(77 72 -0.1)
(78 72 -0.1)
(79 72 -0.1)
(80 72 -0.1)
(81 72 -0.1)
(82 72 -0.1)
(83 72 -0.1)
(84 72 -0.1)
(85 72 -0.1)
(86 72 -0.1)
(87 72 -0.1)
(88 72 -0.1)
(89 72 -0.1)
(90 72 -0.1)
(0 73 -0.1)
(1 73 -0.1)
(2 73 -0.1)
(3 73 -0.1)
(4 73 -0.1)
(5 73 -0.1)
(6 73 -0.1)
(7 73 -0.1)
(8 73 -0.1)
(9 73 -0.1)
(10 73 -0.1)
(11 73 -0.1)
(12 73 -0.1)
(13 73 -0.1)
(14 73 -0.1)
(15 73 -0.1)
(16 73 -0.1)
(17 73 -0.1)
(18 73 -0.1)
(19 73 -0.1)
(20 73 -0.1)
(21 73 -0.1)
(22 73 -0.1)
(23 73 -0.1)
(24 73 -0.1)
(25 73 -0.1)
(26 73 -0.1)
(27 73 -0.1)
(28 73 -0.1)
(29 73 -0.1)
(30 73 -0.1)
(31 73 -0.1)
(32 73 -0.1)
(33 73 -0.1)
(34 73 -0.1)
(35 73 -0.1)
(36 73 -0.1)
(37 73 -0.1)
(38 73 -0.1)
(39 73 -0.1)
(40 73 -0.1)
(41 73 -0.1)
(42 73 -0.1)
(43 73 -0.1)
(44 73 -0.1)
(45 73 -0.1)
(46 73 -0.1)
(47 73 -0.1)
(48 73 -0.1)
(49 73 -0.1)
(50 73 -0.1)
(51 73 -0.1)
(52 73 -0.1)
(53 73 -0.1)
(54 73 -0.1)
(55 73 -0.1)
(56 73 -0.1)
(57 73 -0.1)
(58 73 -0.1)
(59 73 -0.1)
(60 73 -0.1)
(61 73 -0.1)
(62 73 -0.1)
(63 73 -0.1)
(64 73 -0.1)
(65 73 -0.1)
(66 73 -0.1)
(67 73 -0.1)
(68 73 -0.1)
(69 73 -0.1)
(70 73 -0.1)
(71 73 -0.1)
(72 73 -0.1)
(73 73 -0.1)
(74 73 -0.1)
(75 73 -0.1)
(76 73 -0.1)
(77 73 -0.1)
(78 73 -0.1)
(79 73 -0.1)
(80 73 -0.1)
(81 73 -0.1)
(82 73 -0.1)
(83 73 -0.1)
(84 73 -0.1)
(85 73 -0.1)
(86 73 -0.1)
(87 73 -0.1)
(88 73 -0.1)
(89 73 -0.1)
(90 73 -0.1)
(0 74 -0.1)
(1 74 -0.1)
(2 74 -0.1)
(3 74 -0.1)
(4 74 -0.1)
(5 74 -0.1)
(6 74 -0.1)
(7 74 -0.1)
(8 74 -0.1)
(9 74 -0.1)
(10 74 -0.1)
(11 74 -0.1)
(12 74 -0.1)
(13 74 -0.1)
(14 74 -0.1)
(15 74 -0.1)
(16 74 -0.1)
(17 74 -0.1)
(18 74 -0.1)
(19 74 -0.1)
(20 74 -0.1)
(21 74 -0.1)
(22 74 -0.1)
(23 74 -0.1)
(24 74 -0.1)
(25 74 -0.1)
(26 74 -0.1)
(27 74 -0.1)
(28 74 -0.1)
(29 74 -0.1)
(30 74 -0.1)
(31 74 -0.1)
(32 74 -0.1)
(33 74 -0.1)
(34 74 -0.1)
(35 74 -0.1)
(36 74 -0.1)
(37 74 -0.1)
(38 74 -0.1)
(39 74 -0.1)
(40 74 -0.1)
(41 74 -0.1)
(42 74 -0.1)
(43 74 -0.1)
(44 74 -0.1)
(45 74 -0.1)
(46 74 -0.1)
(47 74 -0.1)
(48 74 -0.1)
(49 74 -0.1)
(50 74 -0.1)
(51 74 -0.1)
(52 74 -0.1)
(53 74 -0.1)
(54 74 -0.1)
(55 74 -0.1)
(56 74 -0.1)
(57 74 -0.1)
(58 74 -0.1)
(59 74 -0.1)
(60 74 -0.1)
(61 74 -0.1)
(62 74 -0.1)
(63 74 -0.1)
(64 74 -0.1)
(65 74 -0.1)
(66 74 -0.1)
(67 74 -0.1)
(68 74 -0.1)
(69 74 -0.1)
(70 74 -0.1)
(71 74 -0.1)
(72 74 -0.1)
(73 74 -0.1)
(74 74 -0.1)
(75 74 -0.1)
(76 74 -0.1)
(77 74 -0.1)
(78 74 -0.1)
(79 74 -0.1)
(80 74 -0.1)
(81 74 -0.1)
(82 74 -0.1)
(83 74 -0.1)
(84 74 -0.1)
(85 74 -0.1)
(86 74 -0.1)
(87 74 -0.1)
(88 74 -0.1)
(89 74 -0.1)
(90 74 -0.1)
(0 75 -0.1)
(1 75 -0.1)
(2 75 -0.1)
(3 75 -0.1)
(4 75 -0.1)
(5 75 -0.1)
(6 75 -0.1)
(7 75 -0.1)
(8 75 -0.1)
(9 75 -0.1)
(10 75 -0.1)
(11 75 -0.1)
(12 75 -0.1)
(13 75 -0.1)
(14 75 -0.1)
(15 75 -0.1)
(16 75 -0.1)
(17 75 -0.1)
(18 75 -0.1)
(19 75 -0.1)
(20 75 -0.1)
(21 75 -0.1)
(22 75 -0.1)
(23 75 -0.1)
(24 75 -0.1)
(25 75 -0.1)
(26 75 -0.1)
(27 75 -0.1)
(28 75 -0.1)
(29 75 -0.1)
(30 75 -0.1)
(31 75 -0.1)
(32 75 -0.1)
(33 75 -0.1)
(34 75 -0.1)
(35 75 -0.1)
(36 75 -0.1)
(37 75 -0.1)
(38 75 -0.1)
(39 75 -0.1)
(40 75 -0.1)
(41 75 -0.1)
(42 75 -0.1)
(43 75 -0.1)
(44 75 -0.1)
(45 75 -0.1)
(46 75 -0.1)
(47 75 -0.1)
(48 75 -0.1)
(49 75 -0.1)
(50 75 -0.1)
(51 75 -0.1)
(52 75 -0.1)
(53 75 -0.1)
(54 75 -0.1)
(55 75 -0.1)
(56 75 -0.1)
(57 75 -0.1)
(58 75 -0.1)
(59 75 -0.1)
(60 75 -0.1)
(61 75 -0.1)
(62 75 -0.1)
(63 75 -0.1)
(64 75 -0.1)
(65 75 -0.1)
(66 75 -0.1)
(67 75 -0.1)
(68 75 -0.1)
(69 75 -0.1)
(70 75 -0.1)
(71 75 -0.1)
(72 75 -0.1)
(73 75 -0.1)
(74 75 -0.1)
(75 75 -0.1)
(76 75 -0.1)
(77 75 -0.1)
(78 75 -0.1)
(79 75 -0.1)
(80 75 -0.1)
(81 75 -0.1)
(82 75 -0.1)
(83 75 -0.1)
(84 75 -0.1)
(85 75 -0.1)
(86 75 -0.1)
(87 75 -0.1)
(88 75 -0.1)
(89 75 -0.1)
(90 75 -0.1)
(0 76 -0.1)
(1 76 -0.1)
(2 76 -0.1)
(3 76 -0.1)
(4 76 -0.1)
(5 76 -0.1)
(6 76 -0.1)
(7 76 -0.1)
(8 76 -0.1)
(9 76 -0.1)
(10 76 -0.1)
(11 76 -0.1)
(12 76 -0.1)
(13 76 -0.1)
(14 76 -0.1)
(15 76 -0.1)
(16 76 -0.1)
(17 76 -0.1)
(18 76 -0.1)
(19 76 -0.1)
(20 76 -0.1)
(21 76 -0.1)
(22 76 -0.1)
(23 76 -0.1)
(24 76 -0.1)
(25 76 -0.1)
(26 76 -0.1)
(27 76 -0.1)
(28 76 -0.1)
(29 76 -0.1)
(30 76 -0.1)
(31 76 -0.1)
(32 76 -0.1)
(33 76 -0.1)
(34 76 -0.1)
(35 76 -0.1)
(36 76 -0.1)
(37 76 -0.1)
(38 76 -0.1)
(39 76 -0.1)
(40 76 -0.1)
(41 76 -0.1)
(42 76 -0.1)
(43 76 -0.1)
(44 76 -0.1)
(45 76 -0.1)
(46 76 -0.1)
(47 76 -0.1)
(48 76 -0.1)
(49 76 -0.1)
(50 76 -0.1)
(51 76 -0.1)
(52 76 -0.1)
(53 76 -0.1)
(54 76 -0.1)
(55 76 -0.1)
(56 76 -0.1)
(57 76 -0.1)
(58 76 -0.1)
(59 76 -0.1)
(60 76 -0.1)
(61 76 -0.1)
(62 76 -0.1)
(63 76 -0.1)
(64 76 -0.1)
(65 76 -0.1)
(66 76 -0.1)
(67 76 -0.1)
(68 76 -0.1)
(69 76 -0.1)
(70 76 -0.1)
(71 76 -0.1)
(72 76 -0.1)
(73 76 -0.1)
(74 76 -0.1)
(75 76 -0.1)
(76 76 -0.1)
(77 76 -0.1)
(78 76 -0.1)
(79 76 -0.1)
(80 76 -0.1)
(81 76 -0.1)
(82 76 -0.1)
(83 76 -0.1)
(84 76 -0.1)
(85 76 -0.1)
(86 76 -0.1)
(87 76 -0.1)
(88 76 -0.1)
(89 76 -0.1)
(90 76 -0.1)
(0 77 -0.1)
(1 77 -0.1)
(2 77 -0.1)
(3 77 -0.1)
(4 77 -0.1)
(5 77 -0.1)
(6 77 -0.1)
(7 77 -0.1)
(8 77 -0.1)
(9 77 -0.1)
(10 77 -0.1)
(11 77 -0.1)
(12 77 -0.1)
(13 77 -0.1)
(14 77 -0.1)
(15 77 -0.1)
(16 77 -0.1)
(17 77 -0.1)
(18 77 -0.1)
(19 77 -0.1)
(20 77 -0.1)
(21 77 -0.1)
(22 77 -0.1)
(23 77 -0.1)
(24 77 -0.1)
(25 77 -0.1)
(26 77 -0.1)
(27 77 -0.1)
(28 77 -0.1)
(29 77 -0.1)
(30 77 -0.1)
(31 77 -0.1)
(32 77 -0.1)
(33 77 -0.1)
(34 77 -0.1)
(35 77 -0.1)
(36 77 -0.1)
(37 77 -0.1)
(38 77 -0.1)
(39 77 -0.1)
(40 77 -0.1)
(41 77 -0.1)
(42 77 -0.1)
(43 77 -0.1)
(44 77 -0.1)
(45 77 -0.1)
(46 77 -0.1)
(47 77 -0.1)
(48 77 -0.1)
(49 77 -0.1)
(50 77 -0.1)
(51 77 -0.1)
(52 77 -0.1)
(53 77 -0.1)
(54 77 -0.1)
(55 77 -0.1)
(56 77 -0.1)
(57 77 -0.1)
(58 77 -0.1)
(59 77 -0.1)
(60 77 -0.1)
(61 77 -0.1)
(62 77 -0.1)
(63 77 -0.1)
(64 77 -0.1)
(65 77 -0.1)
(66 77 -0.1)
(67 77 -0.1)
(68 77 -0.1)
(69 77 -0.1)
(70 77 -0.1)
(71 77 -0.1)
(72 77 -0.1)
(73 77 -0.1)
(74 77 -0.1)
(75 77 -0.1)
(76 77 -0.1)
(77 77 -0.1)
(78 77 -0.1)
(79 77 -0.1)
(80 77 -0.1)
(81 77 -0.1)
(82 77 -0.1)
(83 77 -0.1)
(84 77 -0.1)
(85 77 -0.1)
(86 77 -0.1)
(87 77 -0.1)
(88 77 -0.1)
(89 77 -0.1)
(90 77 -0.1)
(0 78 -0.1)
(1 78 -0.1)
(2 78 -0.1)
(3 78 -0.1)
(4 78 -0.1)
(5 78 -0.1)
(6 78 -0.1)
(7 78 -0.1)
(8 78 -0.1)
(9 78 -0.1)
(10 78 -0.1)
(11 78 -0.1)
(12 78 -0.1)
(13 78 -0.1)
(14 78 -0.1)
(15 78 -0.1)
(16 78 -0.1)
(17 78 -0.1)
(18 78 -0.1)
(19 78 -0.1)
(20 78 -0.1)
(21 78 -0.1)
(22 78 -0.1)
(23 78 -0.1)
(24 78 -0.1)
(25 78 -0.1)
(26 78 -0.1)
(27 78 -0.1)
(28 78 -0.1)
(29 78 -0.1)
(30 78 -0.1)
(31 78 -0.1)
(32 78 -0.1)
(33 78 -0.1)
(34 78 -0.1)
(35 78 -0.1)
(36 78 -0.1)
(37 78 -0.1)
(38 78 -0.1)
(39 78 -0.1)
(40 78 -0.1)
(41 78 -0.1)
(42 78 -0.1)
(43 78 -0.1)
(44 78 -0.1)
(45 78 -0.1)
(46 78 -0.1)
(47 78 -0.1)
(48 78 -0.1)
(49 78 -0.1)
(50 78 -0.1)
(51 78 -0.1)
(52 78 -0.1)
(53 78 -0.1)
(54 78 -0.1)
(55 78 -0.1)
(56 78 -0.1)
(57 78 -0.1)
(58 78 -0.1)
(59 78 -0.1)
(60 78 -0.1)
(61 78 -0.1)
(62 78 -0.1)
(63 78 -0.1)
(64 78 -0.1)
(65 78 -0.1)
(66 78 -0.1)
(67 78 -0.1)
(68 78 -0.1)
(69 78 -0.1)
(70 78 -0.1)
(71 78 -0.1)
(72 78 -0.1)
(73 78 -0.1)
(74 78 -0.1)
(75 78 -0.1)
(76 78 -0.1)
(77 78 -0.1)
(78 78 -0.1)
(79 78 -0.1)
(80 78 -0.1)
(81 78 -0.1)
(82 78 -0.1)
(83 78 -0.1)
(84 78 -0.1)
(85 78 -0.1)
(86 78 -0.1)
(87 78 -0.1)
(88 78 -0.1)
(89 78 -0.1)
(90 78 -0.1)
(0 79 -0.1)
(1 79 -0.1)
(2 79 -0.1)
(3 79 -0.1)
(4 79 -0.1)
(5 79 -0.1)
(6 79 -0.1)
(7 79 -0.1)
(8 79 -0.1)
(9 79 -0.1)
(10 79 -0.1)
(11 79 -0.1)
(12 79 -0.1)
(13 79 -0.1)
(14 79 -0.1)
(15 79 -0.1)
(16 79 -0.1)
(17 79 -0.1)
(18 79 -0.1)
(19 79 -0.1)
(20 79 -0.1)
(21 79 -0.1)
(22 79 -0.1)
(23 79 -0.1)
(24 79 -0.1)
(25 79 -0.1)
(26 79 -0.1)
(27 79 -0.1)
(28 79 -0.1)
(29 79 -0.1)
(30 79 -0.1)
(31 79 -0.1)
(32 79 -0.1)
(33 79 -0.1)
(34 79 -0.1)
(35 79 -0.1)
(36 79 -0.1)
(37 79 -0.1)
(38 79 -0.1)
(39 79 -0.1)
(40 79 -0.1)
(41 79 -0.1)
(42 79 -0.1)
(43 79 -0.1)
(44 79 -0.1)
(45 79 -0.1)
(46 79 -0.1)
(47 79 -0.1)
(48 79 -0.1)
(49 79 -0.1)
(50 79 -0.1)
(51 79 -0.1)
(52 79 -0.1)
(53 79 -0.1)
(54 79 -0.1)
(55 79 -0.1)
(56 79 -0.1)
(57 79 -0.1)
(58 79 -0.1)
(59 79 -0.1)
(60 79 -0.1)
(61 79 -0.1)
(62 79 -0.1)
(63 79 -0.1)
(64 79 -0.1)
(65 79 -0.1)
(66 79 -0.1)
(67 79 -0.1)
(68 79 -0.1)
(69 79 -0.1)
(70 79 -0.1)
(71 79 -0.1)
(72 79 -0.1)
(73 79 -0.1)
(74 79 -0.1)
(75 79 -0.1)
(76 79 -0.1)
(77 79 -0.1)
(78 79 -0.1)
(79 79 -0.1)
(80 79 -0.1)
(81 79 -0.1)
(82 79 -0.1)
(83 79 -0.1)
(84 79 -0.1)
(85 79 -0.1)
(86 79 -0.1)
(87 79 -0.1)
(88 79 -0.1)
(89 79 -0.1)
(90 79 -0.1)
(0 80 -0.1)
(1 80 -0.1)
(2 80 -0.1)
(3 80 -0.1)
(4 80 -0.1)
(5 80 -0.1)
(6 80 -0.1)
(7 80 -0.1)
(8 80 -0.1)
(9 80 -0.1)
(10 80 -0.1)
(11 80 -0.1)
(12 80 -0.1)
(13 80 -0.1)
(14 80 -0.1)
(15 80 -0.1)
(16 80 -0.1)
(17 80 -0.1)
(18 80 -0.1)
(19 80 -0.1)
(20 80 -0.1)
(21 80 -0.1)
(22 80 -0.1)
(23 80 -0.1)
(24 80 -0.1)
(25 80 -0.1)
(26 80 -0.1)
(27 80 -0.1)
(28 80 -0.1)
(29 80 -0.1)
(30 80 -0.1)
(31 80 -0.1)
(32 80 -0.1)
(33 80 -0.1)
(34 80 -0.1)
(35 80 -0.1)
(36 80 -0.1)
(37 80 -0.1)
(38 80 -0.1)
(39 80 -0.1)
(40 80 -0.1)
(41 80 -0.1)
(42 80 -0.1)
(43 80 -0.1)
(44 80 -0.1)
(45 80 -0.1)
(46 80 -0.1)
(47 80 -0.1)
(48 80 -0.1)
(49 80 -0.1)
(50 80 -0.1)
(51 80 -0.1)
(52 80 -0.1)
(53 80 -0.1)
(54 80 -0.1)
(55 80 -0.1)
(56 80 -0.1)
(57 80 -0.1)
(58 80 -0.1)
(59 80 -0.1)
(60 80 -0.1)
(61 80 -0.1)
(62 80 -0.1)
(63 80 -0.1)
(64 80 -0.1)
(65 80 -0.1)
(66 80 -0.1)
(67 80 -0.1)
(68 80 -0.1)
(69 80 -0.1)
(70 80 -0.1)
(71 80 -0.1)
(72 80 -0.1)
(73 80 -0.1)
(74 80 -0.1)
(75 80 -0.1)
(76 80 -0.1)
(77 80 -0.1)
(78 80 -0.1)
(79 80 -0.1)
(80 80 -0.1)
(81 80 -0.1)
(82 80 -0.1)
(83 80 -0.1)
(84 80 -0.1)
(85 80 -0.1)
(86 80 -0.1)
(87 80 -0.1)
(88 80 -0.1)
(89 80 -0.1)
(90 80 -0.1)
(0 69 0)
(1 69 7.40149e-17)
(2 69 -7.40149e-17)
(3 69 7.40149e-17)
(4 69 0)
(5 69 -7.40149e-17)
(6 69 0)
(7 69 -7.40149e-17)
(8 69 -7.40149e-17)
(9 69 0)
(10 69 -7.40149e-17)
(11 69 -7.40149e-17)
(12 69 0)
(13 69 -7.40149e-17)
(14 69 -7.40149e-17)
(15 69 -1.4803e-16)
(16 69 -1.4803e-16)
(17 69 -7.40149e-17)
(18 69 -1.4803e-16)
(19 69 -1.4803e-16)
(20 69 -7.40149e-17)
(21 69 7.40149e-17)
(22 69 0)
(23 69 0)
(24 69 0)
(25 69 0)
(26 69 0)
(27 69 0)
(28 69 -7.40149e-17)
(29 69 7.40149e-17)
(30 69 0)
(31 69 7.40149e-17)
(32 69 -7.40149e-17)
(33 69 0)
(34 69 -7.40149e-17)
(35 69 0)
(36 69 0)
(37 69 -1.4803e-16)
(38 69 -7.40149e-17)
(39 69 0)
(40 69 0)
(41 69 -7.40149e-17)
(42 69 0)
(43 69 -3.70074e-17)
(44 69 -3.70074e-17)
(45 69 0)
(46 69 0)
(47 69 -7.40149e-17)
(48 69 0)
(49 69 -7.40149e-17)
(50 69 3.70074e-17)
(51 69 0)
(52 69 0)
(53 69 -7.40149e-17)
(54 69 0)
(55 69 0)
(56 69 0)
(57 69 0)
(58 69 3.70074e-17)
(59 69 3.70074e-17)
(60 69 -3.70074e-17)
(61 69 3.70074e-17)
(62 69 -3.70074e-17)
(63 69 3.70074e-17)
(64 69 -3.70074e-17)
(65 69 7.40149e-17)
(66 69 3.70074e-17)
(67 69 3.70074e-17)
(68 69 -3.70074e-17)
(69 69 -3.70074e-17)
(70 69 -3.70074e-17)
(71 69 -1.11022e-16)
(72 69 -1.11022e-16)
(73 69 -3.70074e-17)
(74 69 -1.11022e-16)
(75 69 -1.11022e-16)
(76 69 -1.85037e-17)
(77 69 -1.85037e-17)
(78 69 -1.85037e-17)
(79 69 -1.85037e-17)
(80 69 -1.85037e-17)
(81 69 -1.85037e-17)
(82 69 -9.25186e-17)
(83 69 -9.25186e-17)
(84 69 -9.25186e-18)
(85 69 -9.25186e-18)
(86 69 -4.62593e-18)
(87 69 6.93889e-17)
(88 69 -4.62593e-18)
(89 69 0)
(90 69 0)
(0 70 0)
(1 70 -7.40149e-17)
(2 70 7.40149e-17)
(3 70 0)
(4 70 -7.40149e-17)
(5 70 7.40149e-17)
(6 70 0)
(7 70 -7.40149e-17)
(8 70 7.40149e-17)
(9 70 0)
(10 70 1.4803e-16)
(11 70 0)
(12 70 0)
(13 70 1.4803e-16)
(14 70 -7.40149e-17)
(15 70 -1.4803e-16)
(16 70 0)
(17 70 -7.40149e-17)
(18 70 -7.40149e-17)
(19 70 -7.40149e-17)
(20 70 -7.40149e-17)
(21 70 0)
(22 70 7.40149e-17)
(23 70 0)
(24 70 0)
(25 70 7.40149e-17)
(26 70 0)
(27 70 7.40149e-17)
(28 70 7.40149e-17)
(29 70 -7.40149e-17)
(30 70 7.40149e-17)
(31 70 1.4803e-16)
(32 70 -1.4803e-16)
(33 70 0)
(34 70 0)
(35 70 -2.22045e-16)
(36 70 0)
(37 70 0)
(38 70 -7.40149e-17)
(39 70 0)
(40 70 0)
(41 70 0)
(42 70 0)
(43 70 -3.70074e-17)
(44 70 -3.70074e-17)
(45 70 0)
(46 70 0)
(47 70 0)
(48 70 0)
(49 70 0)
(50 70 0)
(51 70 0)
(52 70 0)
(53 70 0)
(54 70 0)
(55 70 -1.4803e-16)
(56 70 0)
(57 70 0)
(58 70 3.70074e-17)
(59 70 1.4803e-16)
(60 70 2.22045e-16)
(61 70 -3.70074e-17)
(62 70 3.70074e-17)
(63 70 3.70074e-17)
(64 70 3.70074e-17)
(65 70 3.70074e-17)
(66 70 3.70074e-17)
(67 70 3.70074e-17)
(68 70 -3.70074e-17)
(69 70 -3.70074e-17)
(70 70 -3.70074e-17)
(71 70 -3.70074e-17)
(72 70 -2.03541e-16)
(73 70 -3.70074e-17)
(74 70 -3.70074e-17)
(75 70 -1.85037e-16)
(76 70 -3.70074e-17)
(77 70 -1.85037e-17)
(78 70 -1.85037e-17)
(79 70 1.29526e-16)
(80 70 1.38778e-16)
(81 70 -1.85037e-17)
(82 70 -1.85037e-17)
(83 70 -9.25186e-18)
(84 70 -9.25186e-18)
(85 70 -9.25186e-18)
(86 70 -4.62593e-18)
(87 70 -4.62593e-18)
(88 70 -4.62593e-18)
(89 70 0)
(90 70 0)
(0 71 0)
(1 71 0)
(2 71 1.4803e-16)
(3 71 0)
(4 71 7.40149e-17)
(5 71 0)
(6 71 1.4803e-16)
(7 71 7.40149e-17)
(8 71 -7.40149e-17)
(9 71 0)
(10 71 7.40149e-17)
(11 71 -7.40149e-17)
(12 71 0)
(13 71 -7.40149e-17)
(14 71 0)
(15 71 0)
(16 71 0)
(17 71 7.40149e-17)
(18 71 1.4803e-16)
(19 71 -7.40149e-17)
(20 71 -7.40149e-17)
(21 71 0)
(22 71 1.4803e-16)
(23 71 0)
(24 71 1.4803e-16)
(25 71 7.40149e-17)
(26 71 0)
(27 71 0)
(28 71 7.40149e-17)
(29 71 7.40149e-17)
(30 71 7.40149e-17)
(31 71 7.40149e-17)
(32 71 0)
(33 71 2.22045e-16)
(34 71 0)
(35 71 0)
(36 71 0)
(37 71 0)
(38 71 2.96059e-16)
(39 71 0)
(40 71 0)
(41 71 -7.40149e-17)
(42 71 0)
(43 71 1.11022e-16)
(44 71 7.40149e-17)
(45 71 0)
(46 71 7.40149e-17)
(47 71 0)
(48 71 0)
(49 71 0)
(50 71 0)
(51 71 0)
(52 71 1.85037e-16)
(53 71 0)
(54 71 0)
(55 71 0)
(56 71 0)
(57 71 7.40149e-17)
(58 71 3.70074e-17)
(59 71 3.70074e-17)
(60 71 1.4803e-16)
(61 71 3.70074e-17)
(62 71 1.11022e-16)
(63 71 3.70074e-17)
(64 71 3.70074e-17)
(65 71 1.11022e-16)
(66 71 3.70074e-17)
(67 71 3.70074e-17)
(68 71 1.4803e-16)
(69 71 -7.40149e-17)
(70 71 3.70074e-17)
(71 71 -3.70074e-17)
(72 71 1.11022e-16)
(73 71 1.11022e-16)
(74 71 -3.70074e-17)
(75 71 5.55112e-17)
(76 71 -1.85037e-17)
(77 71 -1.85037e-17)
(78 71 5.55112e-17)
(79 71 -3.70074e-17)
(80 71 5.55112e-17)
(81 71 -1.85037e-17)
(82 71 -1.85037e-17)
(83 71 -9.25186e-18)
(84 71 1.38778e-16)
(85 71 -9.25186e-18)
(86 71 -4.62593e-18)
(87 71 -4.62593e-18)
(88 71 6.93889e-17)
(89 71 1.4803e-16)
(90 71 0)
(0 72 0)
(1 72 7.40149e-17)
(2 72 0)
(3 72 0)
(4 72 -7.40149e-17)
(5 72 0)
(6 72 -7.40149e-17)
(7 72 0)
(8 72 0)
(9 72 0)
(10 72 0)
(11 72 -1.4803e-16)
(12 72 0)
(13 72 -1.4803e-16)
(14 72 0)
(15 72 -7.40149e-17)
(16 72 7.40149e-17)
(17 72 -7.40149e-17)
(18 72 7.40149e-17)
(19 72 7.40149e-17)
(20 72 -2.22045e-16)
(21 72 -7.40149e-17)
(22 72 -7.40149e-17)
(23 72 0)
(24 72 0)
(25 72 7.40149e-17)
(26 72 0)
(27 72 0)
(28 72 7.40149e-17)
(29 72 -7.40149e-17)
(30 72 0)
(31 72 7.40149e-17)
(32 72 0)
(33 72 7.40149e-17)
(34 72 0)
(35 72 1.4803e-16)
(36 72 -1.4803e-16)
(37 72 0)
(38 72 -7.40149e-17)
(39 72 0)
(40 72 -7.40149e-17)
(41 72 0)
(42 72 0)
(43 72 -1.11022e-16)
(44 72 -3.70074e-17)
(45 72 0)
(46 72 0)
(47 72 -7.40149e-17)
(48 72 0)
(49 72 0)
(50 72 -7.40149e-17)
(51 72 0)
(52 72 -1.4803e-16)
(53 72 0)
(54 72 -1.4803e-16)
(55 72 0)
(56 72 0)
(57 72 -3.70074e-17)
(58 72 3.70074e-17)
(59 72 -3.70074e-17)
(60 72 -3.70074e-17)
(61 72 -3.70074e-17)
(62 72 -3.70074e-17)
(63 72 1.11022e-16)
(64 72 3.70074e-17)
(65 72 3.70074e-17)
(66 72 -1.11022e-16)
(67 72 -3.70074e-17)
(68 72 -1.11022e-16)
(69 72 -1.11022e-16)
(70 72 -1.85037e-16)
(71 72 -3.70074e-17)
(72 72 -3.70074e-17)
(73 72 -3.70074e-17)
(74 72 -3.70074e-17)
(75 72 -1.66533e-16)
(76 72 -1.85037e-17)
(77 72 -1.66533e-16)
(78 72 -1.85037e-17)
(79 72 -1.85037e-16)
(80 72 5.55112e-17)
(81 72 -1.85037e-17)
(82 72 -8.32667e-17)
(83 72 -9.25186e-18)
(84 72 -1.66533e-16)
(85 72 -9.25186e-18)
(86 72 -1.57282e-16)
(87 72 -4.62593e-18)
(88 72 -4.62593e-18)
(89 72 7.51714e-17)
(90 72 0)
(0 73 0)
(1 73 -7.40149e-17)
(2 73 -7.40149e-17)
(3 73 0)
(4 73 7.40149e-17)
(5 73 7.40149e-17)
(6 73 0)
(7 73 0)
(8 73 0)
(9 73 -7.40149e-17)
(10 73 7.40149e-17)
(11 73 0)
(12 73 7.40149e-17)
(13 73 0)
(14 73 -7.40149e-17)
(15 73 -7.40149e-17)
(16 73 -1.4803e-16)
(17 73 -7.40149e-17)
(18 73 0)
(19 73 -7.40149e-17)
(20 73 -7.40149e-17)
(21 73 7.40149e-17)
(22 73 -7.40149e-17)
(23 73 0)
(24 73 0)
(25 73 1.4803e-16)
(26 73 0)
(27 73 -7.40149e-17)
(28 73 7.40149e-17)
(29 73 7.40149e-17)
(30 73 1.4803e-16)
(31 73 7.40149e-17)
(32 73 1.4803e-16)
(33 73 0)
(34 73 0)
(35 73 7.40149e-17)
(36 73 0)
(37 73 -1.4803e-16)
(38 73 -7.40149e-17)
(39 73 7.40149e-17)
(40 73 1.4803e-16)
(41 73 0)
(42 73 0)
(43 73 3.70074e-17)
(44 73 -3.70074e-17)
(45 73 0)
(46 73 7.40149e-17)
(47 73 0)
(48 73 0)
(49 73 0)
(50 73 1.11022e-16)
(51 73 7.40149e-17)
(52 73 0)
(53 73 -7.40149e-17)
(54 73 0)
(55 73 0)
(56 73 7.40149e-17)
(57 73 0)
(58 73 1.11022e-16)
(59 73 1.11022e-16)
(60 73 3.70074e-17)
(61 73 -3.70074e-17)
(62 73 1.11022e-16)
(63 73 3.70074e-17)
(64 73 1.11022e-16)
(65 73 1.4803e-16)
(66 73 1.85037e-16)
(67 73 3.70074e-17)
(68 73 -3.70074e-17)
(69 73 3.70074e-17)
(70 73 -3.70074e-17)
(71 73 -3.70074e-17)
(72 73 1.11022e-16)
(73 73 -3.70074e-17)
(74 73 -3.70074e-17)
(75 73 -9.25186e-17)
(76 73 -3.70074e-17)
(77 73 -1.85037e-17)
(78 73 -1.85037e-17)
(79 73 5.55112e-17)
(80 73 1.29526e-16)
(81 73 -1.75785e-16)
(82 73 -1.85037e-17)
(83 73 -9.25186e-18)
(84 73 -9.25186e-18)
(85 73 -9.25186e-18)
(86 73 0)
(87 73 -4.62593e-18)
(88 73 -4.62593e-18)
(89 73 -1.4803e-16)
(90 73 0)
(0 74 0)
(1 74 7.40149e-17)
(2 74 -7.40149e-17)
(3 74 0)
(4 74 -7.40149e-17)
(5 74 0)
(6 74 0)
(7 74 7.40149e-17)
(8 74 0)
(9 74 0)
(10 74 0)
(11 74 0)
(12 74 -1.4803e-16)
(13 74 -7.40149e-17)
(14 74 0)
(15 74 0)
(16 74 7.40149e-17)
(17 74 -7.40149e-17)
(18 74 -1.4803e-16)
(19 74 -1.4803e-16)
(20 74 -7.40149e-17)
(21 74 -7.40149e-17)
(22 74 -2.22045e-16)
(23 74 0)
(24 74 -1.4803e-16)
(25 74 7.40149e-17)
(26 74 0)
(27 74 7.40149e-17)
(28 74 7.40149e-17)
(29 74 7.40149e-17)
(30 74 0)
(31 74 0)
(32 74 0)
(33 74 0)
(34 74 -1.4803e-16)
(35 74 0)
(36 74 0)
(37 74 1.4803e-16)
(38 74 0)
(39 74 0)
(40 74 0)
(41 74 -1.4803e-16)
(42 74 0)
(43 74 -3.70074e-17)
(44 74 -3.70074e-17)
(45 74 0)
(46 74 0)
(47 74 0)
(48 74 0)
(49 74 0)
(50 74 0)
(51 74 -7.40149e-17)
(52 74 0)
(53 74 3.70074e-17)
(54 74 -7.40149e-17)
(55 74 -7.40149e-17)
(56 74 -7.40149e-17)
(57 74 -7.40149e-17)
(58 74 7.40149e-17)
(59 74 -3.70074e-17)
(60 74 -3.70074e-17)
(61 74 -3.70074e-17)
(62 74 -3.70074e-17)
(63 74 3.70074e-17)
(64 74 3.70074e-17)
(65 74 -3.70074e-17)
(66 74 -3.70074e-17)
(67 74 3.70074e-17)
(68 74 -1.11022e-16)
(69 74 -3.70074e-17)
(70 74 -3.70074e-17)
(71 74 -1.11022e-16)
(72 74 -1.11022e-16)
(73 74 -3.70074e-17)
(74 74 -3.70074e-17)
(75 74 -1.85037e-17)
(76 74 -3.70074e-17)
(77 74 -1.85037e-17)
(78 74 -1.11022e-16)
(79 74 -1.85037e-17)
(80 74 -1.85037e-17)
(81 74 -1.85037e-17)
(82 74 -1.85037e-17)
(83 74 -9.25186e-18)
(84 74 -9.25186e-18)
(85 74 -9.25186e-18)
(86 74 -4.62593e-18)
(87 74 0)
(88 74 -1.54969e-16)
(89 74 0)
(90 74 0)
(0 75 0)
(1 75 0)
(2 75 0)
(3 75 0)
(4 75 0)
(5 75 0)
(6 75 0)
(7 75 0)
(8 75 0)
(9 75 0)
(10 75 0)
(11 75 0)
(12 75 0)
(13 75 0)
(14 75 0)
(15 75 0)
(16 75 1.4803e-16)
(17 75 -7.40149e-17)
(18 75 0)
(19 75 7.40149e-17)
(20 75 -7.40149e-17)
(21 75 0)
(22 75 7.40149e-17)
(23 75 -1.4803e-16)
(24 75 0)
(25 75 7.40149e-17)
(26 75 -1.4803e-16)
(27 75 0)
(28 75 7.40149e-17)
(29 75 -7.40149e-17)
(30 75 0)
(31 75 7.40149e-17)
(32 75 0)
(33 75 0)
(34 75 0)
(35 75 -1.4803e-16)
(36 75 0)
(37 75 0)
(38 75 -7.40149e-17)
(39 75 0)
(40 75 0)
(41 75 0)
(42 75 0)
(43 75 -3.70074e-17)
(44 75 -3.70074e-17)
(45 75 0)
(46 75 0)
(47 75 0)
(48 75 0)
(49 75 0)
(50 75 0)
(51 75 0)
(52 75 0)
(53 75 0)
(54 75 0)
(55 75 0)
(56 75 0)
(57 75 0)
(58 75 -1.11022e-16)
(59 75 3.70074e-17)
(60 75 3.70074e-17)
(61 75 -1.11022e-16)
(62 75 3.70074e-17)
(63 75 3.70074e-17)
(64 75 -1.11022e-16)
(65 75 3.70074e-17)
(66 75 3.70074e-17)
(67 75 -1.11022e-16)
(68 75 1.11022e-16)
(69 75 -3.70074e-17)
(70 75 -3.70074e-17)
(71 75 1.11022e-16)
(72 75 -3.70074e-17)
(73 75 -3.70074e-17)
(74 75 1.11022e-16)
(75 75 -1.85037e-17)
(76 75 -1.85037e-17)
(77 75 -1.85037e-17)
(78 75 -1.85037e-17)
(79 75 -1.85037e-17)
(80 75 5.55112e-17)
(81 75 -1.85037e-17)
(82 75 -1.85037e-17)
(83 75 -9.25186e-18)
(84 75 -9.25186e-18)
(85 75 -9.25186e-18)
(86 75 -4.62593e-18)
(87 75 -4.62593e-18)
(88 75 -4.62593e-18)
(89 75 0)
(90 75 0)
(0 76 0)
(1 76 0)
(2 76 0)
(3 76 -7.40149e-17)
(4 76 7.40149e-17)
(5 76 7.40149e-17)
(6 76 7.40149e-17)
(7 76 0)
(8 76 0)
(9 76 0)
(10 76 7.40149e-17)
(11 76 7.40149e-17)
(12 76 0)
(13 76 0)
(14 76 -7.40149e-17)
(15 76 0)
(16 76 0)
(17 76 -7.40149e-17)
(18 76 0)
(19 76 7.40149e-17)
(20 76 7.40149e-17)
(21 76 7.40149e-17)
(22 76 1.4803e-16)
(23 76 0)
(24 76 7.40149e-17)
(25 76 7.40149e-17)
(26 76 7.40149e-17)
(27 76 0)
(28 76 7.40149e-17)
(29 76 -7.40149e-17)
(30 76 0)
(31 76 7.40149e-17)
(32 76 1.4803e-16)
(33 76 1.4803e-16)
(34 76 0)
(35 76 0)
(36 76 0)
(37 76 0)
(38 76 7.40149e-17)
(39 76 0)
(40 76 0)
(41 76 0)
(42 76 1.4803e-16)
(43 76 2.22045e-16)
(44 76 -3.70074e-17)
(45 76 0)
(46 76 0)
(47 76 0)
(48 76 1.4803e-16)
(49 76 0)
(50 76 0)
(51 76 0)
(52 76 1.4803e-16)
(53 76 7.40149e-17)
(54 76 0)
(55 76 0)
(56 76 0)
(57 76 1.85037e-16)
(58 76 3.70074e-17)
(59 76 3.70074e-17)
(60 76 3.70074e-17)
(61 76 3.70074e-17)
(62 76 3.70074e-17)
(63 76 3.70074e-17)
(64 76 1.4803e-16)
(65 76 3.70074e-17)
(66 76 1.85037e-16)
(67 76 3.70074e-17)
(68 76 3.70074e-17)
(69 76 -3.70074e-17)
(70 76 1.11022e-16)
(71 76 -3.70074e-17)
(72 76 3.70074e-17)
(73 76 -3.70074e-17)
(74 76 -3.70074e-17)
(75 76 -1.85037e-17)
(76 76 -3.70074e-17)
(77 76 -1.85037e-17)
(78 76 1.29526e-16)
(79 76 2.12793e-16)
(80 76 1.29526e-16)
(81 76 1.29526e-16)
(82 76 5.55112e-17)
(83 76 -1.85037e-17)
(84 76 1.38778e-16)
(85 76 -9.25186e-18)
(86 76 -4.62593e-18)
(87 76 -9.25186e-18)
(88 76 1.43404e-16)
(89 76 0)
(90 76 0)
(0 77 0)
(1 77 0)
(2 77 0)
(3 77 0)
(4 77 0)
(5 77 0)
(6 77 0)
(7 77 0)
(8 77 0)
(9 77 7.40149e-17)
(10 77 0)
(11 77 -7.40149e-17)
(12 77 0)
(13 77 -7.40149e-17)
(14 77 0)
(15 77 0)
(16 77 0)
(17 77 -7.40149e-17)
(18 77 0)
(19 77 -7.40149e-17)
(20 77 -7.40149e-17)
(21 77 0)
(22 77 7.40149e-17)
(23 77 0)
(24 77 0)
(25 77 7.40149e-17)
(26 77 0)
(27 77 -7.40149e-17)
(28 77 7.40149e-17)
(29 77 7.40149e-17)
(30 77 7.40149e-17)
(31 77 7.40149e-17)
(32 77 -7.40149e-17)
(33 77 0)
(34 77 0)
(35 77 0)
(36 77 0)
(37 77 0)
(38 77 -7.40149e-17)
(39 77 0)
(40 77 -7.40149e-17)
(41 77 0)
(42 77 -7.40149e-17)
(43 77 -3.70074e-17)
(44 77 -3.70074e-17)
(45 77 0)
(46 77 0)
(47 77 0)
(48 77 0)
(49 77 0)
(50 77 -7.40149e-17)
(51 77 0)
(52 77 7.40149e-17)
(53 77 0)
(54 77 0)
(55 77 -7.40149e-17)
(56 77 0)
(57 77 -7.40149e-17)
(58 77 3.70074e-17)
(59 77 3.70074e-17)
(60 77 -3.70074e-17)
(61 77 3.70074e-17)
(62 77 -3.70074e-17)
(63 77 3.70074e-17)
(64 77 3.70074e-17)
(65 77 3.70074e-17)
(66 77 3.70074e-17)
(67 77 -3.70074e-17)
(68 77 -3.70074e-17)
(69 77 0)
(70 77 -3.70074e-17)
(71 77 -1.85037e-16)
(72 77 -1.11022e-16)
(73 77 -3.70074e-17)
(74 77 -3.70074e-17)
(75 77 -1.85037e-17)
(76 77 -1.85037e-17)
(77 77 -1.85037e-17)
(78 77 -1.85037e-17)
(79 77 -1.11022e-16)
(80 77 -1.85037e-17)
(81 77 -1.85037e-17)
(82 77 -1.85037e-17)
(83 77 -9.25186e-18)
(84 77 -8.32667e-17)
(85 77 -9.25186e-18)
(86 77 -4.62593e-18)
(87 77 -4.62593e-18)
(88 77 -7.86408e-17)
(89 77 0)
(90 77 0)
(0 78 0)
(1 78 7.40149e-17)
(2 78 0)
(3 78 0)
(4 78 0)
(5 78 -7.40149e-17)
(6 78 7.40149e-17)
(7 78 0)
(8 78 0)
(9 78 -7.40149e-17)
(10 78 0)
(11 78 -7.40149e-17)
(12 78 0)
(13 78 7.40149e-17)
(14 78 7.40149e-17)
(15 78 0)
(16 78 0)
(17 78 -7.40149e-17)
(18 78 -7.40149e-17)
(19 78 -7.40149e-17)
(20 78 -7.40149e-17)
(21 78 7.40149e-17)
(22 78 7.40149e-17)
(23 78 0)
(24 78 0)
(25 78 -7.40149e-17)
(26 78 0)
(27 78 0)
(28 78 7.40149e-17)
(29 78 -7.40149e-17)
(30 78 7.40149e-17)
(31 78 7.40149e-17)
(32 78 0)
(33 78 -7.40149e-17)
(34 78 0)
(35 78 0)
(36 78 0)
(37 78 0)
(38 78 -7.40149e-17)
(39 78 0)
(40 78 -7.40149e-17)
(41 78 0)
(42 78 7.40149e-17)
(43 78 -3.70074e-17)
(44 78 -3.70074e-17)
(45 78 0)
(46 78 0)
(47 78 -7.40149e-17)
(48 78 7.40149e-17)
(49 78 0)
(50 78 -7.40149e-17)
(51 78 0)
(52 78 0)
(53 78 0)
(54 78 0)
(55 78 -3.70074e-17)
(56 78 0)
(57 78 0)
(58 78 3.70074e-17)
(59 78 3.70074e-17)
(60 78 1.4803e-16)
(61 78 3.70074e-17)
(62 78 3.70074e-17)
(63 78 3.70074e-17)
(64 78 3.70074e-17)
(65 78 -1.11022e-16)
(66 78 1.11022e-16)
(67 78 1.11022e-16)
(68 78 -3.70074e-17)
(69 78 3.70074e-17)
(70 78 3.70074e-17)
(71 78 3.70074e-17)
(72 78 -1.29526e-16)
(73 78 3.70074e-17)
(74 78 -3.70074e-17)
(75 78 5.55112e-17)
(76 78 1.29526e-16)
(77 78 -1.85037e-17)
(78 78 5.55112e-17)
(79 78 -3.70074e-17)
(80 78 1.29526e-16)
(81 78 -1.66533e-16)
(82 78 -1.85037e-17)
(83 78 -9.25186e-18)
(84 78 -9.25186e-18)
(85 78 -9.25186e-17)
(86 78 6.93889e-17)
(87 78 -4.62593e-18)
(88 78 -4.62593e-18)
(89 78 0)
(90 78 0)
(0 79 0)
(1 79 -7.40149e-17)
(2 79 -7.40149e-17)
(3 79 7.40149e-17)
(4 79 -7.40149e-17)
(5 79 0)
(6 79 -7.40149e-17)
(7 79 0)
(8 79 0)
(9 79 0)
(10 79 0)
(11 79 -1.4803e-16)
(12 79 -7.40149e-17)
(13 79 0)
(14 79 0)
(15 79 -1.4803e-16)
(16 79 0)
(17 79 -2.22045e-16)
(18 79 -1.4803e-16)
(19 79 7.40149e-17)
(20 79 -7.40149e-17)
(21 79 7.40149e-17)
(22 79 -1.4803e-16)
(23 79 0)
(24 79 -7.40149e-17)
(25 79 -7.40149e-17)
(26 79 0)
(27 79 0)
(28 79 7.40149e-17)
(29 79 -7.40149e-17)
(30 79 0)
(31 79 7.40149e-17)
(32 79 -1.4803e-16)
(33 79 0)
(34 79 0)
(35 79 0)
(36 79 -1.4803e-16)
(37 79 -1.4803e-16)
(38 79 1.4803e-16)
(39 79 -1.4803e-16)
(40 79 0)
(41 79 -1.4803e-16)
(42 79 -7.40149e-17)
(43 79 -7.40149e-17)
(44 79 -3.70074e-17)
(45 79 0)
(46 79 0)
(47 79 0)
(48 79 -1.4803e-16)
(49 79 0)
(50 79 0)
(51 79 -1.4803e-16)
(52 79 3.70074e-17)
(53 79 -1.4803e-16)
(54 79 -1.4803e-16)
(55 79 3.70074e-17)
(56 79 -7.40149e-17)
(57 79 0)
(58 79 -3.70074e-17)
(59 79 3.70074e-17)
(60 79 -3.70074e-17)
(61 79 -1.11022e-16)
(62 79 3.70074e-17)
(63 79 -1.11022e-16)
(64 79 3.70074e-17)
(65 79 -1.11022e-16)
(66 79 3.70074e-17)
(67 79 3.70074e-17)
(68 79 -1.85037e-16)
(69 79 -3.70074e-17)
(70 79 -3.70074e-17)
(71 79 -3.70074e-17)
(72 79 -1.11022e-16)
(73 79 -1.29526e-16)
(74 79 -1.85037e-16)
(75 79 -1.85037e-16)
(76 79 -1.85037e-17)
(77 79 -1.85037e-17)
(78 79 -1.85037e-16)
(79 79 -1.85037e-16)
(80 79 -1.85037e-17)
(81 79 -1.85037e-17)
(82 79 -1.85037e-17)
(83 79 -9.25186e-18)
(84 79 -8.32667e-17)
(85 79 -8.32667e-17)
(86 79 -7.86408e-17)
(87 79 7.40149e-17)
(88 79 -7.86408e-17)
(89 79 -1.4803e-16)
(90 79 0)
(0 80 0)
(1 80 0)
(2 80 0)
(3 80 0)
(4 80 0)
(5 80 0)
(6 80 0)
(7 80 0)
(8 80 0)
(9 80 0)
(10 80 1.4803e-16)
(11 80 0)
(12 80 0)
(13 80 0)
(14 80 0)
(15 80 0)
(16 80 0)
(17 80 -7.40149e-17)
(18 80 0)
(19 80 2.22045e-16)
(20 80 -7.40149e-17)
(21 80 0)
(22 80 2.22045e-16)
(23 80 0)
(24 80 0)
(25 80 7.40149e-17)
(26 80 0)
(27 80 0)
(28 80 7.40149e-17)
(29 80 -7.40149e-17)
(30 80 0)
(31 80 7.40149e-17)
(32 80 0)
(33 80 0)
(34 80 0)
(35 80 0)
(36 80 0)
(37 80 0)
(38 80 -7.40149e-17)
(39 80 0)
(40 80 0)
(41 80 0)
(42 80 0)
(43 80 -3.70074e-17)
(44 80 -3.70074e-17)
(45 80 0)
(46 80 0)
(47 80 0)
(48 80 0)
(49 80 0)
(50 80 0)
(51 80 0)
(52 80 0)
(53 80 0)
(54 80 0)
(55 80 0)
(56 80 0)
(57 80 0)
(58 80 3.70074e-17)
(59 80 3.70074e-17)
(60 80 3.70074e-17)
(61 80 3.70074e-17)
(62 80 3.70074e-17)
(63 80 3.70074e-17)
(64 80 3.70074e-17)
(65 80 3.70074e-17)
(66 80 3.70074e-17)
(67 80 3.70074e-17)
(68 80 -3.70074e-17)
(69 80 -3.70074e-17)
(70 80 -3.70074e-17)
(71 80 -3.70074e-17)
(72 80 -3.70074e-17)
(73 80 -3.70074e-17)
(74 80 -3.70074e-17)
(75 80 -1.85037e-17)
(76 80 -1.85037e-17)
(77 80 -1.85037e-17)
(78 80 -1.85037e-17)
(79 80 -1.85037e-17)
(80 80 -1.85037e-17)
(81 80 -1.85037e-17)
(82 80 -1.85037e-17)
(83 80 -9.25186e-18)
(84 80 -9.25186e-18)
(85 80 -9.25186e-18)
(86 80 -4.62593e-18)
(87 80 -4.62593e-18)
(88 80 -4.62593e-18)
(89 80 0)
(90 80 0)
)


// ************************************************************************* //
