/*--------------------------------*- C++ -*----------------------------------*\
| =========                 |                                                 |
| \\      /  F ield         | OpenFOAM: The Open Source CFD Toolbox           |
|  \\    /   O peration     | Version:  v2012                                 |
|   \\  /    A nd           | Website:  www.openfoam.com                      |
|    \\/     M anipulation  |                                                 |
\*---------------------------------------------------------------------------*/
FoamFile
{
    version     2.0;
    format      ascii;
    class       cellSet;
    location    "constant/polyMesh/sets";
    object      buildings;
}
// * * * * * * * * * * * * * * * * * * * * * * * * * * * * * * * * * * * * * //


384
(
47106
47107
47108
47109
47110
47111
47112
47113
54306
54307
54308
54309
54310
54311
54312
54313
61506
61507
61508
61509
61510
61511
61512
61513
24876
24877
24878
24879
24880
24881
24882
24883
32076
32077
32078
32079
32080
32081
32082
32083
39276
39277
39278
39279
39280
39281
39282
39283
24966
24967
24968
24969
24970
24971
46476
24972
46477
24973
46478
46479
46480
46481
46482
46483
32166
32167
32168
32169
32170
32171
53676
32172
53677
32173
53678
53679
53680
53681
53682
53683
39366
39367
39368
39369
39370
39371
60876
39372
60877
39373
60878
60879
60880
60881
60882
60883
25056
25057
25058
25059
25060
25061
46566
25062
46567
25063
46568
46569
46570
46571
46572
46573
32256
32257
32258
32259
32260
32261
53766
32262
53767
32263
53768
53769
53770
53771
53772
53773
39456
39457
39458
39459
39460
39461
60966
39462
60967
39463
60968
60969
60970
60971
60972
60973
25146
25147
25148
25149
25150
25151
46656
25152
46657
25153
46658
46659
46660
46661
46662
46663
32346
32347
32348
32349
32350
32351
53856
32352
53857
32353
53858
53859
53860
53861
53862
53863
39546
39547
39548
39549
39550
39551
61056
39552
61057
39553
61058
61059
61060
61061
61062
61063
25236
25237
25238
25239
25240
25241
46746
25242
46747
25243
46748
46749
46750
46751
46752
46753
32436
32437
32438
32439
32440
32441
53946
32442
53947
32443
53948
53949
53950
53951
53952
53953
39636
39637
39638
39639
39640
39641
61146
39642
61147
39643
61148
61149
61150
61151
61152
61153
25326
25327
25328
25329
25330
25331
46836
25332
46837
25333
46838
46839
46840
46841
46842
46843
32526
32527
32528
32529
32530
32531
54036
32532
54037
32533
54038
54039
54040
54041
54042
54043
39726
39727
39728
39729
39730
39731
61236
39732
61237
39733
61238
61239
61240
61241
61242
61243
25416
25417
25418
25419
25420
25421
46926
25422
46927
25423
46928
46929
46930
46931
46932
46933
32616
32617
32618
32619
32620
32621
54126
32622
54127
32623
54128
54129
54130
54131
54132
54133
39816
39817
39818
39819
39820
39821
61326
39822
61327
39823
61328
61329
61330
61331
61332
61333
25506
25507
25508
25509
25510
25511
47016
25512
47017
25513
47018
47019
47020
47021
47022
47023
32706
32707
32708
32709
32710
32711
54216
32712
54217
32713
54218
54219
54220
54221
54222
54223
39906
39907
39908
39909
39910
39911
61416
39912
61417
39913
61418
61419
61420
61421
61422
61423
)


// ************************************************************************* //
