/*--------------------------------*- C++ -*----------------------------------*\
| =========                 |                                                 |
| \\      /  F ield         | OpenFOAM: The Open Source CFD Toolbox           |
|  \\    /   O peration     | Version:  v2012                                 |
|   \\  /    A nd           | Website:  www.openfoam.com                      |
|    \\/     M anipulation  |                                                 |
\*---------------------------------------------------------------------------*/
FoamFile
{
    version     2.0;
    format      ascii;
    class       cellSet;
    location    "constant/polyMesh/sets";
    object      concrete;
}
// * * * * * * * * * * * * * * * * * * * * * * * * * * * * * * * * * * * * * //


1924
(
69692
69693
69694
61502
69695
61503
69696
61504
69697
61505
69698
61506
69699
61507
69700
61508
69701
61509
69702
61510
69703
61511
69704
61512
69705
61513
69706
61514
69707
61515
69708
61516
69709
61517
69710
61518
69711
61519
69712
61520
69713
61521
69714
61522
69715
61523
69716
61524
69717
61525
61526
61527
69782
69783
69784
61592
69785
61593
69786
61594
69787
61595
69788
61596
69789
61597
69790
61598
69791
61599
69792
61600
69793
61601
69794
61602
69795
61603
69796
61604
69797
61605
69798
61606
69799
61607
69800
61608
69801
61609
69802
61610
69803
61611
69804
61612
69805
61613
69806
61614
69807
61615
61616
61617
69872
69873
69874
61682
69875
61683
69876
61684
69877
61685
69878
61686
69879
61687
69880
61688
69881
61689
69882
61690
69883
61691
69884
61692
69885
61693
69886
61694
69887
61695
69888
61696
69889
61697
69890
61698
69891
61699
69892
61700
69893
61701
69894
61702
69895
61703
69896
61704
69897
61705
61706
61707
69962
69963
69964
61772
69965
61773
69966
61774
69967
61775
69968
61776
69969
61777
69970
61778
69971
61779
69972
61780
69973
61781
69974
61782
69975
61783
69976
61784
69977
61785
69978
61786
69979
61787
69980
61788
69981
61789
69982
61790
69983
61791
69984
61792
69985
61793
69986
61794
69987
61795
61796
61797
70052
70053
70054
61862
70055
61863
70056
61864
70057
61865
70058
61866
70059
61867
70060
61868
70061
61869
70062
61870
70063
61871
70064
61872
70065
61873
70066
61874
70067
61875
70068
61876
70069
61877
70070
61878
70071
61879
70072
61880
70073
61881
70074
61882
70075
61883
70076
61884
70077
61885
61886
61887
70142
70143
70144
61952
70145
61953
70146
61954
70147
61955
70148
61956
70149
61957
70150
61958
70151
61959
70152
61960
70153
61961
70154
61962
70155
61963
70156
61964
70157
61965
70158
61966
70159
61967
70160
61968
70161
61969
70162
61970
70163
61971
70164
61972
70165
61973
70166
61974
70167
61975
61976
61977
70232
70233
70234
62042
70235
62043
70236
62044
70237
62045
70238
62046
70239
62047
70240
62048
70241
62049
70242
62050
70243
62051
70244
62052
70245
62053
70246
62054
70247
62055
70248
62056
70249
62057
70250
62058
70251
62059
70252
62060
70253
62061
70254
62062
70255
62063
70256
62064
70257
62065
62066
62067
70322
70323
70324
62132
70325
62133
70326
62134
70327
62135
70328
62136
70329
62137
70330
62138
70331
62139
70332
62140
70333
62141
70334
62142
70335
62143
70336
62144
70337
62145
70338
62146
70339
62147
70340
62148
70341
62149
70342
62150
70343
62151
70344
62152
70345
62153
70346
62154
70347
62155
62156
62157
70412
70413
70414
62222
70415
62223
70416
62224
70417
62225
70418
62226
70419
62227
70420
62228
70421
62229
70422
62230
70423
62231
70424
62232
70425
62233
70426
62234
70427
62235
70428
62236
70429
62237
70430
62238
70431
62239
70432
62240
70433
62241
70434
62242
70435
62243
70436
62244
70437
62245
62246
62247
70502
70503
70504
62312
70505
62313
70506
62314
70507
62315
70508
62316
70509
62317
70510
62318
70511
62319
70512
62320
70513
62321
70514
62322
70515
62323
70516
62324
70517
62325
70518
62326
70519
62327
70520
62328
70521
62329
70522
62330
70523
62331
70524
62332
70525
62333
70526
62334
70527
62335
62336
62337
70592
70593
70594
62402
70595
62403
70596
62404
70597
62405
70598
62406
70599
62407
70600
62408
70601
62409
70602
62410
70603
62411
70604
62412
70605
62413
70606
62414
70607
62415
70608
62416
70609
62417
70610
62418
70611
62419
70612
62420
70613
62421
70614
62422
70615
62423
70616
62424
70617
62425
62426
62427
70682
70683
70684
62492
70685
62493
70686
62494
70687
62495
70688
62496
70689
62497
70690
62498
70691
62499
70692
62500
70693
62501
70694
62502
70695
62503
70696
62504
70697
62505
70698
62506
70699
62507
70700
62508
70701
62509
70702
62510
70703
62511
70704
62512
70705
62513
70706
62514
70707
62515
62516
62517
70772
70773
70774
62582
70775
62583
70776
62584
70777
62585
70778
62586
70779
62587
70780
62588
70781
62589
70782
62590
70783
62591
70784
62592
70785
62593
70786
62594
70787
62595
70788
62596
70789
62597
70790
62598
70791
62599
70792
62600
70793
62601
70794
62602
70795
62603
70796
62604
70797
62605
62606
62607
70862
70863
70864
62672
70865
62673
70866
62674
70867
62675
70868
62676
70869
62677
70870
62678
70871
62679
70872
62680
70873
62681
70874
62682
70875
62683
70876
62684
70877
62685
70878
62686
70879
62687
70880
62688
70881
62689
70882
62690
70883
62691
70884
62692
70885
62693
70886
62694
70887
62695
62696
62697
70952
70953
70954
62762
70955
62763
70956
62764
70957
62765
70958
62766
70959
62767
70960
62768
70961
62769
70962
62770
70963
62771
70964
62772
70965
62773
70966
62774
70967
62775
70968
62776
70969
62777
70970
62778
70971
62779
70972
62780
70973
62781
70974
62782
70975
62783
70976
62784
70977
62785
62786
62787
62852
62853
62854
62855
62856
62857
62858
62859
62860
62861
62862
62863
62864
62865
62866
62867
62868
62869
62870
62871
62872
62873
62874
62875
62876
62877
62942
62943
62944
62945
62946
62947
62948
62949
62950
62951
62952
62953
62954
62955
62956
62957
62958
62959
62960
62961
62962
62963
62964
62965
62966
62967
63032
63033
63034
63035
63036
63037
63038
63039
63040
63041
63042
63043
63044
63045
63046
63047
63048
63049
63050
63051
63052
63053
63054
63055
63056
63057
63122
63123
63124
63125
63126
63127
63128
63129
63130
63131
63132
63133
63134
63135
63136
63137
63138
63139
63140
63141
63142
63143
63144
63145
63146
63147
63212
63213
63214
63215
63216
63217
63218
63219
63220
63221
63222
63223
63224
63225
63226
63227
63228
63229
63230
63231
63232
63233
63234
63235
63236
63237
63302
63303
63304
63305
63306
63307
63308
63309
63310
63311
63312
63313
63314
63315
63316
63317
63318
63319
63320
63321
63322
63323
63324
63325
63326
63327
63392
63393
63394
63395
63396
63397
63398
63399
63400
63401
63402
63403
63404
63405
63406
63407
63408
63409
63410
63411
63412
63413
63414
63415
63416
63417
63482
63483
63484
63485
63486
63487
63488
63489
63490
63491
63492
63493
63494
63495
63496
63497
63498
63499
63500
63501
63502
63503
63504
63505
63506
63507
63572
63573
63574
63575
63576
63577
63578
63579
63580
63581
63582
63583
63584
63585
63586
63587
63588
63589
63590
63591
63592
63593
63594
63595
63596
63597
67712
67713
67714
67715
67716
67717
67718
67719
67720
67721
67722
67723
67724
67725
67726
67727
67728
67729
67730
67731
67732
67733
67734
67735
67736
67737
63662
63663
63664
63665
63666
63667
63668
63669
63670
63671
63672
63673
63674
63675
63676
63677
63678
63679
63680
63681
63682
63683
63684
63685
63686
63687
67802
67803
67804
67805
67806
67807
67808
67809
67810
67811
67812
67813
67814
67815
67816
67817
67818
67819
67820
67821
67822
67823
67824
67825
67826
67827
63752
63753
63754
63755
63756
63757
63758
63759
63760
63761
63762
63763
63764
63765
63766
63767
63768
63769
63770
63771
63772
63773
63774
63775
63776
63777
67892
67893
67894
67895
67896
67897
67898
67899
67900
67901
67902
67903
67904
67905
67906
67907
67908
67909
67910
67911
67912
67913
67914
67915
67916
67917
67982
67983
67984
67985
67986
67987
67988
67989
67990
67991
67992
67993
67994
67995
67996
67997
67998
67999
68000
68001
68002
68003
68004
68005
68006
68007
68072
68073
68074
68075
68076
68077
68078
68079
68080
68081
68082
68083
68084
68085
68086
68087
68088
68089
68090
68091
68092
68093
68094
68095
68096
68097
68162
68163
68164
68165
68166
68167
68168
68169
68170
68171
68172
68173
68174
68175
68176
68177
68178
68179
68180
68181
68182
68183
68184
68185
68186
68187
68252
68253
68254
68255
68256
68257
68258
68259
68260
68261
68262
68263
68264
68265
68266
68267
68268
68269
68270
68271
68272
68273
68274
68275
68276
68277
68342
68343
68344
68345
68346
68347
68348
68349
68350
68351
68352
68353
68354
68355
68356
68357
68358
68359
68360
68361
68362
68363
68364
68365
68366
68367
68432
68433
68434
68435
68436
68437
68438
68439
68440
68441
68442
68443
68444
68445
68446
68447
68448
68449
68450
68451
68452
68453
68454
68455
68456
68457
68522
68523
68524
68525
68526
68527
68528
68529
68530
68531
68532
68533
68534
68535
68536
68537
68538
68539
68540
68541
68542
68543
68544
68545
68546
68547
68612
68613
68614
68615
68616
68617
68618
68619
68620
68621
68622
68623
68624
68625
68626
68627
68628
68629
68630
68631
68632
68633
68634
68635
68636
68637
68702
68703
68704
60512
68705
60513
68706
60514
68707
60515
68708
60516
68709
60517
68710
60518
68711
60519
68712
60520
68713
60521
68714
60522
68715
60523
68716
60524
68717
60525
68718
60526
68719
60527
68720
60528
68721
60529
68722
60530
68723
60531
68724
60532
68725
60533
68726
60534
68727
60535
60536
60537
68792
68793
68794
60602
68795
60603
68796
60604
68797
60605
68798
60606
68799
60607
68800
60608
68801
60609
68802
60610
68803
60611
68804
60612
68805
60613
68806
60614
68807
60615
68808
60616
68809
60617
68810
60618
68811
60619
68812
60620
68813
60621
68814
60622
68815
60623
68816
60624
68817
60625
60626
60627
68882
68883
68884
60692
68885
60693
68886
60694
68887
60695
68888
60696
68889
60697
68890
60698
68891
60699
68892
60700
68893
60701
68894
60702
68895
60703
68896
60704
68897
60705
68898
60706
68899
60707
68900
60708
68901
60709
68902
60710
68903
60711
68904
60712
68905
60713
68906
60714
68907
60715
60716
60717
68972
68973
68974
60782
68975
60783
68976
60784
68977
60785
68978
60786
68979
60787
68980
60788
68981
60789
68982
60790
68983
60791
68984
60792
68985
60793
68986
60794
68987
60795
68988
60796
68989
60797
68990
60798
68991
60799
68992
60800
68993
60801
68994
60802
68995
60803
68996
60804
68997
60805
60806
60807
69062
69063
69064
60872
69065
60873
69066
60874
69067
60875
69068
60876
69069
60877
69070
60878
69071
60879
69072
60880
69073
60881
69074
60882
69075
60883
69076
60884
69077
60885
69078
60886
69079
60887
69080
60888
69081
60889
69082
60890
69083
60891
69084
60892
69085
60893
69086
60894
69087
60895
60896
60897
69152
69153
69154
60962
69155
60963
69156
60964
69157
60965
69158
60966
69159
60967
69160
60968
69161
60969
69162
60970
69163
60971
69164
60972
69165
60973
69166
60974
69167
60975
69168
60976
69169
60977
69170
60978
69171
60979
69172
60980
69173
60981
69174
60982
69175
60983
69176
60984
69177
60985
60986
60987
69242
69243
69244
61052
69245
61053
69246
61054
69247
61055
69248
61056
69249
61057
69250
61058
69251
61059
69252
61060
69253
61061
69254
61062
69255
61063
69256
61064
69257
61065
69258
61066
69259
61067
69260
61068
69261
61069
69262
61070
69263
61071
69264
61072
69265
61073
69266
61074
69267
61075
61076
61077
69332
69333
69334
61142
69335
61143
69336
61144
69337
61145
69338
61146
69339
61147
69340
61148
69341
61149
69342
61150
69343
61151
69344
61152
69345
61153
69346
61154
69347
61155
69348
61156
69349
61157
69350
61158
69351
61159
69352
61160
69353
61161
69354
61162
69355
61163
69356
61164
69357
61165
61166
61167
69422
69423
69424
61232
69425
61233
69426
61234
69427
61235
69428
61236
69429
61237
69430
61238
69431
61239
69432
61240
69433
61241
69434
61242
69435
61243
69436
61244
69437
61245
69438
61246
69439
61247
69440
61248
69441
61249
69442
61250
69443
61251
69444
61252
69445
61253
69446
61254
69447
61255
61256
61257
69512
69513
69514
61322
69515
61323
69516
61324
69517
61325
69518
61326
69519
61327
69520
61328
69521
61329
69522
61330
69523
61331
69524
61332
69525
61333
69526
61334
69527
61335
69528
61336
69529
61337
69530
61338
69531
61339
69532
61340
69533
61341
69534
61342
69535
61343
69536
61344
69537
61345
61346
61347
69602
69603
69604
61412
69605
61413
69606
61414
69607
61415
69608
61416
69609
61417
69610
61418
69611
61419
69612
61420
69613
61421
69614
61422
69615
61423
69616
61424
69617
61425
69618
61426
69619
61427
69620
61428
69621
61429
69622
61430
69623
61431
69624
61432
69625
61433
69626
61434
69627
61435
61436
61437
)


// ************************************************************************* //
