/*--------------------------------*- C++ -*----------------------------------*\
| =========                 |                                                 |
| \\      /  F ield         | OpenFOAM: The Open Source CFD Toolbox           |
|  \\    /   O peration     | Version:  v2012                                 |
|   \\  /    A nd           | Website:  www.openfoam.com                      |
|    \\/     M anipulation  |                                                 |
\*---------------------------------------------------------------------------*/
FoamFile
{
    version     2.0;
    format      ascii;
    class       volScalarField;
    location    "300/asphalt";
    object      T;
}
// * * * * * * * * * * * * * * * * * * * * * * * * * * * * * * * * * * * * * //

dimensions      [0 0 0 1 0 0 0];


internalField   nonuniform List<scalar> 
1980
(
321.64
322.058
322.472
322.825
323.129
323.393
323.624
323.828
324.01
324.172
324.319
324.453
324.575
324.686
324.789
324.885
324.973
325.054
325.129
325.199
325.263
325.323
325.38
325.433
325.484
325.534
325.582
325.628
325.675
325.721
325.765
325.804
325.832
325.865
325.899
325.933
325.965
325.996
326.027
326.058
326.088
326.118
326.147
326.175
326.204
326.233
326.261
326.287
326.313
326.337
326.36
326.383
326.406
326.429
326.452
326.476
326.501
326.53
326.569
326.598
326.623
326.647
326.671
326.694
326.715
326.736
326.757
326.778
326.799
326.819
326.839
326.859
326.88
326.9
326.92
326.941
326.96
326.98
327
327.02
327.04
327.06
327.082
327.106
327.132
327.162
327.197
327.25
327.368
327.69
321.642
322.06
322.473
322.827
323.131
323.395
323.626
323.831
324.012
324.175
324.323
324.456
324.578
324.69
324.793
324.888
324.976
325.058
325.133
325.202
325.267
325.327
325.384
325.438
325.49
325.54
325.589
325.636
325.683
325.73
325.774
325.816
325.853
325.889
325.924
325.958
325.991
326.024
326.056
326.087
326.117
326.147
326.176
326.205
326.233
326.26
326.288
326.314
326.341
326.366
326.39
326.414
326.438
326.461
326.485
326.508
326.532
326.557
326.582
326.607
326.631
326.655
326.679
326.702
326.724
326.745
326.766
326.787
326.808
326.828
326.849
326.869
326.89
326.91
326.931
326.951
326.972
326.991
327.011
327.031
327.051
327.071
327.093
327.116
327.142
327.171
327.207
327.26
327.378
327.701
321.643
322.061
322.475
322.828
323.132
323.396
323.628
323.833
324.015
324.178
324.325
324.459
324.581
324.693
324.796
324.891
324.979
325.06
325.136
325.205
325.27
325.331
325.388
325.443
325.496
325.546
325.596
325.644
325.691
325.737
325.781
325.822
325.861
325.898
325.933
325.967
326.001
326.034
326.066
326.097
326.128
326.158
326.187
326.216
326.243
326.271
326.298
326.324
326.351
326.377
326.403
326.427
326.451
326.475
326.499
326.522
326.546
326.569
326.593
326.616
326.639
326.663
326.687
326.71
326.731
326.753
326.774
326.795
326.816
326.837
326.858
326.879
326.899
326.92
326.941
326.962
326.982
327.003
327.023
327.043
327.064
327.084
327.106
327.129
327.154
327.183
327.219
327.272
327.391
327.716
321.644
322.062
322.475
322.829
323.133
323.398
323.629
323.834
324.017
324.18
324.328
324.462
324.584
324.696
324.799
324.894
324.981
325.063
325.138
325.208
325.273
325.334
325.392
325.448
325.501
325.552
325.602
325.65
325.698
325.743
325.786
325.827
325.865
325.902
325.938
325.972
326.007
326.04
326.072
326.104
326.134
326.164
326.194
326.223
326.25
326.277
326.304
326.331
326.357
326.384
326.41
326.435
326.46
326.484
326.508
326.532
326.555
326.579
326.601
326.624
326.647
326.67
326.694
326.716
326.738
326.76
326.781
326.803
326.824
326.845
326.866
326.887
326.908
326.929
326.95
326.971
326.992
327.013
327.034
327.055
327.076
327.097
327.119
327.142
327.167
327.196
327.231
327.284
327.404
327.73
321.644
322.063
322.476
322.83
323.134
323.399
323.631
323.836
324.018
324.182
324.329
324.463
324.585
324.697
324.8
324.895
324.983
325.064
325.14
325.21
325.275
325.337
325.396
325.452
325.506
325.558
325.607
325.656
325.703
325.748
325.79
325.83
325.868
325.905
325.941
325.976
326.011
326.044
326.076
326.108
326.139
326.169
326.198
326.227
326.255
326.282
326.309
326.336
326.362
326.389
326.415
326.441
326.466
326.491
326.515
326.539
326.563
326.586
326.609
326.632
326.654
326.677
326.7
326.723
326.745
326.767
326.788
326.81
326.831
326.853
326.874
326.895
326.916
326.937
326.959
326.98
327.001
327.023
327.044
327.066
327.087
327.109
327.132
327.155
327.181
327.209
327.244
327.298
327.418
327.745
321.645
322.063
322.477
322.83
323.135
323.4
323.632
323.837
324.019
324.183
324.331
324.465
324.587
324.699
324.802
324.897
324.984
325.066
325.141
325.212
325.278
325.34
325.4
325.456
325.511
325.562
325.612
325.661
325.707
325.751
325.793
325.833
325.871
325.908
325.944
325.98
326.014
326.048
326.08
326.112
326.143
326.173
326.203
326.232
326.259
326.286
326.314
326.341
326.367
326.394
326.421
326.447
326.472
326.497
326.521
326.546
326.569
326.593
326.616
326.639
326.662
326.684
326.707
326.73
326.752
326.774
326.795
326.817
326.839
326.861
326.882
326.904
326.925
326.946
326.968
326.989
327.011
327.033
327.055
327.077
327.099
327.122
327.145
327.169
327.194
327.223
327.258
327.312
327.433
327.761
321.645
322.064
322.477
322.831
323.135
323.4
323.632
323.838
324.02
324.184
324.332
324.466
324.588
324.7
324.803
324.898
324.986
325.067
325.143
325.214
325.281
325.344
325.403
325.46
325.515
325.567
325.617
325.665
325.711
325.754
325.796
325.836
325.874
325.912
325.948
325.983
326.018
326.051
326.084
326.116
326.147
326.177
326.207
326.236
326.264
326.291
326.319
326.346
326.373
326.4
326.426
326.452
326.478
326.503
326.527
326.552
326.576
326.6
326.623
326.646
326.669
326.692
326.714
326.737
326.759
326.781
326.803
326.825
326.847
326.869
326.891
326.912
326.934
326.955
326.977
326.999
327.021
327.043
327.066
327.089
327.112
327.135
327.158
327.183
327.209
327.238
327.274
327.328
327.45
327.779
321.645
322.064
322.477
322.831
323.136
323.401
323.633
323.838
324.021
324.185
324.333
324.467
324.589
324.701
324.804
324.899
324.987
325.069
325.145
325.216
325.284
325.347
325.407
325.465
325.519
325.571
325.621
325.669
325.715
325.758
325.8
325.84
325.879
325.916
325.953
325.988
326.023
326.056
326.089
326.121
326.152
326.183
326.213
326.242
326.27
326.298
326.326
326.353
326.38
326.407
326.434
326.46
326.485
326.51
326.535
326.56
326.584
326.608
326.632
326.655
326.678
326.701
326.723
326.746
326.768
326.79
326.813
326.835
326.857
326.879
326.901
326.923
326.944
326.966
326.987
327.009
327.031
327.054
327.077
327.1
327.123
327.147
327.171
327.196
327.223
327.252
327.288
327.342
327.463
327.791
321.646
322.064
322.478
322.832
323.137
323.402
323.634
323.84
324.022
324.187
324.335
324.469
324.591
324.704
324.807
324.902
324.991
325.073
325.15
325.222
325.29
325.354
325.414
325.472
325.527
325.579
325.629
325.677
325.722
325.766
325.808
325.848
325.888
325.926
325.963
325.999
326.033
326.067
326.1
326.133
326.164
326.195
326.225
326.255
326.284
326.312
326.34
326.368
326.395
326.422
326.449
326.475
326.501
326.526
326.551
326.576
326.601
326.625
326.649
326.672
326.695
326.718
326.741
326.764
326.786
326.809
326.831
326.853
326.875
326.898
326.92
326.942
326.963
326.985
327.007
327.028
327.05
327.073
327.096
327.119
327.142
327.166
327.19
327.216
327.242
327.272
327.307
327.36
327.478
327.8
321.647
322.066
322.481
322.836
323.142
323.408
323.642
323.849
324.033
324.198
324.348
324.483
324.607
324.72
324.825
324.921
325.011
325.095
325.173
325.246
325.315
325.381
325.443
325.501
325.557
325.61
325.661
325.71
325.756
325.801
325.844
325.886
325.926
325.965
326.003
326.04
326.076
326.111
326.145
326.179
326.211
326.243
326.274
326.305
326.335
326.364
326.394
326.422
326.451
326.478
326.506
326.533
326.559
326.586
326.611
326.637
326.662
326.687
326.712
326.737
326.761
326.785
326.808
326.831
326.855
326.878
326.901
326.924
326.946
326.969
326.992
327.014
327.037
327.059
327.081
327.104
327.126
327.149
327.172
327.196
327.219
327.243
327.268
327.294
327.321
327.35
327.385
327.436
327.546
327.852
321.654
322.08
322.502
322.864
323.176
323.449
323.689
323.902
324.092
324.262
324.417
324.558
324.687
324.805
324.914
325.016
325.11
325.198
325.281
325.358
325.432
325.501
325.567
325.63
325.689
325.746
325.801
325.853
325.903
325.951
325.998
326.044
326.088
326.13
326.172
326.212
326.251
326.29
326.327
326.364
326.4
326.435
326.469
326.503
326.536
326.569
326.601
326.633
326.664
326.695
326.725
326.755
326.784
326.813
326.842
326.87
326.898
326.925
326.953
326.98
327.007
327.033
327.059
327.085
327.111
327.136
327.162
327.187
327.212
327.237
327.262
327.287
327.311
327.336
327.361
327.385
327.41
327.435
327.46
327.485
327.51
327.536
327.563
327.59
327.619
327.65
327.686
327.735
327.833
328.096
322.789
323.252
323.693
324.066
324.386
324.665
324.909
325.124
325.316
325.488
325.642
325.783
325.911
326.029
326.138
326.238
326.331
326.417
326.496
326.569
326.637
326.701
326.76
326.817
326.871
326.923
326.973
327.023
327.072
327.12
327.167
327.21
327.244
327.281
327.317
327.353
327.386
327.42
327.453
327.485
327.517
327.548
327.579
327.608
327.639
327.669
327.698
327.727
327.753
327.779
327.803
327.827
327.851
327.875
327.9
327.925
327.951
327.979
328.014
328.043
328.069
328.094
328.119
328.143
328.165
328.187
328.209
328.231
328.252
328.273
328.294
328.315
328.336
328.358
328.379
328.4
328.421
328.441
328.462
328.483
328.503
328.525
328.548
328.574
328.602
328.632
328.669
328.722
328.842
329.208
322.79
323.253
323.694
324.067
324.387
324.666
324.91
325.125
325.317
325.489
325.644
325.785
325.913
326.031
326.14
326.24
326.333
326.418
326.498
326.571
326.639
326.703
326.763
326.82
326.875
326.927
326.978
327.029
327.078
327.127
327.174
327.218
327.259
327.297
327.334
327.37
327.405
327.439
327.472
327.505
327.537
327.568
327.599
327.629
327.659
327.688
327.716
327.745
327.772
327.799
327.825
327.85
327.874
327.899
327.923
327.948
327.973
327.998
328.024
328.05
328.075
328.099
328.125
328.149
328.172
328.194
328.216
328.237
328.259
328.28
328.302
328.323
328.344
328.366
328.387
328.408
328.429
328.45
328.471
328.492
328.513
328.534
328.557
328.583
328.61
328.641
328.677
328.731
328.851
329.219
322.791
323.254
323.695
324.067
324.388
324.667
324.911
325.126
325.318
325.49
325.646
325.787
325.915
326.033
326.142
326.242
326.335
326.42
326.5
326.573
326.641
326.705
326.766
326.824
326.879
326.933
326.984
327.035
327.085
327.134
327.18
327.224
327.264
327.303
327.34
327.376
327.412
327.447
327.481
327.514
327.546
327.577
327.608
327.638
327.667
327.696
327.724
327.752
327.78
327.808
327.834
327.86
327.886
327.911
327.935
327.96
327.984
328.009
328.033
328.057
328.082
328.106
328.131
328.155
328.178
328.2
328.222
328.244
328.266
328.288
328.31
328.331
328.353
328.374
328.396
328.417
328.439
328.46
328.481
328.503
328.524
328.546
328.569
328.594
328.621
328.651
328.688
328.742
328.863
329.232
322.792
323.254
323.695
324.068
324.389
324.667
324.912
325.127
325.32
325.492
325.647
325.788
325.917
326.035
326.144
326.244
326.336
326.422
326.501
326.575
326.643
326.708
326.77
326.828
326.884
326.938
326.99
327.042
327.091
327.139
327.185
327.228
327.268
327.307
327.344
327.381
327.417
327.452
327.486
327.519
327.551
327.583
327.614
327.644
327.673
327.701
327.729
327.758
327.786
327.813
327.841
327.868
327.893
327.919
327.944
327.968
327.993
328.017
328.041
328.065
328.089
328.113
328.138
328.161
328.184
328.207
328.229
328.251
328.273
328.295
328.317
328.339
328.36
328.382
328.404
328.426
328.448
328.469
328.491
328.513
328.535
328.557
328.581
328.605
328.632
328.662
328.698
328.753
328.875
329.244
322.792
323.255
323.696
324.069
324.389
324.668
324.912
325.128
325.321
325.493
325.649
325.79
325.918
326.036
326.145
326.245
326.337
326.423
326.502
326.576
326.646
326.711
326.773
326.832
326.889
326.943
326.996
327.047
327.096
327.143
327.188
327.23
327.271
327.309
327.347
327.384
327.42
327.456
327.49
327.523
327.555
327.587
327.618
327.648
327.677
327.705
327.734
327.762
327.79
327.818
327.846
327.873
327.899
327.925
327.95
327.975
328
328.024
328.048
328.072
328.096
328.119
328.143
328.167
328.19
328.213
328.235
328.257
328.28
328.302
328.324
328.346
328.368
328.39
328.412
328.434
328.456
328.479
328.501
328.523
328.546
328.569
328.592
328.617
328.644
328.674
328.71
328.764
328.887
329.258
322.792
323.255
323.696
324.069
324.39
324.669
324.913
325.129
325.321
325.494
325.649
325.79
325.919
326.037
326.146
326.246
326.338
326.424
326.503
326.578
326.648
326.714
326.776
326.836
326.893
326.947
327
327.051
327.1
327.146
327.191
327.233
327.273
327.312
327.35
327.387
327.423
327.459
327.493
327.526
327.559
327.59
327.621
327.652
327.681
327.71
327.738
327.766
327.794
327.822
327.85
327.877
327.904
327.93
327.956
327.981
328.006
328.03
328.055
328.078
328.102
328.126
328.149
328.173
328.196
328.219
328.241
328.264
328.287
328.309
328.331
328.354
328.376
328.398
328.42
328.442
328.465
328.488
328.511
328.534
328.557
328.58
328.604
328.63
328.657
328.687
328.723
328.777
328.901
329.272
322.792
323.255
323.696
324.069
324.39
324.669
324.913
325.129
325.322
325.494
325.65
325.791
325.92
326.038
326.146
326.246
326.339
326.425
326.504
326.579
326.65
326.716
326.779
326.839
326.896
326.951
327.004
327.054
327.103
327.149
327.193
327.235
327.275
327.314
327.353
327.39
327.426
327.461
327.496
327.529
327.562
327.594
327.625
327.655
327.685
327.714
327.742
327.771
327.799
327.827
327.855
327.882
327.909
327.935
327.961
327.986
328.011
328.036
328.061
328.085
328.108
328.132
328.156
328.179
328.202
328.225
328.248
328.271
328.294
328.316
328.339
328.361
328.383
328.406
328.428
328.45
328.473
328.497
328.52
328.544
328.568
328.592
328.617
328.642
328.67
328.7
328.736
328.791
328.916
329.288
322.792
323.255
323.696
324.069
324.39
324.669
324.914
325.13
325.322
325.495
325.65
325.791
325.92
326.038
326.147
326.247
326.34
326.426
326.506
326.581
326.652
326.719
326.782
326.843
326.9
326.955
327.008
327.058
327.106
327.152
327.196
327.238
327.279
327.318
327.357
327.394
327.43
327.466
327.5
327.534
327.567
327.599
327.63
327.661
327.69
327.72
327.749
327.778
327.806
327.834
327.862
327.889
327.916
327.942
327.968
327.994
328.019
328.044
328.068
328.093
328.117
328.14
328.164
328.187
328.21
328.233
328.256
328.279
328.302
328.325
328.348
328.37
328.393
328.415
328.437
328.459
328.482
328.505
328.529
328.553
328.577
328.602
328.627
328.653
328.681
328.712
328.748
328.803
328.926
329.297
322.792
323.255
323.696
324.069
324.39
324.669
324.914
325.13
325.323
325.496
325.651
325.793
325.922
326.04
326.149
326.249
326.342
326.429
326.51
326.585
326.657
326.724
326.788
326.849
326.906
326.962
327.014
327.064
327.112
327.158
327.202
327.245
327.286
327.326
327.365
327.403
327.439
327.475
327.51
327.544
327.577
327.609
327.641
327.672
327.702
327.732
327.762
327.791
327.819
327.847
327.875
327.902
327.929
327.956
327.982
328.008
328.033
328.059
328.083
328.108
328.132
328.156
328.179
328.203
328.226
328.249
328.272
328.295
328.318
328.341
328.364
328.386
328.409
328.431
328.453
328.476
328.498
328.521
328.545
328.569
328.593
328.617
328.642
328.669
328.697
328.727
328.763
328.816
328.936
329.3
322.793
323.257
323.699
324.073
324.395
324.675
324.921
325.139
325.332
325.506
325.663
325.806
325.936
326.055
326.165
326.267
326.361
326.449
326.531
326.609
326.681
326.75
326.815
326.877
326.935
326.991
327.045
327.096
327.145
327.192
327.237
327.281
327.323
327.364
327.404
327.443
327.481
327.517
327.553
327.588
327.622
327.656
327.689
327.721
327.752
327.783
327.813
327.843
327.873
327.902
327.931
327.959
327.986
328.014
328.041
328.067
328.094
328.12
328.145
328.171
328.196
328.22
328.245
328.269
328.293
328.317
328.341
328.364
328.388
328.411
328.434
328.458
328.48
328.503
328.526
328.549
328.572
328.595
328.619
328.643
328.668
328.692
328.718
328.744
328.772
328.803
328.839
328.889
329
329.346
322.801
323.272
323.723
324.105
324.434
324.722
324.974
325.199
325.399
325.579
325.742
325.891
326.027
326.152
326.267
326.374
326.474
326.567
326.654
326.736
326.814
326.887
326.957
327.023
327.086
327.146
327.204
327.259
327.312
327.363
327.413
327.461
327.507
327.552
327.596
327.639
327.68
327.721
327.76
327.799
327.837
327.874
327.91
327.946
327.981
328.015
328.049
328.083
328.116
328.148
328.18
328.211
328.242
328.272
328.302
328.332
328.362
328.391
328.419
328.448
328.476
328.503
328.531
328.558
328.584
328.611
328.637
328.664
328.69
328.716
328.742
328.767
328.793
328.818
328.843
328.869
328.894
328.92
328.946
328.972
328.998
329.025
329.052
329.081
329.111
329.143
329.18
329.229
329.327
329.623
)
;

boundaryField
{
    inlet
    {
        type            zeroGradient;
    }
    outlet
    {
        type            zeroGradient;
    }
    side
    {
        type            zeroGradient;
    }
    asphalt_to_soil1
    {
        type            compressible::turbulentTemperatureRadCoupledMixed;
        refValue        nonuniform List<scalar> 
990
(
320.476
320.854
321.24
321.573
321.861
322.11
322.328
322.521
322.692
322.846
322.985
323.111
323.227
323.332
323.43
323.519
323.603
323.68
323.751
323.816
323.877
323.934
323.987
324.038
324.086
324.133
324.178
324.222
324.266
324.309
324.351
324.387
324.408
324.438
324.47
324.501
324.531
324.561
324.591
324.62
324.648
324.676
324.704
324.73
324.758
324.785
324.811
324.837
324.861
324.884
324.906
324.927
324.949
324.971
324.993
325.016
325.04
325.069
325.11
325.139
325.164
325.187
325.209
325.231
325.252
325.272
325.292
325.312
325.331
325.351
325.37
325.389
325.409
325.428
325.448
325.467
325.486
325.505
325.524
325.543
325.563
325.583
325.604
325.627
325.652
325.681
325.715
325.767
325.88
326.163
320.479
320.857
321.243
321.576
321.864
322.113
322.332
322.525
322.697
322.851
322.99
323.117
323.232
323.338
323.435
323.525
323.608
323.685
323.756
323.822
323.883
323.94
323.993
324.045
324.094
324.141
324.187
324.232
324.276
324.32
324.362
324.401
324.436
324.47
324.502
324.534
324.566
324.596
324.626
324.656
324.684
324.713
324.74
324.767
324.794
324.82
324.846
324.871
324.896
324.92
324.943
324.966
324.988
325.011
325.033
325.055
325.078
325.102
325.127
325.151
325.174
325.197
325.22
325.242
325.262
325.283
325.303
325.323
325.343
325.362
325.382
325.401
325.421
325.441
325.46
325.48
325.499
325.518
325.537
325.556
325.575
325.595
325.616
325.638
325.663
325.691
325.725
325.777
325.891
326.175
320.481
320.858
321.244
321.578
321.866
322.116
322.335
322.528
322.7
322.855
322.994
323.121
323.236
323.342
323.439
323.529
323.612
323.689
323.76
323.826
323.887
323.944
323.999
324.05
324.1
324.148
324.195
324.24
324.285
324.328
324.37
324.409
324.445
324.48
324.513
324.546
324.578
324.609
324.639
324.669
324.698
324.726
324.754
324.781
324.807
324.833
324.858
324.884
324.909
324.934
324.958
324.981
325.004
325.027
325.049
325.072
325.094
325.117
325.139
325.161
325.184
325.206
325.229
325.25
325.271
325.292
325.312
325.332
325.353
325.373
325.392
325.412
325.432
325.452
325.472
325.491
325.511
325.531
325.55
325.569
325.589
325.609
325.629
325.651
325.675
325.703
325.737
325.789
325.904
326.19
320.482
320.86
321.246
321.579
321.867
322.117
322.337
322.53
322.703
322.857
322.997
323.124
323.239
323.345
323.442
323.532
323.615
323.692
323.763
323.829
323.89
323.948
324.003
324.056
324.106
324.155
324.202
324.247
324.292
324.335
324.376
324.414
324.451
324.485
324.519
324.552
324.584
324.616
324.646
324.676
324.705
324.734
324.761
324.789
324.815
324.84
324.866
324.891
324.916
324.942
324.966
324.991
325.014
325.037
325.06
325.082
325.105
325.127
325.149
325.17
325.192
325.214
325.237
325.258
325.279
325.3
325.32
325.341
325.361
325.382
325.402
325.422
325.442
325.462
325.482
325.502
325.522
325.542
325.562
325.582
325.602
325.622
325.643
325.665
325.689
325.716
325.75
325.802
325.917
326.204
320.483
320.861
321.247
321.58
321.868
322.119
322.338
322.532
322.705
322.86
322.999
323.126
323.241
323.347
323.445
323.534
323.617
323.694
323.765
323.832
323.894
323.952
324.008
324.061
324.112
324.16
324.208
324.254
324.298
324.34
324.38
324.418
324.455
324.489
324.523
324.556
324.589
324.621
324.651
324.681
324.71
324.739
324.767
324.794
324.82
324.846
324.871
324.897
324.922
324.948
324.973
324.997
325.021
325.045
325.068
325.09
325.113
325.135
325.157
325.179
325.2
325.222
325.244
325.266
325.287
325.307
325.328
325.349
325.37
325.39
325.411
325.431
325.451
325.471
325.491
325.512
325.532
325.552
325.573
325.594
325.614
325.635
325.656
325.679
325.703
325.73
325.764
325.816
325.932
326.22
320.484
320.861
321.248
321.581
321.87
322.12
322.34
322.534
322.707
322.861
323.001
323.128
323.243
323.349
323.446
323.536
323.619
323.696
323.768
323.834
323.897
323.956
324.012
324.066
324.117
324.166
324.213
324.259
324.303
324.344
324.384
324.422
324.458
324.493
324.527
324.56
324.593
324.625
324.656
324.686
324.715
324.744
324.772
324.799
324.825
324.851
324.877
324.903
324.928
324.954
324.979
325.003
325.028
325.051
325.075
325.098
325.12
325.143
325.165
325.187
325.208
325.23
325.252
325.273
325.294
325.315
325.336
325.357
325.378
325.399
325.42
325.44
325.461
325.481
325.501
325.522
325.543
325.564
325.585
325.606
325.627
325.649
325.67
325.693
325.718
325.745
325.779
325.832
325.949
326.238
320.484
320.862
321.248
321.582
321.87
322.121
322.341
322.535
322.708
322.863
323.003
323.129
323.245
323.351
323.448
323.538
323.621
323.698
323.77
323.837
323.9
323.96
324.016
324.07
324.121
324.171
324.218
324.263
324.307
324.348
324.388
324.425
324.462
324.497
324.531
324.565
324.597
324.629
324.66
324.69
324.72
324.748
324.777
324.804
324.831
324.857
324.883
324.909
324.934
324.96
324.985
325.01
325.034
325.058
325.081
325.105
325.128
325.15
325.173
325.195
325.216
325.238
325.26
325.281
325.302
325.324
325.345
325.366
325.387
325.408
325.429
325.45
325.47
325.491
325.512
325.533
325.554
325.575
325.597
325.619
325.641
325.663
325.685
325.708
325.733
325.761
325.795
325.849
325.966
326.257
320.485
320.863
321.249
321.583
321.871
322.122
322.342
322.536
322.709
322.864
323.004
323.131
323.246
323.352
323.45
323.54
323.623
323.7
323.773
323.84
323.904
323.964
324.021
324.075
324.126
324.176
324.223
324.268
324.311
324.353
324.392
324.43
324.467
324.502
324.537
324.57
324.603
324.635
324.666
324.696
324.726
324.755
324.783
324.811
324.838
324.865
324.891
324.917
324.943
324.968
324.993
325.018
325.042
325.066
325.09
325.113
325.137
325.16
325.182
325.204
325.226
325.248
325.27
325.291
325.313
325.334
325.355
325.377
325.398
325.419
325.44
325.461
325.482
325.503
325.524
325.545
325.566
325.588
325.61
325.632
325.654
325.677
325.7
325.724
325.749
325.777
325.811
325.865
325.982
326.272
320.485
320.863
321.249
321.584
321.872
322.123
322.343
322.538
322.711
322.867
323.007
323.134
323.25
323.356
323.454
323.544
323.628
323.706
323.778
323.846
323.911
323.971
324.029
324.083
324.135
324.185
324.232
324.277
324.32
324.362
324.401
324.44
324.477
324.513
324.548
324.582
324.615
324.647
324.679
324.709
324.739
324.768
324.797
324.825
324.853
324.88
324.906
324.933
324.959
324.984
325.01
325.035
325.059
325.083
325.107
325.131
325.155
325.178
325.2
325.223
325.245
325.267
325.289
325.311
325.332
325.354
325.375
325.397
325.418
325.44
325.461
325.482
325.503
325.524
325.545
325.566
325.587
325.609
325.631
325.653
325.676
325.699
325.722
325.746
325.772
325.8
325.834
325.886
326.001
326.286
320.486
320.865
321.253
321.588
321.878
322.131
322.352
322.548
322.722
322.879
323.02
323.149
323.266
323.373
323.472
323.564
323.649
323.728
323.802
323.872
323.937
323.999
324.057
324.113
324.166
324.216
324.265
324.311
324.355
324.397
324.438
324.478
324.516
324.553
324.589
324.624
324.658
324.691
324.724
324.756
324.787
324.817
324.846
324.876
324.904
324.932
324.96
324.987
325.014
325.041
325.067
325.093
325.118
325.143
325.168
325.192
325.216
325.24
325.264
325.288
325.311
325.333
325.356
325.378
325.401
325.423
325.445
325.467
325.489
325.511
325.533
325.555
325.577
325.598
325.62
325.641
325.663
325.685
325.708
325.73
325.753
325.777
325.8
325.825
325.851
325.879
325.913
325.963
326.071
326.341
320.492
320.877
321.271
321.613
321.908
322.166
322.393
322.594
322.774
322.935
323.081
323.214
323.336
323.448
323.551
323.646
323.735
323.819
323.897
323.97
324.039
324.105
324.167
324.226
324.282
324.336
324.387
324.436
324.484
324.529
324.573
324.616
324.658
324.698
324.737
324.775
324.812
324.848
324.883
324.918
324.952
324.985
325.017
325.049
325.081
325.112
325.142
325.172
325.202
325.231
325.259
325.287
325.315
325.343
325.37
325.397
325.423
325.45
325.476
325.501
325.527
325.552
325.577
325.601
325.626
325.65
325.675
325.699
325.723
325.747
325.771
325.795
325.818
325.842
325.865
325.889
325.913
325.937
325.961
325.985
326.01
326.034
326.06
326.086
326.113
326.143
326.177
326.226
326.322
326.557
)
;
        refGradient     uniform 0;
        valueFraction   nonuniform List<scalar> 
990
(
0.495766
0.495766
0.495766
0.495766
0.495766
0.495766
0.495766
0.495766
0.495766
0.495766
0.495766
0.495766
0.495766
0.495766
0.495766
0.495766
0.495766
0.495766
0.495766
0.495766
0.495766
0.495766
0.495766
0.495766
0.495766
0.495766
0.495766
0.495766
0.495766
0.495766
0.495766
0.495766
0.495766
0.495766
0.495766
0.495766
0.495766
0.495766
0.495766
0.495766
0.495766
0.495766
0.495766
0.495766
0.495766
0.495766
0.495766
0.495766
0.495766
0.495766
0.495766
0.495766
0.495766
0.495766
0.495766
0.495766
0.495766
0.495766
0.495766
0.495766
0.495766
0.495766
0.495766
0.495766
0.495766
0.495766
0.495766
0.495766
0.495766
0.495766
0.495766
0.495766
0.495766
0.495766
0.495766
0.495766
0.495766
0.495766
0.495766
0.495766
0.495766
0.495766
0.495766
0.495766
0.495766
0.495766
0.495766
0.495766
0.495766
0.495766
0.495766
0.495766
0.495766
0.495766
0.495766
0.495766
0.495766
0.495766
0.495766
0.495766
0.495766
0.495766
0.495766
0.495766
0.495766
0.495766
0.495766
0.495766
0.495766
0.495766
0.495766
0.495766
0.495766
0.495766
0.495766
0.495766
0.495766
0.495766
0.495766
0.495766
0.495766
0.495766
0.495766
0.495766
0.495766
0.495766
0.495766
0.495766
0.495766
0.495766
0.495766
0.495766
0.495766
0.495766
0.495766
0.495766
0.495766
0.495766
0.495766
0.495766
0.495766
0.495766
0.495766
0.495766
0.495766
0.495766
0.495766
0.495766
0.495766
0.495766
0.495766
0.495766
0.495766
0.495766
0.495766
0.495766
0.495766
0.495766
0.495766
0.495766
0.495766
0.495766
0.495766
0.495766
0.495766
0.495766
0.495766
0.495766
0.495766
0.495766
0.495766
0.495766
0.495766
0.495766
0.495766
0.495766
0.495766
0.495766
0.495766
0.495766
0.495766
0.495766
0.495766
0.495766
0.495766
0.495766
0.495766
0.495766
0.495766
0.495766
0.495766
0.495766
0.495766
0.495766
0.495766
0.495766
0.495766
0.495766
0.495766
0.495766
0.495766
0.495766
0.495766
0.495766
0.495766
0.495766
0.495766
0.495766
0.495766
0.495766
0.495766
0.495766
0.495766
0.495766
0.495766
0.495766
0.495766
0.495766
0.495766
0.495766
0.495766
0.495766
0.495766
0.495766
0.495766
0.495766
0.495766
0.495766
0.495766
0.495766
0.495766
0.495766
0.495766
0.495766
0.495766
0.495766
0.495766
0.495766
0.495766
0.495766
0.495766
0.495766
0.495766
0.495766
0.495766
0.495766
0.495766
0.495766
0.495766
0.495766
0.495766
0.495766
0.495766
0.495766
0.495766
0.495766
0.495766
0.495766
0.495766
0.495766
0.495766
0.495766
0.495766
0.495766
0.495766
0.495766
0.495766
0.495766
0.495766
0.495766
0.495766
0.495766
0.495766
0.495766
0.495766
0.495766
0.495766
0.495766
0.495766
0.495766
0.495766
0.495766
0.495766
0.495766
0.495766
0.495766
0.495766
0.495766
0.495766
0.495766
0.495766
0.495766
0.495766
0.495766
0.495766
0.495766
0.495766
0.495766
0.495766
0.495766
0.495766
0.495766
0.495766
0.495766
0.495766
0.495766
0.495766
0.495766
0.495766
0.495766
0.495766
0.495766
0.495766
0.495766
0.495766
0.495766
0.495766
0.495766
0.495766
0.495766
0.495766
0.495766
0.495766
0.495766
0.495766
0.495766
0.495766
0.495766
0.495766
0.495766
0.495766
0.495766
0.495766
0.495766
0.495766
0.495766
0.495766
0.495766
0.495766
0.495766
0.495766
0.495766
0.495766
0.495766
0.495766
0.495766
0.495766
0.495766
0.495766
0.495766
0.495766
0.495766
0.495766
0.495766
0.495766
0.495766
0.495766
0.495766
0.495766
0.495766
0.495766
0.495766
0.495766
0.495766
0.495766
0.495766
0.495766
0.495766
0.495766
0.495766
0.495766
0.495766
0.495766
0.495766
0.495766
0.495766
0.495766
0.495766
0.495766
0.495766
0.495766
0.495766
0.495766
0.495766
0.495766
0.495766
0.495766
0.495766
0.495766
0.495766
0.495766
0.495766
0.495766
0.495766
0.495766
0.495766
0.495766
0.495766
0.495766
0.495766
0.495766
0.495766
0.495766
0.495766
0.495766
0.495766
0.495766
0.495766
0.495766
0.495766
0.495766
0.495766
0.495766
0.495766
0.495766
0.495766
0.495766
0.495766
0.495766
0.495766
0.495766
0.495766
0.495766
0.495766
0.495766
0.495766
0.495766
0.495766
0.495766
0.495766
0.495766
0.495766
0.495766
0.495766
0.495766
0.495766
0.495766
0.495766
0.495766
0.495766
0.495766
0.495766
0.495766
0.495766
0.495766
0.495766
0.495766
0.495766
0.495766
0.495766
0.495766
0.495766
0.495766
0.495766
0.495766
0.495766
0.495766
0.495766
0.495766
0.495766
0.495766
0.495766
0.495766
0.495766
0.495766
0.495766
0.495766
0.495766
0.495766
0.495766
0.495766
0.495766
0.495766
0.495766
0.495766
0.495766
0.495766
0.495766
0.495766
0.495766
0.495766
0.495766
0.495766
0.495766
0.495766
0.495766
0.495766
0.495766
0.495766
0.495766
0.495766
0.495766
0.495766
0.495766
0.495766
0.495766
0.495766
0.495766
0.495766
0.495766
0.495766
0.495766
0.495766
0.495766
0.495766
0.495766
0.495766
0.495766
0.495766
0.495766
0.495766
0.495766
0.495766
0.495766
0.495766
0.495766
0.495766
0.495766
0.495766
0.495766
0.495766
0.495766
0.495766
0.495766
0.495766
0.495766
0.495766
0.495766
0.495766
0.495766
0.495766
0.495766
0.495766
0.495766
0.495766
0.495766
0.495766
0.495766
0.495766
0.495766
0.495766
0.495766
0.495766
0.495766
0.495766
0.495766
0.495766
0.495766
0.495766
0.495766
0.495766
0.495766
0.495766
0.495766
0.495766
0.495766
0.495766
0.495766
0.495766
0.495766
0.495766
0.495766
0.495766
0.495766
0.495766
0.495766
0.495766
0.495766
0.495766
0.495766
0.495766
0.495766
0.495766
0.495766
0.495766
0.495766
0.495766
0.495766
0.495766
0.495766
0.495766
0.495766
0.495766
0.495766
0.495766
0.495766
0.495766
0.495766
0.495766
0.495766
0.495766
0.495766
0.495766
0.495766
0.495766
0.495766
0.495766
0.495766
0.495766
0.495766
0.495766
0.495766
0.495766
0.495766
0.495766
0.495766
0.495766
0.495766
0.495766
0.495766
0.495766
0.495766
0.495766
0.495766
0.495766
0.495766
0.495766
0.495766
0.495766
0.495766
0.495766
0.495766
0.495766
0.495766
0.495766
0.495766
0.495766
0.495766
0.495766
0.495766
0.495766
0.495766
0.495766
0.495766
0.495766
0.495766
0.495766
0.495766
0.495766
0.495766
0.495766
0.495766
0.495766
0.495766
0.495766
0.495766
0.495766
0.495766
0.495766
0.495766
0.495766
0.495766
0.495766
0.495766
0.495766
0.495766
0.495766
0.495766
0.495766
0.495766
0.495766
0.495766
0.495766
0.495766
0.495766
0.495766
0.495766
0.495766
0.495766
0.495766
0.495766
0.495766
0.495766
0.495766
0.495766
0.495766
0.495766
0.495766
0.495766
0.495766
0.495766
0.495766
0.495766
0.495766
0.495766
0.495766
0.495766
0.495766
0.495766
0.495766
0.495766
0.495766
0.495766
0.495766
0.495766
0.495766
0.495766
0.495766
0.495766
0.495766
0.495766
0.495766
0.495766
0.495766
0.495766
0.495766
0.495766
0.495766
0.495766
0.495766
0.495766
0.495766
0.495766
0.495766
0.495766
0.495766
0.495766
0.495766
0.495766
0.495766
0.495766
0.495766
0.495766
0.495766
0.495766
0.495766
0.495766
0.495766
0.495766
0.495766
0.495766
0.495766
0.495766
0.495766
0.495766
0.495766
0.495766
0.495766
0.495766
0.495766
0.495766
0.495766
0.495766
0.495766
0.495766
0.495766
0.495766
0.495766
0.495766
0.495766
0.495766
0.495766
0.495766
0.495766
0.495766
0.495766
0.495766
0.495766
0.495766
0.495766
0.495766
0.495766
0.495766
0.495766
0.495766
0.495766
0.495766
0.495766
0.495766
0.495766
0.495766
0.495766
0.495766
0.495766
0.495766
0.495766
0.495766
0.495766
0.495766
0.495766
0.495766
0.495766
0.495766
0.495766
0.495766
0.495766
0.495766
0.495766
0.495766
0.495766
0.495766
0.495766
0.495766
0.495766
0.495766
0.495766
0.495766
0.495766
0.495766
0.495766
0.495766
0.495766
0.495766
0.495766
0.495766
0.495766
0.495766
0.495766
0.495766
0.495766
0.495766
0.495766
0.495766
0.495766
0.495766
0.495766
0.495766
0.495766
0.495766
0.495766
0.495766
0.495766
0.495766
0.495766
0.495766
0.495766
0.495766
0.495766
0.495766
0.495766
0.495766
0.495766
0.495766
0.495766
0.495766
0.495766
0.495766
0.495766
0.495766
0.495766
0.495766
0.495766
0.495766
0.495766
0.495766
0.495766
0.495766
0.495766
0.495766
0.495766
0.495766
0.495766
0.495766
0.495766
0.495766
0.495766
0.495766
0.495766
0.495766
0.495766
0.495766
0.495766
0.495766
0.495766
0.495766
0.495766
0.495766
0.495766
0.495766
0.495766
0.495766
0.495766
0.495766
0.495766
0.495766
0.495766
0.495766
0.495766
0.495766
0.495766
0.495766
0.495766
0.495766
0.495766
0.495766
0.495766
0.495766
0.495766
0.495766
0.495766
0.495766
0.495766
0.495766
0.495766
0.495766
0.495766
0.495766
0.495766
0.495766
0.495766
0.495766
0.495766
0.495766
0.495766
0.495766
0.495766
0.495766
0.495766
0.495766
0.495766
0.495766
0.495766
0.495766
0.495766
0.495766
0.495766
0.495766
0.495766
0.495766
0.495766
0.495766
0.495766
0.495766
0.495766
0.495766
0.495766
0.495766
0.495766
0.495766
0.495766
0.495766
0.495766
0.495766
0.495766
0.495766
0.495766
0.495766
0.495766
0.495766
0.495766
0.495766
0.495766
0.495766
0.495766
0.495766
0.495766
0.495766
0.495766
0.495766
0.495766
0.495766
0.495766
0.495766
0.495766
0.495766
0.495766
0.495766
0.495766
0.495766
0.495766
0.495766
0.495766
0.495766
0.495766
0.495766
0.495766
0.495766
0.495766
0.495766
0.495766
0.495766
0.495766
0.495766
0.495766
0.495766
0.495766
0.495766
0.495766
0.495766
0.495766
0.495766
0.495766
0.495766
0.495766
0.495766
0.495766
0.495766
0.495766
0.495766
0.495766
)
;
        value           nonuniform List<scalar> 
990
(
321.063
321.461
321.861
322.204
322.5
322.757
322.982
323.18
323.357
323.515
323.658
323.788
323.906
324.015
324.115
324.208
324.293
324.373
324.446
324.513
324.576
324.634
324.689
324.741
324.791
324.839
324.886
324.931
324.977
325.021
325.064
325.102
325.126
325.158
325.191
325.223
325.254
325.285
325.315
325.345
325.374
325.403
325.431
325.459
325.488
325.515
325.542
325.568
325.593
325.617
325.639
325.661
325.684
325.706
325.729
325.753
325.777
325.806
325.846
325.875
325.9
325.923
325.947
325.969
325.99
326.011
326.031
326.051
326.071
326.091
326.111
326.131
326.151
326.171
326.191
326.21
326.23
326.249
326.268
326.288
326.308
326.328
326.349
326.373
326.398
326.427
326.462
326.514
326.63
326.933
321.065
321.463
321.863
322.207
322.503
322.76
322.985
323.183
323.36
323.519
323.662
323.792
323.911
324.02
324.12
324.212
324.298
324.377
324.45
324.518
324.581
324.639
324.695
324.747
324.798
324.846
324.894
324.94
324.986
325.031
325.074
325.114
325.151
325.186
325.219
325.253
325.285
325.316
325.347
325.377
325.407
325.436
325.464
325.492
325.52
325.547
325.573
325.599
325.625
325.649
325.673
325.696
325.719
325.742
325.765
325.788
325.811
325.836
325.861
325.885
325.909
325.932
325.956
325.978
326
326.02
326.041
326.061
326.082
326.102
326.122
326.142
326.162
326.182
326.202
326.222
326.242
326.262
326.281
326.3
326.32
326.34
326.361
326.383
326.408
326.437
326.472
326.524
326.64
326.945
321.067
321.465
321.865
322.208
322.504
322.762
322.987
323.186
323.363
323.522
323.665
323.796
323.914
324.023
324.123
324.216
324.301
324.38
324.454
324.521
324.584
324.643
324.699
324.753
324.804
324.853
324.901
324.948
324.994
325.039
325.082
325.122
325.159
325.195
325.229
325.262
325.296
325.328
325.359
325.389
325.419
325.448
325.477
325.505
325.531
325.558
325.584
325.61
325.636
325.662
325.686
325.711
325.734
325.757
325.78
325.803
325.826
325.849
325.872
325.895
325.918
325.941
325.964
325.986
326.008
326.029
326.05
326.07
326.091
326.112
326.132
326.152
326.172
326.193
326.213
326.233
326.253
326.273
326.293
326.313
326.333
326.353
326.374
326.396
326.421
326.449
326.484
326.537
326.653
326.959
321.068
321.466
321.866
322.209
322.506
322.763
322.988
323.188
323.365
323.524
323.668
323.798
323.917
324.026
324.126
324.219
324.304
324.383
324.456
324.524
324.587
324.647
324.704
324.758
324.809
324.859
324.908
324.955
325.001
325.045
325.087
325.127
325.164
325.2
325.234
325.268
325.302
325.334
325.365
325.396
325.426
325.455
325.484
325.512
325.538
325.565
325.591
325.617
325.643
325.669
325.694
325.719
325.743
325.767
325.79
325.813
325.836
325.859
325.881
325.904
325.926
325.948
325.971
325.994
326.015
326.036
326.057
326.078
326.099
326.12
326.141
326.161
326.181
326.202
326.222
326.243
326.263
326.284
326.304
326.325
326.345
326.366
326.387
326.41
326.434
326.462
326.497
326.55
326.667
326.974
321.068
321.467
321.867
322.21
322.507
322.764
322.99
323.189
323.367
323.526
323.67
323.8
323.919
324.028
324.128
324.22
324.306
324.385
324.458
324.526
324.59
324.651
324.708
324.762
324.815
324.865
324.913
324.961
325.006
325.05
325.091
325.13
325.167
325.203
325.238
325.272
325.306
325.338
325.37
325.401
325.431
325.46
325.489
325.517
325.544
325.57
325.596
325.622
325.648
325.674
325.7
325.725
325.75
325.774
325.798
325.821
325.844
325.867
325.889
325.912
325.934
325.956
325.978
326
326.022
326.043
326.065
326.086
326.107
326.128
326.149
326.17
326.19
326.211
326.231
326.252
326.273
326.294
326.315
326.336
326.357
326.379
326.401
326.424
326.448
326.476
326.511
326.564
326.682
326.99
321.069
321.467
321.867
322.211
322.507
322.765
322.991
323.191
323.368
323.528
323.671
323.802
323.921
324.03
324.13
324.222
324.308
324.387
324.46
324.529
324.593
324.654
324.712
324.767
324.819
324.87
324.919
324.966
325.011
325.054
325.095
325.133
325.171
325.207
325.242
325.276
325.31
325.342
325.374
325.405
325.435
325.464
325.493
325.521
325.548
325.575
325.601
325.628
325.654
325.68
325.706
325.731
325.756
325.78
325.804
325.828
325.851
325.874
325.897
325.919
325.941
325.963
325.986
326.008
326.029
326.051
326.072
326.094
326.115
326.136
326.157
326.178
326.199
326.22
326.241
326.262
326.283
326.305
326.326
326.348
326.37
326.392
326.414
326.438
326.463
326.491
326.525
326.579
326.698
327.007
321.07
321.468
321.868
322.212
322.508
322.766
322.992
323.192
323.37
323.529
323.673
323.803
323.922
324.031
324.131
324.224
324.309
324.388
324.462
324.531
324.596
324.657
324.716
324.771
324.824
324.875
324.923
324.97
325.015
325.057
325.098
325.137
325.174
325.21
325.246
325.28
325.314
325.346
325.378
325.409
325.439
325.469
325.498
325.526
325.553
325.58
325.607
325.633
325.66
325.686
325.712
325.737
325.762
325.786
325.811
325.834
325.858
325.881
325.904
325.927
325.949
325.971
325.993
326.015
326.037
326.059
326.08
326.102
326.123
326.145
326.166
326.188
326.209
326.23
326.251
326.272
326.294
326.316
326.338
326.36
326.383
326.405
326.429
326.452
326.478
326.507
326.541
326.595
326.715
327.025
321.07
321.468
321.868
322.212
322.509
322.767
322.993
323.193
323.371
323.53
323.674
323.804
323.923
324.032
324.133
324.225
324.311
324.39
324.465
324.534
324.6
324.661
324.72
324.776
324.829
324.879
324.928
324.975
325.019
325.061
325.102
325.141
325.179
325.215
325.251
325.285
325.319
325.352
325.384
325.415
325.445
325.475
325.504
325.533
325.56
325.588
325.615
325.641
325.668
325.694
325.72
325.745
325.77
325.795
325.819
325.843
325.867
325.89
325.913
325.936
325.958
325.981
326.003
326.025
326.047
326.069
326.09
326.112
326.134
326.156
326.177
326.199
326.22
326.241
326.262
326.284
326.305
326.328
326.35
326.373
326.396
326.419
326.442
326.467
326.493
326.522
326.557
326.61
326.73
327.039
321.07
321.469
321.869
322.213
322.51
322.768
322.994
323.194
323.372
323.532
323.676
323.807
323.926
324.036
324.136
324.229
324.315
324.395
324.47
324.54
324.606
324.668
324.727
324.783
324.837
324.888
324.936
324.983
325.027
325.07
325.111
325.15
325.188
325.225
325.261
325.296
325.33
325.363
325.396
325.427
325.458
325.488
325.517
325.546
325.574
325.602
325.629
325.657
325.683
325.71
325.736
325.761
325.786
325.811
325.836
325.86
325.884
325.908
325.931
325.954
325.977
325.999
326.022
326.044
326.066
326.088
326.11
326.132
326.153
326.175
326.197
326.218
326.24
326.261
326.282
326.304
326.326
326.348
326.37
326.393
326.416
326.439
326.463
326.488
326.514
326.543
326.578
326.63
326.747
327.051
321.071
321.471
321.872
322.217
322.516
322.775
323.002
323.204
323.383
323.544
323.69
323.822
323.942
324.053
324.154
324.248
324.336
324.417
324.493
324.565
324.632
324.696
324.756
324.813
324.867
324.919
324.969
325.016
325.062
325.105
325.147
325.188
325.227
325.265
325.302
325.338
325.373
325.407
325.441
325.473
325.505
325.536
325.566
325.596
325.626
325.654
325.683
325.711
325.739
325.766
325.793
325.819
325.845
325.871
325.896
325.921
325.946
325.97
325.994
326.018
326.042
326.065
326.088
326.111
326.134
326.157
326.179
326.202
326.224
326.247
326.269
326.291
326.313
326.335
326.357
326.379
326.402
326.424
326.447
326.47
326.493
326.517
326.541
326.566
326.593
326.622
326.656
326.707
326.816
327.104
321.078
321.484
321.892
322.243
322.548
322.813
323.046
323.253
323.438
323.604
323.755
323.892
324.017
324.132
324.238
324.337
324.428
324.514
324.594
324.67
324.741
324.809
324.873
324.934
324.992
325.047
325.1
325.151
325.199
325.246
325.292
325.336
325.379
325.42
325.46
325.5
325.538
325.575
325.611
325.647
325.682
325.716
325.749
325.782
325.815
325.846
325.878
325.909
325.939
325.969
325.998
326.027
326.056
326.084
326.112
326.14
326.167
326.194
326.221
326.247
326.273
326.299
326.325
326.35
326.375
326.4
326.425
326.45
326.474
326.499
326.523
326.548
326.572
326.596
326.62
326.644
326.668
326.693
326.717
326.742
326.767
326.793
326.818
326.845
326.873
326.904
326.939
326.988
327.085
327.335
)
;
        Tnbr            T;
        qrNbr           none;
        qr              none;
        thermalInertia  false;
        thicknessLayers List<scalar> 0();
        kappaLayers     List<scalar> 0();
        kappaMethod     solidThermo;
        kappa           none;
        alphaAni        none;
        alpha           none;
    }
    asphalt_to_air
    {
        type            compressible::turbulentTemperatureRadCoupledMixed;
        refValue        nonuniform List<scalar> 
990
(
310.211
310.408
310.585
310.746
310.895
311.033
311.163
311.285
311.4
311.509
311.612
311.711
311.806
311.897
311.985
312.069
312.151
312.231
312.308
312.383
312.455
312.527
312.596
312.664
312.731
312.796
312.86
312.923
312.984
313.045
313.105
313.164
313.222
313.28
313.336
313.392
313.447
313.501
313.555
313.608
313.66
313.712
313.763
313.813
313.863
313.912
313.96
314.008
314.055
314.102
314.148
314.194
314.238
314.283
314.326
314.37
314.412
314.454
314.496
314.537
314.578
314.619
314.659
314.698
314.737
314.776
314.814
314.851
314.888
314.925
314.962
314.998
315.033
315.069
315.104
315.139
315.173
315.207
315.241
315.275
315.309
315.342
315.376
315.409
315.442
315.476
315.51
315.544
315.581
315.625
310.211
310.408
310.585
310.746
310.895
311.033
311.163
311.285
311.4
311.509
311.612
311.711
311.806
311.897
311.985
312.07
312.151
312.231
312.308
312.383
312.456
312.527
312.596
312.664
312.731
312.796
312.86
312.923
312.985
313.045
313.105
313.165
313.223
313.28
313.337
313.392
313.447
313.502
313.555
313.608
313.661
313.712
313.763
313.813
313.863
313.912
313.961
314.009
314.056
314.103
314.149
314.194
314.239
314.284
314.327
314.371
314.414
314.456
314.498
314.539
314.58
314.62
314.66
314.7
314.739
314.777
314.815
314.853
314.891
314.928
314.964
315
315.036
315.072
315.107
315.142
315.177
315.212
315.246
315.28
315.314
315.348
315.382
315.415
315.449
315.483
315.517
315.552
315.59
315.633
310.211
310.408
310.585
310.746
310.895
311.033
311.163
311.284
311.4
311.509
311.612
311.711
311.806
311.897
311.985
312.07
312.151
312.231
312.308
312.383
312.456
312.527
312.596
312.664
312.731
312.796
312.86
312.923
312.985
313.046
313.106
313.165
313.223
313.28
313.337
313.392
313.447
313.502
313.555
313.608
313.66
313.712
313.763
313.813
313.863
313.912
313.96
314.008
314.056
314.102
314.148
314.194
314.239
314.283
314.327
314.371
314.414
314.456
314.498
314.539
314.58
314.621
314.661
314.7
314.739
314.778
314.817
314.854
314.892
314.929
314.966
315.003
315.039
315.075
315.111
315.146
315.181
315.216
315.251
315.286
315.32
315.355
315.389
315.423
315.458
315.492
315.527
315.563
315.601
315.646
310.211
310.408
310.585
310.746
310.895
311.033
311.163
311.284
311.399
311.509
311.612
311.711
311.806
311.897
311.985
312.069
312.151
312.231
312.308
312.382
312.455
312.527
312.596
312.664
312.731
312.796
312.86
312.923
312.985
313.046
313.106
313.165
313.223
313.28
313.337
313.392
313.447
313.502
313.555
313.608
313.66
313.712
313.763
313.813
313.863
313.912
313.96
314.008
314.055
314.102
314.148
314.193
314.239
314.283
314.327
314.37
314.413
314.456
314.498
314.539
314.58
314.621
314.661
314.7
314.74
314.779
314.817
314.855
314.893
314.93
314.967
315.004
315.041
315.077
315.113
315.149
315.184
315.219
315.255
315.29
315.325
315.36
315.395
315.43
315.465
315.5
315.536
315.572
315.611
315.656
310.211
310.408
310.585
310.746
310.895
311.033
311.163
311.284
311.399
311.509
311.612
311.711
311.806
311.897
311.985
312.069
312.151
312.231
312.308
312.382
312.455
312.526
312.596
312.664
312.731
312.796
312.86
312.923
312.985
313.046
313.106
313.165
313.223
313.28
313.337
313.392
313.447
313.501
313.555
313.608
313.66
313.711
313.762
313.812
313.862
313.911
313.959
314.007
314.054
314.101
314.147
314.193
314.238
314.282
314.326
314.37
314.413
314.455
314.497
314.538
314.58
314.62
314.66
314.7
314.739
314.778
314.817
314.855
314.893
314.931
314.968
315.005
315.042
315.078
315.115
315.151
315.187
315.222
315.258
315.294
315.329
315.365
315.401
315.436
315.472
315.508
315.545
315.582
315.622
315.668
310.211
310.408
310.585
310.746
310.895
311.033
311.163
311.284
311.399
311.508
311.612
311.711
311.806
311.897
311.985
312.069
312.151
312.23
312.307
312.382
312.455
312.526
312.596
312.664
312.731
312.796
312.86
312.923
312.985
313.046
313.106
313.165
313.223
313.28
313.337
313.392
313.447
313.501
313.555
313.608
313.66
313.711
313.762
313.812
313.862
313.911
313.959
314.007
314.054
314.101
314.147
314.193
314.238
314.282
314.326
314.37
314.413
314.455
314.497
314.539
314.58
314.62
314.661
314.7
314.74
314.779
314.818
314.856
314.894
314.932
314.969
315.006
315.043
315.08
315.117
315.153
315.189
315.225
315.261
315.298
315.334
315.37
315.406
315.442
315.479
315.515
315.553
315.591
315.632
315.679
310.211
310.408
310.585
310.746
310.895
311.033
311.163
311.284
311.399
311.508
311.612
311.711
311.806
311.897
311.985
312.069
312.151
312.23
312.307
312.382
312.455
312.526
312.596
312.664
312.731
312.796
312.86
312.923
312.985
313.046
313.106
313.165
313.223
313.28
313.336
313.392
313.447
313.501
313.555
313.607
313.659
313.711
313.762
313.812
313.861
313.91
313.959
314.006
314.054
314.1
314.146
314.192
314.237
314.281
314.325
314.369
314.412
314.454
314.496
314.538
314.579
314.62
314.66
314.7
314.739
314.778
314.817
314.855
314.893
314.931
314.969
315.006
315.043
315.08
315.117
315.153
315.19
315.226
315.262
315.299
315.335
315.372
315.408
315.445
315.482
315.52
315.558
315.597
315.638
315.687
310.211
310.408
310.585
310.746
310.895
311.033
311.163
311.284
311.399
311.508
311.612
311.711
311.806
311.897
311.985
312.069
312.151
312.23
312.307
312.382
312.455
312.526
312.596
312.664
312.731
312.796
312.86
312.923
312.985
313.046
313.106
313.165
313.223
313.28
313.337
313.392
313.447
313.501
313.555
313.608
313.66
313.711
313.762
313.812
313.862
313.91
313.959
314.007
314.054
314.1
314.146
314.192
314.237
314.281
314.325
314.368
314.411
314.454
314.496
314.537
314.578
314.619
314.659
314.698
314.738
314.777
314.815
314.853
314.891
314.929
314.966
315.003
315.04
315.076
315.112
315.149
315.185
315.221
315.257
315.293
315.329
315.365
315.401
315.438
315.474
315.512
315.549
315.588
315.63
315.678
310.211
310.408
310.585
310.746
310.895
311.033
311.163
311.284
311.399
311.508
311.612
311.711
311.806
311.897
311.984
312.069
312.151
312.23
312.307
312.382
312.455
312.526
312.596
312.664
312.731
312.796
312.86
312.923
312.985
313.046
313.106
313.165
313.223
313.28
313.336
313.392
313.447
313.501
313.554
313.607
313.659
313.71
313.761
313.811
313.861
313.909
313.958
314.005
314.052
314.099
314.144
314.19
314.234
314.279
314.322
314.365
314.408
314.45
314.492
314.533
314.573
314.614
314.653
314.693
314.731
314.77
314.808
314.845
314.883
314.92
314.956
314.993
315.029
315.064
315.1
315.135
315.171
315.206
315.241
315.276
315.311
315.346
315.381
315.416
315.452
315.488
315.524
315.562
315.602
315.649
310.211
310.408
310.585
310.746
310.895
311.033
311.163
311.285
311.4
311.509
311.612
311.711
311.806
311.897
311.985
312.07
312.152
312.231
312.308
312.383
312.457
312.528
312.598
312.666
312.733
312.798
312.863
312.926
312.988
313.049
313.109
313.168
313.226
313.284
313.34
313.396
313.451
313.505
313.559
313.612
313.664
313.715
313.766
313.816
313.866
313.915
313.963
314.011
314.058
314.104
314.15
314.196
314.24
314.285
314.328
314.371
314.414
314.456
314.498
314.539
314.579
314.619
314.659
314.698
314.736
314.774
314.812
314.849
314.886
314.923
314.959
314.995
315.03
315.066
315.101
315.135
315.17
315.204
315.238
315.272
315.306
315.34
315.374
315.409
315.443
315.477
315.512
315.548
315.587
315.631
310.211
310.408
310.585
310.746
310.896
311.035
311.165
311.287
311.403
311.512
311.617
311.716
311.812
311.904
311.992
312.077
312.16
312.24
312.318
312.394
312.468
312.54
312.61
312.68
312.747
312.814
312.879
312.943
313.006
313.067
313.128
313.188
313.248
313.306
313.363
313.42
313.476
313.531
313.585
313.639
313.692
313.745
313.796
313.847
313.898
313.948
313.997
314.046
314.094
314.141
314.188
314.234
314.28
314.325
314.369
314.413
314.457
314.5
314.542
314.584
314.625
314.666
314.706
314.746
314.785
314.824
314.862
314.9
314.938
314.975
315.011
315.048
315.084
315.119
315.155
315.189
315.224
315.259
315.293
315.327
315.361
315.395
315.429
315.463
315.498
315.532
315.567
315.602
315.64
315.684
)
;
        refGradient     nonuniform List<scalar> 
990
(
71.2774
69.045
67.305
65.7762
64.4602
63.3183
62.3184
61.4342
60.6448
59.9352
59.294
58.7123
58.1823
57.6975
57.2523
56.8415
56.4604
56.1045
55.7701
55.4544
55.1555
54.8726
54.6054
54.3538
54.1168
53.8935
53.6834
53.4868
53.3044
53.1359
52.979
52.8341
52.7099
52.5665
52.4182
52.2729
52.1281
51.9892
51.8564
51.7272
51.6007
51.4769
51.3554
51.2348
51.1217
51.0095
50.8973
50.7861
50.6744
50.5608
50.446
50.3322
50.2218
50.1153
50.0122
49.9112
49.8112
49.7083
49.5907
49.4927
49.4042
49.3176
49.234
49.1492
49.0609
48.9724
48.8846
48.7971
48.7095
48.6216
48.5335
48.446
48.3593
48.2733
48.1879
48.1029
48.0184
47.9343
47.851
47.771
47.6984
47.6365
47.5828
47.5278
47.4614
47.382
47.2988
47.2321
47.3082
48.3552
71.2741
69.0419
67.3022
65.7737
64.4577
63.3154
62.315
61.4303
60.6408
59.9312
59.2901
58.7083
58.1782
57.6933
57.248
56.8371
56.4557
56.0996
55.7649
55.449
55.1504
54.8683
54.6025
54.3524
54.117
53.8952
53.6867
53.4918
53.3105
53.1412
52.98
52.8239
52.6715
52.5181
52.3667
52.2199
52.0787
51.9416
51.8081
51.678
51.551
51.4267
51.305
51.1852
51.067
50.9512
50.8377
50.7265
50.6164
50.5063
50.396
50.2859
50.1775
50.0714
49.9678
49.8664
49.7668
49.6691
49.569
49.4756
49.3866
49.2989
49.2182
49.1327
49.0443
48.9556
48.8675
48.7801
48.6927
48.6052
48.5177
48.4305
48.3442
48.2586
48.1733
48.0877
48.0016
47.9151
47.8297
47.7483
47.6748
47.6112
47.5548
47.4969
47.4286
47.3487
47.2659
47.1999
47.2766
48.3245
71.2767
69.0458
67.3074
65.7801
64.4649
63.3229
62.3222
61.4368
60.6467
59.9368
59.2955
58.7137
58.1838
57.6992
57.2541
56.8433
56.462
56.1057
55.771
55.4554
55.1577
54.8771
54.6131
54.3649
54.1311
53.9109
53.704
53.5103
53.3291
53.1579
52.9927
52.8308
52.6713
52.5144
52.362
52.2147
52.0754
51.9391
51.8052
51.6745
51.547
51.4225
51.3006
51.1812
51.0604
50.9425
50.8282
50.7164
50.607
50.4992
50.3922
50.2854
50.1791
50.074
49.9706
49.8693
49.7698
49.6726
49.5747
49.4809
49.3903
49.3012
49.2185
49.1321
49.0435
48.9547
48.8664
48.7787
48.6914
48.604
48.5165
48.4292
48.3426
48.2569
48.1716
48.086
47.9995
47.912
47.8243
47.7389
47.6593
47.5876
47.5224
47.4571
47.3845
47.3027
47.2186
47.1512
47.227
48.2744
71.281
69.0516
67.3148
65.789
64.4749
63.3331
62.3316
61.4452
60.6543
59.9439
59.3027
58.7212
58.1918
57.7076
57.2628
56.8521
56.4707
56.1144
55.78
55.4651
55.1687
54.8899
54.628
54.3815
54.1493
53.9305
53.7246
53.5314
53.3493
53.1753
53.0064
52.8406
52.6782
52.5202
52.3677
52.2203
52.0814
51.9452
51.8109
51.6798
51.552
51.4272
51.3051
51.1857
51.0641
50.9454
50.8305
50.7184
50.6091
50.5024
50.3973
50.2927
50.1883
50.0843
49.9816
49.8807
49.7815
49.6842
49.5872
49.4926
49.4004
49.3099
49.2242
49.1369
49.0482
48.9593
48.8709
48.7831
48.6956
48.6083
48.5209
48.4334
48.3465
48.2603
48.1748
48.0895
48.0038
47.917
47.8291
47.741
47.655
47.5732
47.4958
47.4197
47.3401
47.255
47.1691
47.0998
47.174
48.2191
71.2836
69.0553
67.3198
65.7952
64.4818
63.3397
62.3372
61.4498
60.6582
59.9478
59.3069
58.726
58.197
57.7132
57.2685
56.8579
56.4764
56.1202
55.7862
55.4724
55.1775
54.9007
54.6406
54.3957
54.1647
53.9468
53.7415
53.5478
53.3638
53.1869
53.0147
52.8465
52.6828
52.5246
52.3723
52.2249
52.0854
51.9487
51.8142
51.6828
51.5547
51.4297
51.3073
51.1877
51.0662
50.9475
50.8325
50.7203
50.6109
50.5044
50.4
50.2965
50.1933
50.0904
49.9885
49.8882
49.7895
49.6922
49.5958
49.5006
49.4074
49.3157
49.2275
49.1392
49.0503
48.9614
48.8729
48.7849
48.6973
48.6099
48.5224
48.4347
48.3471
48.2601
48.1738
48.0883
48.0031
47.9174
47.8307
47.7423
47.6529
47.5636
47.4758
47.3892
47.3018
47.2124
47.1237
47.0517
47.1235
48.1651
71.2833
69.0555
67.3206
65.7964
64.4831
63.3404
62.3371
61.449
60.6573
59.9471
59.3067
58.7262
58.1975
57.7138
57.2691
56.8583
56.4768
56.1208
55.7874
55.4749
55.1817
54.9066
54.6479
54.4041
54.1738
53.9564
53.7509
53.556
53.3698
53.1901
53.0154
52.8458
52.6817
52.5238
52.3716
52.2241
52.0835
51.9461
51.8112
51.6796
51.5513
51.426
51.3032
51.1832
51.0624
50.9441
50.8293
50.7172
50.6077
50.501
50.3964
50.2931
50.1904
50.0882
49.9872
49.8875
49.7891
49.692
49.5959
49.5006
49.4069
49.3145
49.2247
49.1355
49.0464
48.9576
48.8692
48.7813
48.6938
48.6065
48.5189
48.431
48.3429
48.255
48.1676
48.0812
47.9957
47.9106
47.8251
47.7379
47.6485
47.5569
47.4641
47.3713
47.2786
47.1855
47.0939
47.0183
47.0866
48.1226
71.2811
69.0531
67.3181
65.794
64.4804
63.3373
62.3337
61.4455
60.654
59.9442
59.3041
58.7238
58.1952
57.7115
57.2668
56.8559
56.4745
56.1189
55.7865
55.4753
55.1836
54.9099
54.6523
54.4092
54.1793
53.9619
53.7557
53.5594
53.3711
53.1892
53.0131
52.843
52.6791
52.5214
52.3693
52.2218
52.08
51.9419
51.8068
51.6751
51.5466
51.4211
51.298
51.1776
51.0576
50.9401
50.8256
50.7137
50.6043
50.4972
50.3921
50.2885
50.186
50.0844
49.984
49.8849
49.787
49.6902
49.5944
49.4994
49.4055
49.3128
49.222
49.1321
49.0429
48.9544
48.8664
48.779
48.6919
48.6049
48.5178
48.4302
48.3419
48.2532
48.1647
48.0771
47.9904
47.9045
47.8189
47.7324
47.6442
47.5537
47.4613
47.3679
47.2742
47.1801
47.0865
47.007
47.0708
48.0992
71.2782
69.0497
67.3144
65.79
64.4762
63.333
62.3294
61.4413
60.65
59.9404
59.3004
58.7201
58.1916
57.7078
57.2631
56.8523
56.4711
56.1162
55.7848
55.4749
55.1845
54.9119
54.6549
54.4122
54.1824
53.9647
53.7577
53.5599
53.3699
53.1867
53.0101
52.8401
52.6766
52.5192
52.3671
52.2196
52.0771
51.9384
51.8033
51.6715
51.543
51.4174
51.2943
51.1737
51.0545
50.9378
50.8239
50.7124
50.6032
50.496
50.3906
50.2867
50.1842
50.0831
49.9834
49.8851
49.7879
49.6919
49.5968
49.5026
49.4092
49.3169
49.2257
49.1357
49.0467
48.9587
48.8714
48.7849
48.6991
48.6135
48.528
48.442
48.3554
48.2681
48.1806
48.0934
48.0067
47.9206
47.8346
47.7481
47.6602
47.5708
47.48
47.3885
47.2968
47.2046
47.1122
47.0316
47.0909
48.1093
71.2752
69.0458
67.3099
65.7851
64.471
63.3276
62.324
61.436
60.6447
59.9352
59.2953
58.7152
58.1868
57.7032
57.2587
56.8482
56.4677
56.1136
55.7834
55.4748
55.1856
54.9138
54.6574
54.415
54.1853
53.9673
53.7597
53.561
53.3703
53.1869
53.0106
52.8412
52.6783
52.5213
52.3695
52.2223
52.0795
51.9408
51.806
51.6746
51.5464
51.4211
51.2984
51.1781
51.0601
50.9446
50.8316
50.7209
50.6124
50.5056
50.4004
50.2968
50.1948
50.0945
49.9958
49.8986
49.8026
49.7079
49.6143
49.5217
49.43
49.3392
49.2493
49.1605
49.0728
48.9861
48.9003
48.8154
48.731
48.6472
48.5635
48.4796
48.3954
48.3108
48.226
48.1415
48.0574
47.9738
47.8903
47.8063
47.7211
47.6347
47.5473
47.4594
47.3714
47.283
47.1933
47.1112
47.1611
48.1623
71.2735
69.0461
67.3117
65.7884
64.4759
63.3342
62.3323
61.446
60.6565
59.9488
59.3107
58.7325
58.2059
57.7241
57.2814
56.8729
56.4945
56.1428
55.8151
55.5089
55.2219
54.952
54.6974
54.4565
54.2282
54.0112
53.8044
53.6066
53.4169
53.235
53.0605
52.8929
52.7318
52.5763
52.4259
52.2803
52.1387
52.0014
51.868
51.7381
51.6114
51.4876
51.3664
51.2477
51.1317
51.0182
50.9071
50.7982
50.6913
50.5861
50.4825
50.3804
50.28
50.1814
50.0845
49.9891
49.8951
49.8025
49.7112
49.621
49.5318
49.4436
49.3562
49.2698
49.1846
49.1005
49.0174
48.9351
48.8535
48.7725
48.6917
48.611
48.5301
48.449
48.368
48.2871
48.2068
48.1268
48.0469
47.9665
47.8854
47.8033
47.7207
47.6378
47.5553
47.4728
47.3889
47.3072
47.3392
48.2943
71.3167
69.1384
67.4443
65.9574
64.6781
63.5669
62.5932
61.7334
60.9686
60.2843
59.6684
59.1111
58.6046
58.1421
57.7179
57.3274
56.9666
56.6321
56.321
56.0307
55.7589
55.5036
55.263
55.0358
54.8207
54.6165
54.4222
54.2369
54.0599
53.8907
53.7288
53.5735
53.4241
53.2801
53.141
53.0065
52.876
52.7495
52.6268
52.5074
52.3911
52.2777
52.1668
52.0584
51.9528
51.8495
51.7483
51.6491
51.5517
51.4559
51.3616
51.2688
51.1777
51.0882
51.0002
50.9136
50.8284
50.7445
50.662
50.5806
50.5003
50.421
50.3424
50.2648
50.1882
50.1126
50.0379
49.9639
49.8905
49.8176
49.7451
49.6728
49.6005
49.5283
49.4562
49.3842
49.3124
49.2407
49.1687
49.0962
49.0228
48.9487
48.8739
48.7987
48.7231
48.647
48.5691
48.4891
48.4871
49.2333
)
;
        valueFraction   nonuniform List<scalar> 
990
(
0.185376
0.175275
0.167264
0.160733
0.155302
0.150718
0.146802
0.143425
0.140485
0.137907
0.135632
0.133611
0.131806
0.130187
0.128728
0.127408
0.126209
0.125118
0.12412
0.123206
0.122366
0.121593
0.120879
0.120218
0.119606
0.119036
0.118506
0.118012
0.117549
0.117116
0.116709
0.116328
0.11597
0.115631
0.115311
0.115006
0.114716
0.114439
0.114173
0.113917
0.113669
0.113429
0.113195
0.112968
0.112744
0.112525
0.11231
0.112099
0.111891
0.111687
0.111486
0.111288
0.111094
0.110902
0.110714
0.110529
0.110347
0.110168
0.109991
0.109818
0.109649
0.109482
0.109317
0.109153
0.10899
0.108828
0.108666
0.108503
0.10834
0.108175
0.108009
0.10784
0.10767
0.107497
0.107321
0.107142
0.10696
0.106774
0.106583
0.106386
0.106184
0.105974
0.105756
0.105526
0.105283
0.105023
0.10474
0.104414
0.104041
0.103338
0.185376
0.175275
0.167264
0.160734
0.155302
0.150718
0.146804
0.143426
0.140487
0.13791
0.135635
0.133614
0.13181
0.130191
0.128733
0.127413
0.126215
0.125123
0.124126
0.123212
0.122372
0.121599
0.120884
0.120222
0.119609
0.119038
0.118506
0.11801
0.117545
0.117109
0.1167
0.116316
0.115954
0.115612
0.115288
0.11498
0.114686
0.114406
0.114136
0.113877
0.113627
0.113385
0.113149
0.11292
0.112696
0.112476
0.112261
0.11205
0.111843
0.111639
0.111438
0.111241
0.111047
0.110857
0.110669
0.110485
0.110304
0.110126
0.109951
0.109778
0.109608
0.10944
0.109273
0.109109
0.108945
0.108782
0.108619
0.108456
0.108292
0.108127
0.10796
0.107792
0.107622
0.10745
0.107275
0.107097
0.106916
0.10673
0.10654
0.106345
0.106143
0.105935
0.105717
0.105489
0.105247
0.104987
0.104705
0.10438
0.104008
0.103304
0.185376
0.175275
0.167264
0.160734
0.155303
0.150719
0.146805
0.143428
0.140489
0.137912
0.135637
0.133617
0.131813
0.130195
0.128737
0.127417
0.12622
0.125128
0.124131
0.123217
0.122377
0.121603
0.120888
0.120225
0.119611
0.119039
0.118505
0.118007
0.11754
0.117103
0.116692
0.116305
0.11594
0.115596
0.115269
0.114958
0.114661
0.114378
0.114106
0.113844
0.113592
0.113347
0.11311
0.112879
0.112654
0.112434
0.112219
0.112008
0.1118
0.111596
0.111396
0.1112
0.111006
0.110816
0.110629
0.110445
0.110265
0.110086
0.109911
0.109738
0.109568
0.109399
0.109231
0.109066
0.108901
0.108737
0.108573
0.108408
0.108244
0.108078
0.107911
0.107743
0.107573
0.1074
0.107225
0.107047
0.106865
0.10668
0.10649
0.106294
0.106093
0.105884
0.105666
0.105437
0.105195
0.104935
0.104653
0.104327
0.103954
0.103248
0.185376
0.175275
0.167265
0.160734
0.155303
0.15072
0.146805
0.143429
0.14049
0.137913
0.135639
0.133619
0.131816
0.130198
0.12874
0.127421
0.126223
0.125132
0.124135
0.123221
0.122381
0.121606
0.12089
0.120227
0.119611
0.119038
0.118503
0.118003
0.117535
0.117096
0.116683
0.116294
0.115928
0.115581
0.115251
0.114938
0.114638
0.114352
0.114078
0.113814
0.113559
0.113313
0.113074
0.112842
0.112616
0.112396
0.11218
0.111969
0.111761
0.111557
0.111357
0.111161
0.110968
0.110778
0.110592
0.110408
0.110227
0.110049
0.109874
0.109701
0.10953
0.10936
0.109192
0.109026
0.10886
0.108695
0.10853
0.108366
0.1082
0.108034
0.107867
0.107698
0.107528
0.107355
0.10718
0.107002
0.10682
0.106634
0.106444
0.106248
0.106046
0.105836
0.105618
0.105389
0.105146
0.104886
0.104603
0.104277
0.103902
0.103193
0.185376
0.175275
0.167265
0.160734
0.155304
0.15072
0.146806
0.14343
0.140492
0.137915
0.135641
0.133622
0.131819
0.130201
0.128744
0.127425
0.126228
0.125137
0.124139
0.123225
0.122385
0.12161
0.120893
0.120229
0.119612
0.119038
0.118502
0.118001
0.117532
0.117091
0.116677
0.116286
0.115917
0.115568
0.115237
0.114921
0.114619
0.114331
0.114054
0.113788
0.113532
0.113284
0.113044
0.11281
0.112583
0.112362
0.112145
0.111934
0.111726
0.111522
0.111322
0.111126
0.110933
0.110743
0.110557
0.110373
0.110192
0.110014
0.109838
0.109665
0.109493
0.109323
0.109155
0.108987
0.108821
0.108655
0.10849
0.108324
0.108158
0.107991
0.107823
0.107654
0.107483
0.10731
0.107134
0.106955
0.106773
0.106586
0.106395
0.106198
0.105995
0.105785
0.105565
0.105335
0.105092
0.10483
0.104546
0.104217
0.10384
0.103128
0.185376
0.175275
0.167265
0.160735
0.155304
0.150721
0.146807
0.143431
0.140493
0.137916
0.135643
0.133623
0.131821
0.130203
0.128746
0.127428
0.12623
0.125139
0.124142
0.123228
0.122387
0.121611
0.120894
0.120229
0.119612
0.119037
0.1185
0.117998
0.117527
0.117085
0.116669
0.116277
0.115907
0.115555
0.115222
0.114904
0.1146
0.11431
0.114032
0.113764
0.113506
0.113256
0.113014
0.11278
0.112552
0.11233
0.112112
0.1119
0.111692
0.111488
0.111288
0.111092
0.110899
0.110709
0.110522
0.110339
0.110158
0.10998
0.109804
0.10963
0.109458
0.109288
0.109119
0.108951
0.108784
0.108618
0.108452
0.108286
0.10812
0.107952
0.107784
0.107615
0.107443
0.10727
0.107094
0.106914
0.106731
0.106544
0.106352
0.106154
0.10595
0.105738
0.105517
0.105286
0.10504
0.104777
0.10449
0.104159
0.103778
0.10306
0.185376
0.175275
0.167265
0.160735
0.155304
0.150722
0.146808
0.143432
0.140494
0.137919
0.135645
0.133626
0.131824
0.130207
0.12875
0.127432
0.126235
0.125144
0.124147
0.123232
0.122391
0.121615
0.120897
0.120232
0.119614
0.119038
0.1185
0.117997
0.117526
0.117083
0.116666
0.116272
0.1159
0.115547
0.115211
0.114891
0.114586
0.114294
0.114014
0.113744
0.113484
0.113233
0.11299
0.112754
0.112525
0.112302
0.112084
0.111871
0.111662
0.111458
0.111258
0.111061
0.110868
0.110678
0.110492
0.110308
0.110127
0.109948
0.109772
0.109598
0.109426
0.109256
0.109086
0.108918
0.108751
0.108585
0.108419
0.108252
0.108086
0.107919
0.10775
0.107581
0.107409
0.107236
0.10706
0.10688
0.106697
0.10651
0.106317
0.106119
0.105914
0.105701
0.105479
0.105246
0.104998
0.104733
0.104444
0.10411
0.103725
0.103002
0.185376
0.175275
0.167265
0.160735
0.155305
0.150722
0.146808
0.143433
0.140495
0.13792
0.135646
0.133627
0.131825
0.130209
0.128752
0.127434
0.126237
0.125146
0.124148
0.123233
0.122392
0.121616
0.120898
0.120232
0.119613
0.119037
0.118498
0.117994
0.117522
0.117078
0.116659
0.116265
0.115891
0.115536
0.115199
0.114878
0.114571
0.114278
0.113996
0.113725
0.113464
0.113212
0.112967
0.112731
0.112501
0.112276
0.112058
0.111844
0.111636
0.111431
0.111231
0.111034
0.110841
0.110652
0.110465
0.110282
0.110101
0.109923
0.109748
0.109574
0.109403
0.109233
0.109065
0.108897
0.108731
0.108566
0.108401
0.108236
0.108071
0.107905
0.107739
0.107571
0.107402
0.10723
0.107056
0.106879
0.106699
0.106514
0.106323
0.106127
0.105925
0.105714
0.105494
0.105262
0.105017
0.104753
0.104465
0.104132
0.103749
0.103026
0.185376
0.175275
0.167266
0.160736
0.155306
0.150724
0.14681
0.143435
0.140498
0.137922
0.135649
0.133631
0.131829
0.130213
0.128756
0.127438
0.126241
0.125151
0.124153
0.123238
0.122397
0.12162
0.120902
0.120236
0.119617
0.11904
0.118501
0.117996
0.117523
0.117078
0.116659
0.116262
0.115887
0.115532
0.115193
0.114871
0.114563
0.114268
0.113985
0.113712
0.11345
0.113197
0.112952
0.112714
0.112483
0.112258
0.112039
0.111826
0.111617
0.111412
0.111212
0.111016
0.110824
0.110635
0.110449
0.110267
0.110087
0.109911
0.109736
0.109564
0.109394
0.109226
0.10906
0.108895
0.108731
0.108568
0.108406
0.108244
0.108082
0.10792
0.107757
0.107594
0.107429
0.107262
0.107093
0.106921
0.106746
0.106567
0.106383
0.106193
0.105997
0.105793
0.10558
0.105356
0.105118
0.104862
0.104583
0.10426
0.103888
0.103181
0.185376
0.175275
0.167265
0.160735
0.155305
0.150722
0.146808
0.143433
0.140495
0.13792
0.135647
0.133628
0.131826
0.13021
0.128753
0.127435
0.126238
0.125147
0.124149
0.123234
0.122391
0.121615
0.120896
0.120229
0.11961
0.119032
0.118492
0.117987
0.117513
0.117067
0.116647
0.11625
0.115874
0.115517
0.115178
0.114854
0.114545
0.114249
0.113965
0.113692
0.113429
0.113174
0.112928
0.11269
0.112459
0.112233
0.112014
0.1118
0.111591
0.111387
0.111187
0.110991
0.110799
0.110611
0.110426
0.110244
0.110066
0.10989
0.109717
0.109546
0.109378
0.109211
0.109047
0.108884
0.108723
0.108563
0.108403
0.108245
0.108086
0.107928
0.10777
0.107611
0.10745
0.107289
0.107126
0.10696
0.106791
0.106619
0.106442
0.10626
0.106072
0.105877
0.105673
0.105459
0.105231
0.104986
0.104719
0.104408
0.104052
0.103367
0.185374
0.175271
0.16726
0.160728
0.155296
0.150712
0.146796
0.143419
0.14048
0.137903
0.135628
0.133608
0.131805
0.130187
0.128728
0.127409
0.12621
0.125118
0.124118
0.123202
0.122358
0.121579
0.120859
0.12019
0.119569
0.118989
0.118448
0.11794
0.117464
0.117016
0.116593
0.116193
0.115814
0.115455
0.115112
0.114786
0.114474
0.114175
0.113888
0.113612
0.113346
0.113089
0.112841
0.1126
0.112366
0.112138
0.111917
0.111701
0.11149
0.111284
0.111083
0.110886
0.110693
0.110503
0.110318
0.110135
0.109956
0.10978
0.109606
0.109435
0.109267
0.109101
0.108937
0.108774
0.108614
0.108454
0.108296
0.108139
0.107982
0.107826
0.10767
0.107513
0.107356
0.107198
0.107038
0.106876
0.106711
0.106543
0.106372
0.106195
0.106013
0.105823
0.105626
0.105418
0.105198
0.104961
0.104702
0.104402
0.104059
0.103402
)
;
        value           nonuniform List<scalar> 
990
(
323.362
323.849
324.304
324.687
325.016
325.301
325.552
325.773
325.97
326.146
326.304
326.449
326.58
326.701
326.813
326.916
327.011
327.099
327.18
327.256
327.325
327.39
327.451
327.509
327.565
327.618
327.67
327.721
327.771
327.821
327.869
327.914
327.951
327.99
328.028
328.064
328.098
328.132
328.166
328.2
328.232
328.264
328.295
328.326
328.358
328.389
328.418
328.447
328.475
328.501
328.526
328.55
328.575
328.599
328.625
328.65
328.676
328.704
328.738
328.767
328.793
328.819
328.844
328.869
328.892
328.914
328.936
328.958
328.98
329.001
329.023
329.044
329.066
329.088
329.109
329.131
329.152
329.173
329.194
329.215
329.235
329.257
329.281
329.306
329.335
329.366
329.403
329.456
329.577
329.968
323.362
323.85
324.305
324.687
325.016
325.302
325.552
325.773
325.97
326.146
326.305
326.449
326.581
326.702
326.814
326.917
327.012
327.1
327.181
327.256
327.326
327.391
327.453
327.511
327.567
327.622
327.674
327.726
327.776
327.827
327.875
327.92
327.962
328.002
328.04
328.076
328.112
328.147
328.182
328.215
328.248
328.28
328.312
328.342
328.373
328.402
328.432
328.461
328.489
328.516
328.543
328.568
328.593
328.619
328.644
328.669
328.694
328.72
328.746
328.772
328.797
328.823
328.849
328.873
328.896
328.919
328.941
328.964
328.986
329.007
329.029
329.051
329.072
329.094
329.116
329.138
329.159
329.181
329.202
329.223
329.244
329.266
329.289
329.315
329.343
329.374
329.411
329.464
329.586
329.978
323.363
323.85
324.305
324.688
325.016
325.302
325.552
325.774
325.97
326.147
326.306
326.451
326.583
326.704
326.815
326.918
327.013
327.101
327.182
327.257
327.327
327.393
327.455
327.515
327.572
327.626
327.68
327.732
327.783
327.833
327.88
327.925
327.967
328.006
328.044
328.081
328.118
328.154
328.189
328.222
328.255
328.288
328.319
328.35
328.38
328.409
328.438
328.467
328.495
328.524
328.551
328.578
328.604
328.629
328.654
328.679
328.704
328.729
328.754
328.779
328.804
328.828
328.854
328.879
328.902
328.925
328.947
328.97
328.992
329.014
329.036
329.058
329.08
329.102
329.124
329.146
329.168
329.19
329.211
329.233
329.254
329.277
329.3
329.326
329.354
329.384
329.421
329.475
329.597
329.991
323.363
323.851
324.306
324.688
325.017
325.303
325.553
325.774
325.971
326.148
326.308
326.452
326.584
326.705
326.816
326.919
327.014
327.102
327.183
327.259
327.329
327.396
327.458
327.519
327.576
327.631
327.685
327.737
327.789
327.838
327.884
327.928
327.97
328.009
328.048
328.085
328.123
328.159
328.193
328.227
328.26
328.293
328.324
328.355
328.385
328.414
328.443
328.471
328.5
328.529
328.557
328.584
328.611
328.637
328.662
328.687
328.712
328.737
328.762
328.786
328.81
328.835
328.86
328.884
328.908
328.93
328.953
328.976
328.998
329.021
329.043
329.065
329.087
329.109
329.131
329.154
329.176
329.198
329.22
329.243
329.265
329.288
329.311
329.337
329.364
329.395
329.431
329.486
329.608
330.003
323.364
323.851
324.306
324.689
325.017
325.303
325.554
325.775
325.972
326.149
326.308
326.453
326.585
326.706
326.817
326.92
327.015
327.103
327.184
327.26
327.331
327.398
327.462
327.522
327.58
327.636
327.69
327.742
327.793
327.842
327.887
327.931
327.972
328.012
328.05
328.088
328.125
328.162
328.197
328.23
328.264
328.296
328.328
328.359
328.389
328.418
328.447
328.475
328.504
328.533
328.561
328.589
328.616
328.642
328.668
328.693
328.719
328.744
328.768
328.792
328.817
328.841
328.865
328.889
328.913
328.936
328.959
328.982
329.004
329.027
329.049
329.072
329.094
329.116
329.139
329.161
329.184
329.207
329.23
329.252
329.275
329.299
329.323
329.348
329.376
329.406
329.442
329.497
329.62
330.016
323.364
323.851
324.306
324.689
325.018
325.303
325.554
325.775
325.973
326.149
326.309
326.454
326.585
326.706
326.818
326.92
327.015
327.103
327.185
327.261
327.333
327.4
327.464
327.526
327.584
327.64
327.694
327.746
327.797
327.844
327.889
327.933
327.974
328.014
328.053
328.091
328.128
328.164
328.199
328.233
328.267
328.299
328.331
328.362
328.392
328.421
328.45
328.479
328.508
328.537
328.565
328.593
328.62
328.647
328.673
328.699
328.724
328.749
328.774
328.798
328.823
328.847
328.871
328.895
328.918
328.942
328.965
328.988
329.011
329.033
329.056
329.079
329.101
329.123
329.146
329.169
329.192
329.215
329.239
329.262
329.286
329.31
329.334
329.36
329.387
329.418
329.454
329.509
329.633
330.03
323.364
323.851
324.306
324.689
325.018
325.304
325.554
325.776
325.973
326.149
326.309
326.454
326.586
326.707
326.818
326.92
327.015
327.103
327.185
327.262
327.334
327.402
327.467
327.529
327.587
327.644
327.698
327.749
327.799
327.846
327.891
327.934
327.976
328.016
328.055
328.093
328.13
328.167
328.202
328.236
328.269
328.302
328.334
328.365
328.395
328.425
328.454
328.484
328.512
328.541
328.569
328.597
328.625
328.651
328.678
328.704
328.729
328.755
328.78
328.804
328.828
328.852
328.877
328.9
328.924
328.947
328.971
328.994
329.017
329.04
329.063
329.086
329.108
329.131
329.153
329.176
329.2
329.223
329.247
329.272
329.296
329.321
329.346
329.372
329.4
329.431
329.468
329.522
329.647
330.044
323.364
323.851
324.306
324.689
325.018
325.303
325.554
325.775
325.973
326.15
326.309
326.454
326.586
326.707
326.818
326.921
327.016
327.104
327.187
327.264
327.336
327.405
327.47
327.532
327.591
327.647
327.701
327.753
327.802
327.849
327.894
327.937
327.979
328.019
328.059
328.097
328.134
328.17
328.206
328.24
328.274
328.307
328.339
328.37
328.401
328.431
328.46
328.49
328.519
328.547
328.576
328.603
328.631
328.658
328.684
328.71
328.736
328.762
328.787
328.812
328.836
328.86
328.884
328.908
328.931
328.955
328.978
329.002
329.025
329.048
329.071
329.094
329.117
329.139
329.162
329.184
329.207
329.231
329.255
329.28
329.304
329.329
329.355
329.382
329.41
329.441
329.478
329.532
329.656
330.052
323.363
323.851
324.306
324.689
325.018
325.303
325.554
325.776
325.973
326.15
326.31
326.455
326.587
326.708
326.82
326.923
327.018
327.107
327.189
327.267
327.34
327.41
327.475
327.537
327.596
327.653
327.707
327.758
327.807
327.854
327.9
327.943
327.986
328.027
328.066
328.105
328.142
328.179
328.215
328.249
328.283
328.316
328.349
328.38
328.411
328.442
328.472
328.502
328.531
328.56
328.588
328.616
328.643
328.67
328.697
328.724
328.75
328.775
328.801
328.826
328.85
328.874
328.898
328.922
328.946
328.969
328.993
329.016
329.04
329.063
329.086
329.109
329.131
329.154
329.176
329.199
329.222
329.245
329.269
329.293
329.318
329.342
329.368
329.395
329.423
329.454
329.491
329.543
329.663
330.051
323.364
323.852
324.308
324.692
325.022
325.309
325.561
325.783
325.982
326.16
326.321
326.467
326.6
326.723
326.835
326.939
327.036
327.126
327.21
327.289
327.364
327.434
327.501
327.564
327.624
327.681
327.736
327.788
327.839
327.887
327.933
327.978
328.021
328.063
328.104
328.144
328.182
328.22
328.257
328.292
328.327
328.361
328.395
328.428
328.46
328.491
328.522
328.553
328.583
328.613
328.642
328.671
328.699
328.727
328.754
328.782
328.808
328.835
328.861
328.887
328.912
328.937
328.962
328.987
329.011
329.035
329.059
329.083
329.107
329.131
329.155
329.178
329.201
329.224
329.247
329.27
329.294
329.317
329.341
329.366
329.39
329.415
329.441
329.468
329.497
329.528
329.564
329.614
329.725
330.094
323.372
323.869
324.334
324.726
325.064
325.358
325.618
325.848
326.053
326.238
326.406
326.558
326.697
326.826
326.944
327.054
327.156
327.252
327.342
327.426
327.506
327.581
327.652
327.72
327.785
327.847
327.906
327.963
328.017
328.07
328.121
328.17
328.218
328.264
328.309
328.353
328.395
328.437
328.478
328.518
328.556
328.594
328.632
328.668
328.704
328.74
328.775
328.809
328.843
328.876
328.908
328.94
328.972
329.003
329.034
329.065
329.095
329.124
329.154
329.183
329.211
329.24
329.268
329.295
329.323
329.35
329.377
329.404
329.43
329.457
329.483
329.509
329.535
329.561
329.586
329.612
329.638
329.664
329.69
329.717
329.744
329.771
329.799
329.828
329.858
329.891
329.928
329.977
330.075
330.389
)
;
        Tnbr            T;
        qrNbr           qr;
        qr              none;
        thermalInertia  false;
        thicknessLayers List<scalar> 0();
        kappaLayers     List<scalar> 0();
        kappaMethod     solidThermo;
        kappa           none;
        alphaAni        none;
        alpha           none;
    }
    asphalt_to_concrete
    {
        type            compressible::turbulentTemperatureRadCoupledMixed;
        refValue        nonuniform List<scalar> 
52
(
325.678
325.701
325.733
325.766
325.796
325.826
325.857
325.887
325.917
325.946
325.975
326.003
326.034
326.064
326.092
326.118
326.143
326.166
326.187
326.209
326.231
326.254
326.278
326.303
326.33
326.372
327.235
327.266
327.302
327.337
327.369
327.401
327.433
327.466
327.498
327.529
327.559
327.589
327.622
327.654
327.683
327.711
327.737
327.761
327.784
327.806
327.83
327.854
327.879
327.905
327.933
327.97
)
;
        refGradient     uniform 0;
        valueFraction   nonuniform List<scalar> 
52
(
0.470588
0.470588
0.470588
0.470588
0.470588
0.470588
0.470588
0.470588
0.470588
0.470588
0.470588
0.470588
0.470588
0.470588
0.470588
0.470588
0.470588
0.470588
0.470588
0.470588
0.470588
0.470588
0.470588
0.470588
0.470588
0.470588
0.470588
0.470588
0.470588
0.470588
0.470588
0.470588
0.470588
0.470588
0.470588
0.470588
0.470588
0.470588
0.470588
0.470588
0.470588
0.470588
0.470588
0.470588
0.470588
0.470588
0.470588
0.470588
0.470588
0.470588
0.470588
0.470588
)
;
        value           nonuniform List<scalar> 
52
(
325.759
325.788
325.821
325.855
325.885
325.916
325.947
325.978
326.008
326.037
326.066
326.094
326.125
326.154
326.181
326.208
326.233
326.257
326.279
326.301
326.324
326.347
326.37
326.395
326.421
326.456
327.242
327.276
327.312
327.348
327.38
327.413
327.446
327.478
327.51
327.541
327.572
327.601
327.633
327.664
327.693
327.721
327.748
327.773
327.796
327.82
327.843
327.868
327.892
327.918
327.945
327.977
)
;
        Tnbr            T;
        qrNbr           none;
        qr              none;
        thermalInertia  false;
        thicknessLayers List<scalar> 0();
        kappaLayers     List<scalar> 0();
        kappaMethod     solidThermo;
        kappa           none;
        alphaAni        none;
        alpha           none;
    }
    asphalt_to_soil2
    {
        type            compressible::turbulentTemperatureRadCoupledMixed;
        refValue        nonuniform List<scalar> 
128
(
321.638
322.056
322.469
322.822
323.126
323.39
323.621
323.825
324.006
324.169
324.316
324.449
324.571
324.682
324.785
324.88
324.968
325.05
325.125
325.195
325.259
325.319
325.375
325.428
325.479
325.528
325.575
325.621
325.666
325.711
325.754
325.782
326.549
326.59
326.617
326.642
326.664
326.687
326.708
326.729
326.75
326.77
326.79
326.81
326.83
326.85
326.87
326.89
326.911
326.931
326.95
326.97
326.99
327.011
327.032
327.053
327.075
327.1
327.127
327.156
327.192
327.244
327.361
327.683
322.788
323.251
323.692
324.065
324.385
324.664
324.908
325.123
325.315
325.487
325.642
325.782
325.91
326.028
326.137
326.237
326.33
326.416
326.496
326.569
326.637
326.7
326.759
326.815
326.869
326.92
326.97
327.019
327.066
327.114
327.16
327.196
328.004
328.04
328.068
328.094
328.117
328.141
328.163
328.184
328.206
328.227
328.248
328.269
328.289
328.31
328.331
328.352
328.373
328.394
328.415
328.436
328.457
328.477
328.498
328.52
328.544
328.569
328.598
328.629
328.665
328.718
328.837
329.203
)
;
        refGradient     uniform 0;
        valueFraction   nonuniform List<scalar> 
128
(
0.5
0.5
0.5
0.5
0.5
0.5
0.5
0.5
0.5
0.5
0.5
0.5
0.5
0.5
0.5
0.5
0.5
0.5
0.5
0.5
0.5
0.5
0.5
0.5
0.5
0.5
0.5
0.5
0.5
0.5
0.5
0.5
0.5
0.5
0.5
0.5
0.5
0.5
0.5
0.5
0.5
0.5
0.5
0.5
0.5
0.5
0.5
0.5
0.5
0.5
0.5
0.5
0.5
0.5
0.5
0.5
0.5
0.5
0.5
0.5
0.5
0.5
0.5
0.5
0.5
0.5
0.5
0.5
0.5
0.5
0.5
0.5
0.5
0.5
0.5
0.5
0.5
0.5
0.5
0.5
0.5
0.5
0.5
0.5
0.5
0.5
0.5
0.5
0.5
0.5
0.5
0.5
0.5
0.5
0.5
0.5
0.5
0.5
0.5
0.5
0.5
0.5
0.5
0.5
0.5
0.5
0.5
0.5
0.5
0.5
0.5
0.5
0.5
0.5
0.5
0.5
0.5
0.5
0.5
0.5
0.5
0.5
0.5
0.5
0.5
0.5
0.5
0.5
)
;
        value           nonuniform List<scalar> 
128
(
321.639
322.057
322.47
322.823
323.127
323.391
323.622
323.826
324.008
324.171
324.318
324.451
324.573
324.684
324.787
324.882
324.971
325.052
325.127
325.197
325.261
325.321
325.377
325.431
325.482
325.531
325.578
325.625
325.671
325.716
325.76
325.793
326.559
326.594
326.62
326.645
326.668
326.691
326.712
326.733
326.754
326.774
326.795
326.815
326.835
326.855
326.875
326.896
326.916
326.936
326.956
326.976
326.996
327.016
327.036
327.057
327.079
327.103
327.129
327.159
327.194
327.247
327.364
327.686
322.789
323.252
323.694
324.066
324.387
324.665
324.91
325.125
325.317
325.489
325.644
325.784
325.912
326.03
326.139
326.239
326.332
326.418
326.498
326.571
326.639
326.702
326.762
326.818
326.872
326.923
326.973
327.022
327.071
327.119
327.166
327.205
328.011
328.044
328.071
328.096
328.12
328.144
328.166
328.188
328.21
328.231
328.252
328.273
328.294
328.315
328.336
328.357
328.378
328.4
328.42
328.441
328.461
328.482
328.502
328.522
328.545
328.57
328.597
328.628
328.664
328.717
328.837
329.203
)
;
        Tnbr            T;
        qrNbr           none;
        qr              none;
        thermalInertia  false;
        thicknessLayers List<scalar> 0();
        kappaLayers     List<scalar> 0();
        kappaMethod     solidThermo;
        kappa           none;
        alphaAni        none;
        alpha           none;
    }
}


// ************************************************************************* //
