/*--------------------------------*- C++ -*----------------------------------*\
| =========                 |                                                 |
| \\      /  F ield         | OpenFOAM: The Open Source CFD Toolbox           |
|  \\    /   O peration     | Version:  v2012                                 |
|   \\  /    A nd           | Website:  www.openfoam.com                      |
|    \\/     M anipulation  |                                                 |
\*---------------------------------------------------------------------------*/
FoamFile
{
    version     2.0;
    format      ascii;
    class       volScalarField;
    location    "450/asphalt";
    object      T;
}
// * * * * * * * * * * * * * * * * * * * * * * * * * * * * * * * * * * * * * //

dimensions      [0 0 0 1 0 0 0];


internalField   nonuniform List<scalar> 
1980
(
321.649
322.067
322.481
322.835
323.14
323.405
323.637
323.843
324.025
324.189
324.337
324.471
324.593
324.705
324.808
324.903
324.992
325.073
325.149
325.219
325.285
325.346
325.404
325.459
325.511
325.561
325.61
325.656
325.702
325.747
325.789
325.827
325.853
325.886
325.92
325.953
325.986
326.018
326.049
326.08
326.11
326.139
326.168
326.196
326.224
326.251
326.278
326.304
326.33
326.354
326.378
326.401
326.424
326.447
326.47
326.493
326.517
326.544
326.581
326.607
326.631
326.652
326.673
326.694
326.714
326.733
326.752
326.77
326.789
326.807
326.825
326.843
326.86
326.878
326.895
326.912
326.928
326.945
326.961
326.978
326.995
327.013
327.031
327.051
327.072
327.096
327.126
327.173
327.282
327.588
321.648
322.067
322.481
322.835
323.14
323.405
323.637
323.843
324.025
324.189
324.337
324.471
324.593
324.705
324.808
324.903
324.991
325.073
325.149
325.219
325.284
325.346
325.404
325.459
325.512
325.563
325.611
325.658
325.705
325.749
325.793
325.833
325.87
325.905
325.94
325.974
326.007
326.04
326.072
326.102
326.132
326.162
326.191
326.219
326.246
326.273
326.3
326.326
326.352
326.377
326.401
326.425
326.449
326.472
326.495
326.517
326.54
326.563
326.587
326.61
326.632
326.654
326.676
326.696
326.716
326.735
326.754
326.773
326.792
326.81
326.828
326.846
326.863
326.881
326.898
326.915
326.932
326.948
326.965
326.981
326.998
327.015
327.034
327.053
327.074
327.098
327.128
327.174
327.283
327.589
321.648
322.067
322.481
322.835
323.14
323.405
323.637
323.842
324.025
324.189
324.337
324.471
324.593
324.705
324.808
324.903
324.991
325.073
325.148
325.219
325.284
325.346
325.405
325.46
325.513
325.564
325.613
325.661
325.707
325.752
325.795
325.835
325.873
325.91
325.945
325.979
326.013
326.046
326.078
326.108
326.139
326.168
326.197
326.225
326.253
326.279
326.306
326.332
326.358
326.383
326.408
326.433
326.457
326.48
326.503
326.525
326.548
326.57
326.592
326.614
326.635
326.656
326.678
326.699
326.718
326.738
326.757
326.776
326.795
326.813
326.831
326.849
326.867
326.885
326.902
326.919
326.936
326.953
326.969
326.986
327.003
327.02
327.038
327.056
327.077
327.101
327.13
327.177
327.285
327.592
321.648
322.067
322.481
322.835
323.14
323.405
323.637
323.842
324.025
324.189
324.337
324.471
324.593
324.705
324.808
324.903
324.991
325.073
325.148
325.219
325.285
325.347
325.406
325.462
325.515
325.566
325.616
325.664
325.71
325.754
325.797
325.837
325.875
325.911
325.947
325.981
326.015
326.048
326.08
326.111
326.142
326.171
326.2
326.229
326.256
326.283
326.309
326.335
326.361
326.387
326.412
326.437
326.461
326.484
326.508
326.53
326.553
326.575
326.596
326.618
326.639
326.66
326.681
326.701
326.721
326.741
326.76
326.779
326.798
326.816
326.835
326.853
326.87
326.888
326.906
326.923
326.94
326.957
326.974
326.991
327.008
327.025
327.042
327.061
327.081
327.104
327.133
327.179
327.288
327.594
321.648
322.067
322.481
322.834
323.139
323.404
323.637
323.842
324.025
324.189
324.337
324.471
324.593
324.705
324.808
324.903
324.991
325.072
325.148
325.219
325.285
325.348
325.407
325.463
325.517
325.569
325.618
325.666
325.712
325.756
325.798
325.838
325.876
325.913
325.948
325.983
326.017
326.05
326.082
326.113
326.144
326.173
326.203
326.231
326.258
326.285
326.311
326.338
326.364
326.389
326.415
326.44
326.464
326.488
326.511
326.534
326.556
326.578
326.6
326.621
326.642
326.663
326.684
326.704
326.724
326.744
326.763
326.782
326.801
326.82
326.838
326.856
326.874
326.892
326.909
326.927
326.944
326.962
326.979
326.996
327.013
327.03
327.047
327.066
327.086
327.109
327.137
327.183
327.291
327.597
321.648
322.067
322.48
322.834
323.139
323.404
323.637
323.842
324.025
324.189
324.336
324.47
324.593
324.705
324.808
324.903
324.991
325.072
325.148
325.219
325.286
325.349
325.408
325.465
325.519
325.571
325.62
325.668
325.714
325.757
325.799
325.839
325.877
325.914
325.95
325.985
326.019
326.052
326.084
326.115
326.146
326.176
326.205
326.233
326.261
326.288
326.314
326.341
326.367
326.392
326.418
326.443
326.467
326.491
326.515
326.538
326.56
326.583
326.604
326.626
326.647
326.667
326.688
326.708
326.728
326.748
326.767
326.786
326.805
326.824
326.843
326.861
326.879
326.896
326.914
326.932
326.949
326.967
326.984
327.001
327.019
327.036
327.054
327.072
327.092
327.115
327.143
327.188
327.295
327.602
321.648
322.066
322.48
322.834
323.139
323.404
323.636
323.842
324.025
324.188
324.336
324.47
324.593
324.705
324.808
324.903
324.991
325.072
325.148
325.22
325.287
325.35
325.41
325.467
325.521
325.573
325.622
325.67
325.715
325.759
325.8
325.84
325.878
325.916
325.952
325.987
326.021
326.054
326.086
326.118
326.148
326.178
326.208
326.236
326.264
326.291
326.318
326.344
326.37
326.396
326.422
326.447
326.471
326.495
326.519
326.542
326.565
326.587
326.609
326.63
326.652
326.672
326.693
326.713
326.733
326.753
326.772
326.792
326.811
326.83
326.848
326.867
326.885
326.902
326.92
326.938
326.955
326.973
326.991
327.008
327.026
327.043
327.061
327.08
327.1
327.122
327.15
327.194
327.301
327.606
321.647
322.066
322.48
322.834
323.139
323.404
323.636
323.842
324.024
324.188
324.336
324.47
324.593
324.705
324.808
324.903
324.991
325.073
325.149
325.221
325.288
325.352
325.412
325.469
325.524
325.576
325.625
325.673
325.718
325.761
325.803
325.843
325.881
325.919
325.955
325.99
326.025
326.058
326.09
326.122
326.153
326.183
326.212
326.241
326.269
326.297
326.324
326.35
326.377
326.402
326.428
326.453
326.477
326.502
326.525
326.549
326.572
326.594
326.616
326.638
326.659
326.68
326.701
326.721
326.741
326.761
326.78
326.8
326.819
326.838
326.856
326.875
326.893
326.91
326.928
326.946
326.963
326.981
326.998
327.016
327.033
327.051
327.069
327.088
327.107
327.129
327.156
327.199
327.304
327.607
321.647
322.066
322.48
322.834
323.139
323.404
323.637
323.842
324.025
324.19
324.338
324.472
324.595
324.707
324.81
324.906
324.994
325.076
325.153
325.225
325.293
325.357
325.418
325.475
325.53
325.582
325.632
325.679
325.725
325.768
325.81
325.851
325.89
325.927
325.964
326
326.034
326.068
326.101
326.133
326.164
326.194
326.224
326.253
326.281
326.309
326.337
326.364
326.39
326.416
326.442
326.467
326.492
326.516
326.54
326.563
326.587
326.609
326.632
326.654
326.675
326.696
326.717
326.737
326.758
326.777
326.797
326.817
326.836
326.855
326.873
326.892
326.91
326.927
326.945
326.962
326.98
326.997
327.015
327.032
327.05
327.067
327.085
327.103
327.123
327.145
327.171
327.212
327.312
327.61
321.648
322.068
322.483
322.838
323.144
323.411
323.644
323.851
324.036
324.201
324.35
324.486
324.61
324.723
324.828
324.924
325.014
325.098
325.176
325.249
325.318
325.383
325.445
325.504
325.559
325.613
325.663
325.712
325.758
325.803
325.846
325.887
325.927
325.966
326.004
326.041
326.076
326.111
326.145
326.178
326.21
326.241
326.272
326.302
326.331
326.36
326.389
326.417
326.444
326.471
326.498
326.523
326.549
326.574
326.599
326.623
326.647
326.671
326.694
326.717
326.739
326.761
326.782
326.804
326.824
326.845
326.865
326.885
326.905
326.925
326.944
326.963
326.981
327
327.018
327.036
327.054
327.072
327.089
327.107
327.125
327.142
327.16
327.179
327.199
327.221
327.247
327.285
327.379
327.663
321.655
322.081
322.503
322.865
323.178
323.451
323.691
323.904
324.094
324.265
324.419
324.56
324.689
324.807
324.917
325.018
325.112
325.2
325.283
325.361
325.434
325.503
325.569
325.632
325.691
325.748
325.802
325.854
325.904
325.953
325.999
326.044
326.088
326.131
326.172
326.212
326.251
326.289
326.326
326.362
326.397
326.432
326.466
326.499
326.532
326.564
326.595
326.626
326.656
326.686
326.715
326.744
326.772
326.8
326.828
326.855
326.881
326.907
326.933
326.959
326.984
327.008
327.032
327.056
327.079
327.102
327.125
327.148
327.17
327.192
327.213
327.234
327.255
327.276
327.296
327.316
327.336
327.356
327.375
327.395
327.414
327.434
327.453
327.474
327.495
327.518
327.544
327.582
327.665
327.91
322.795
323.258
323.699
324.072
324.393
324.672
324.917
325.133
325.326
325.498
325.654
325.795
325.923
326.041
326.15
326.25
326.343
326.429
326.509
326.583
326.652
326.717
326.778
326.836
326.891
326.944
326.995
327.044
327.092
327.139
327.184
327.226
327.258
327.294
327.331
327.366
327.4
327.434
327.467
327.499
327.531
327.562
327.592
327.622
327.651
327.68
327.708
327.736
327.763
327.789
327.814
327.838
327.862
327.887
327.911
327.935
327.96
327.987
328.02
328.046
328.07
328.093
328.115
328.137
328.157
328.178
328.197
328.217
328.237
328.256
328.275
328.293
328.312
328.33
328.348
328.366
328.383
328.4
328.417
328.435
328.453
328.471
328.491
328.511
328.534
328.559
328.589
328.636
328.745
329.092
322.795
323.258
323.699
324.072
324.393
324.672
324.917
325.133
325.325
325.498
325.653
325.795
325.923
326.041
326.15
326.25
326.343
326.429
326.509
326.583
326.652
326.717
326.778
326.836
326.892
326.945
326.996
327.046
327.095
327.142
327.187
327.23
327.27
327.308
327.344
327.38
327.415
327.45
327.483
327.515
327.547
327.578
327.609
327.638
327.667
327.695
327.724
327.751
327.778
327.805
327.831
327.856
327.88
327.905
327.929
327.953
327.977
328.001
328.025
328.049
328.072
328.094
328.117
328.139
328.16
328.18
328.2
328.22
328.239
328.259
328.278
328.296
328.315
328.333
328.352
328.369
328.387
328.404
328.421
328.439
328.456
328.474
328.493
328.513
328.535
328.56
328.59
328.637
328.747
329.094
322.795
323.258
323.699
324.072
324.393
324.672
324.917
325.133
325.325
325.498
325.653
325.794
325.923
326.041
326.15
326.25
326.343
326.429
326.508
326.582
326.652
326.717
326.779
326.837
326.893
326.947
326.998
327.049
327.097
327.145
327.19
327.232
327.273
327.311
327.348
327.384
327.42
327.454
327.488
327.52
327.552
327.583
327.614
327.644
327.672
327.7
327.728
327.756
327.783
327.81
327.836
327.862
327.887
327.912
327.936
327.96
327.983
328.007
328.03
328.052
328.075
328.097
328.12
328.142
328.163
328.183
328.203
328.223
328.243
328.262
328.281
328.3
328.319
328.337
328.355
328.374
328.391
328.409
328.426
328.444
328.461
328.479
328.497
328.517
328.539
328.563
328.593
328.639
328.749
329.097
322.794
323.257
323.699
324.072
324.393
324.672
324.917
325.133
325.325
325.498
325.653
325.794
325.923
326.041
326.15
326.25
326.342
326.428
326.508
326.582
326.652
326.717
326.78
326.839
326.895
326.949
327.001
327.051
327.1
327.147
327.191
327.234
327.274
327.312
327.35
327.386
327.422
327.457
327.49
327.523
327.555
327.586
327.617
327.647
327.675
327.703
327.731
327.759
327.786
327.813
327.84
327.866
327.891
327.916
327.941
327.964
327.988
328.011
328.034
328.056
328.079
328.101
328.123
328.145
328.165
328.186
328.206
328.226
328.246
328.265
328.285
328.304
328.322
328.341
328.359
328.377
328.395
328.413
328.431
328.449
328.466
328.484
328.502
328.521
328.543
328.567
328.596
328.642
328.752
329.099
322.794
323.257
323.699
324.072
324.393
324.672
324.916
325.133
325.325
325.497
325.653
325.794
325.923
326.041
326.149
326.25
326.342
326.428
326.508
326.582
326.652
326.718
326.781
326.84
326.897
326.951
327.003
327.054
327.102
327.149
327.193
327.235
327.275
327.313
327.351
327.388
327.424
327.458
327.492
327.525
327.557
327.588
327.619
327.649
327.678
327.706
327.734
327.761
327.789
327.816
327.843
327.869
327.895
327.92
327.944
327.968
327.992
328.015
328.038
328.06
328.082
328.104
328.126
328.148
328.168
328.189
328.209
328.229
328.249
328.269
328.288
328.307
328.326
328.345
328.363
328.381
328.4
328.418
328.436
328.454
328.472
328.489
328.508
328.527
328.548
328.571
328.6
328.646
328.755
329.102
322.794
323.257
323.698
324.072
324.393
324.672
324.916
325.132
325.325
325.497
325.653
325.794
325.923
326.041
326.149
326.249
326.342
326.428
326.508
326.583
326.653
326.719
326.782
326.842
326.899
326.953
327.006
327.056
327.104
327.15
327.194
327.236
327.276
327.315
327.353
327.389
327.425
327.46
327.494
327.527
327.559
327.591
327.621
327.651
327.68
327.709
327.737
327.764
327.792
327.819
327.846
327.872
327.898
327.923
327.948
327.972
327.996
328.019
328.042
328.065
328.087
328.109
328.13
328.152
328.173
328.193
328.214
328.234
328.254
328.273
328.293
328.312
328.331
328.349
328.368
328.386
328.405
328.423
328.441
328.46
328.478
328.496
328.514
328.533
328.554
328.578
328.606
328.651
328.76
329.107
322.794
323.257
323.698
324.071
324.392
324.671
324.916
325.132
325.324
325.497
325.653
325.794
325.923
326.041
326.149
326.249
326.342
326.428
326.508
326.583
326.654
326.72
326.784
326.844
326.901
326.955
327.008
327.058
327.106
327.151
327.195
327.237
327.277
327.316
327.354
327.391
327.427
327.462
327.496
327.529
327.562
327.593
327.624
327.654
327.683
327.712
327.74
327.768
327.796
327.823
327.85
327.876
327.902
327.927
327.952
327.976
328
328.024
328.047
328.069
328.092
328.114
328.135
328.157
328.178
328.198
328.219
328.239
328.259
328.279
328.299
328.318
328.337
328.355
328.374
328.392
328.411
328.43
328.448
328.466
328.485
328.503
328.522
328.541
328.562
328.585
328.613
328.657
328.765
329.112
322.794
323.256
323.698
324.071
324.392
324.671
324.916
325.132
325.324
325.497
325.653
325.794
325.923
326.041
326.149
326.249
326.342
326.428
326.509
326.584
326.655
326.722
326.786
326.846
326.903
326.958
327.01
327.06
327.108
327.153
327.197
327.239
327.28
327.319
327.358
327.395
327.431
327.466
327.5
327.533
327.566
327.598
327.629
327.659
327.688
327.717
327.746
327.774
327.802
327.829
327.856
327.882
327.908
327.933
327.958
327.983
328.007
328.031
328.054
328.077
328.099
328.121
328.143
328.164
328.185
328.206
328.226
328.247
328.267
328.287
328.306
328.326
328.345
328.363
328.382
328.4
328.419
328.437
328.456
328.474
328.492
328.511
328.529
328.549
328.57
328.593
328.62
328.662
328.768
329.112
322.793
323.256
323.698
324.071
324.392
324.671
324.916
325.132
325.325
325.497
325.653
325.795
325.924
326.042
326.151
326.251
326.344
326.431
326.512
326.588
326.659
326.727
326.791
326.851
326.909
326.963
327.016
327.066
327.114
327.159
327.203
327.246
327.287
327.327
327.366
327.403
327.439
327.475
327.509
327.543
327.576
327.608
327.639
327.669
327.699
327.729
327.758
327.786
327.814
327.841
327.868
327.895
327.921
327.946
327.971
327.996
328.02
328.044
328.068
328.091
328.113
328.136
328.157
328.179
328.2
328.221
328.242
328.262
328.282
328.302
328.322
328.341
328.36
328.378
328.397
328.415
328.433
328.452
328.47
328.488
328.506
328.524
328.543
328.562
328.583
328.605
328.632
328.672
328.774
329.111
322.794
323.258
323.7
324.074
324.396
324.677
324.923
325.14
325.334
325.508
325.665
325.808
325.938
326.057
326.167
326.269
326.363
326.451
326.533
326.61
326.683
326.752
326.817
326.878
326.937
326.993
327.046
327.097
327.146
327.192
327.238
327.281
327.324
327.364
327.404
327.443
327.48
327.516
327.552
327.586
327.62
327.653
327.686
327.717
327.748
327.779
327.808
327.838
327.867
327.895
327.923
327.95
327.977
328.003
328.029
328.055
328.08
328.104
328.129
328.153
328.176
328.199
328.222
328.244
328.266
328.287
328.309
328.33
328.35
328.371
328.391
328.411
328.43
328.449
328.468
328.487
328.506
328.525
328.543
328.561
328.58
328.598
328.617
328.637
328.658
328.68
328.706
328.744
328.839
329.161
322.801
323.273
323.724
324.106
324.435
324.723
324.976
325.2
325.4
325.581
325.744
325.892
326.028
326.153
326.269
326.376
326.475
326.568
326.656
326.738
326.815
326.888
326.958
327.024
327.087
327.147
327.204
327.259
327.312
327.363
327.413
327.46
327.507
327.552
327.595
327.637
327.679
327.719
327.758
327.796
327.834
327.87
327.906
327.941
327.976
328.01
328.043
328.076
328.108
328.14
328.171
328.201
328.231
328.26
328.29
328.318
328.346
328.374
328.401
328.428
328.454
328.48
328.506
328.531
328.556
328.58
328.604
328.628
328.652
328.675
328.697
328.72
328.742
328.763
328.785
328.806
328.827
328.848
328.869
328.889
328.91
328.93
328.951
328.972
328.995
329.018
329.045
329.082
329.165
329.442
)
;

boundaryField
{
    inlet
    {
        type            zeroGradient;
    }
    outlet
    {
        type            zeroGradient;
    }
    side
    {
        type            zeroGradient;
    }
    asphalt_to_soil1
    {
        type            compressible::turbulentTemperatureRadCoupledMixed;
        refValue        nonuniform List<scalar> 
990
(
320.488
320.867
321.253
321.587
321.876
322.127
322.347
322.542
322.715
322.87
323.009
323.136
323.252
323.358
323.455
323.545
323.629
323.706
323.778
323.844
323.906
323.964
324.019
324.071
324.12
324.167
324.213
324.257
324.3
324.342
324.382
324.417
324.437
324.467
324.499
324.53
324.561
324.591
324.621
324.65
324.678
324.706
324.733
324.759
324.786
324.812
324.837
324.862
324.886
324.909
324.931
324.953
324.975
324.997
325.019
325.041
325.064
325.09
325.13
325.156
325.179
325.199
325.219
325.239
325.258
325.276
325.294
325.311
325.329
325.346
325.363
325.38
325.396
325.413
325.429
325.445
325.461
325.477
325.492
325.508
325.524
325.541
325.559
325.578
325.598
325.621
325.651
325.697
325.803
326.073
320.488
320.866
321.253
321.587
321.876
322.127
322.347
322.541
322.714
322.869
323.009
323.136
323.252
323.358
323.455
323.545
323.629
323.706
323.777
323.844
323.906
323.964
324.019
324.071
324.121
324.169
324.215
324.259
324.303
324.345
324.386
324.424
324.458
324.491
324.524
324.556
324.588
324.618
324.648
324.677
324.706
324.734
324.761
324.788
324.814
324.839
324.864
324.889
324.913
324.937
324.96
324.983
325.005
325.027
325.048
325.07
325.092
325.114
325.137
325.159
325.18
325.201
325.221
325.241
325.26
325.278
325.296
325.314
325.331
325.349
325.366
325.383
325.399
325.416
325.432
325.449
325.464
325.48
325.496
325.511
325.527
325.544
325.561
325.579
325.599
325.622
325.652
325.698
325.804
326.074
320.488
320.866
321.253
321.587
321.876
322.127
322.347
322.541
322.714
322.869
323.009
323.136
323.252
323.358
323.455
323.545
323.628
323.705
323.777
323.843
323.906
323.964
324.019
324.072
324.122
324.17
324.217
324.262
324.305
324.348
324.388
324.427
324.462
324.497
324.53
324.562
324.594
324.625
324.655
324.685
324.713
324.741
324.768
324.795
324.821
324.846
324.871
324.896
324.92
324.945
324.968
324.991
325.014
325.036
325.057
325.079
325.1
325.121
325.142
325.163
325.183
325.203
325.224
325.243
325.262
325.28
325.299
325.316
325.334
325.352
325.369
325.386
325.403
325.42
325.436
325.452
325.468
325.484
325.5
325.516
325.532
325.548
325.565
325.583
325.603
325.625
325.654
325.701
325.807
326.077
320.488
320.866
321.253
321.587
321.876
322.127
322.347
322.541
322.714
322.869
323.009
323.136
323.252
323.358
323.455
323.545
323.628
323.705
323.777
323.843
323.906
323.965
324.02
324.073
324.124
324.172
324.219
324.264
324.308
324.35
324.39
324.428
324.464
324.499
324.532
324.565
324.597
324.628
324.658
324.688
324.716
324.744
324.772
324.799
324.824
324.85
324.875
324.899
324.924
324.948
324.972
324.995
325.018
325.041
325.062
325.084
325.105
325.126
325.146
325.167
325.187
325.207
325.227
325.246
325.265
325.283
325.301
325.319
325.337
325.355
325.372
325.389
325.406
325.423
325.439
325.456
325.472
325.488
325.504
325.52
325.536
325.553
325.569
325.587
325.606
325.628
325.657
325.703
325.809
326.079
320.488
320.866
321.253
321.587
321.876
322.127
322.347
322.541
322.714
322.869
323.009
323.136
323.251
323.357
323.455
323.545
323.628
323.705
323.777
323.844
323.906
323.965
324.021
324.075
324.126
324.174
324.221
324.266
324.31
324.352
324.391
324.429
324.465
324.5
324.534
324.566
324.599
324.63
324.66
324.69
324.718
324.747
324.774
324.801
324.827
324.852
324.877
324.902
324.926
324.951
324.975
324.998
325.021
325.044
325.066
325.087
325.109
325.13
325.15
325.17
325.19
325.21
325.23
325.249
325.268
325.286
325.304
325.323
325.34
325.358
325.376
325.393
325.41
325.427
325.443
325.46
325.476
325.493
325.509
325.525
325.541
325.558
325.574
325.592
325.611
325.633
325.661
325.706
325.812
326.082
320.488
320.866
321.252
321.587
321.875
322.126
322.346
322.541
322.714
322.869
323.009
323.136
323.251
323.357
323.455
323.545
323.628
323.705
323.777
323.844
323.907
323.966
324.023
324.076
324.128
324.176
324.223
324.269
324.312
324.353
324.392
324.43
324.466
324.501
324.535
324.568
324.6
324.632
324.662
324.692
324.72
324.749
324.776
324.803
324.829
324.855
324.88
324.905
324.929
324.954
324.978
325.001
325.025
325.047
325.069
325.091
325.113
325.134
325.154
325.174
325.194
325.214
325.233
325.253
325.271
325.29
325.308
325.327
325.345
325.362
325.38
325.397
325.414
325.431
325.448
325.464
325.481
325.498
325.514
325.531
325.547
325.563
325.58
325.598
325.617
325.639
325.666
325.711
325.816
326.086
320.487
320.866
321.252
321.587
321.875
322.126
322.346
322.541
322.714
322.869
323.009
323.136
323.251
323.357
323.455
323.545
323.628
323.705
323.777
323.845
323.908
323.968
324.024
324.078
324.13
324.179
324.225
324.27
324.313
324.355
324.394
324.431
324.468
324.503
324.537
324.57
324.602
324.634
324.664
324.694
324.723
324.751
324.779
324.806
324.832
324.858
324.883
324.908
324.933
324.957
324.982
325.005
325.028
325.051
325.073
325.095
325.117
325.138
325.159
325.179
325.199
325.219
325.238
325.257
325.276
325.295
325.313
325.332
325.35
325.368
325.385
325.403
325.42
325.437
325.453
325.47
325.487
325.504
325.52
325.537
325.554
325.57
325.587
325.605
325.624
325.646
325.673
325.717
325.821
326.09
320.487
320.865
321.252
321.586
321.875
322.126
322.346
322.541
322.714
322.869
323.009
323.136
323.252
323.358
323.455
323.545
323.629
323.706
323.778
323.846
323.91
323.97
324.027
324.081
324.132
324.182
324.229
324.273
324.316
324.357
324.397
324.434
324.471
324.506
324.541
324.574
324.606
324.638
324.669
324.698
324.728
324.756
324.784
324.811
324.838
324.864
324.889
324.915
324.939
324.964
324.988
325.012
325.035
325.058
325.08
325.102
325.124
325.145
325.166
325.187
325.207
325.227
325.246
325.265
325.284
325.303
325.322
325.34
325.358
325.376
325.394
325.411
325.428
325.445
325.462
325.478
325.495
325.512
325.528
325.545
325.562
325.578
325.595
325.613
325.632
325.653
325.68
325.723
325.825
326.092
320.487
320.865
321.252
321.587
321.876
322.127
322.347
322.542
322.715
322.871
323.011
323.138
323.254
323.36
323.458
323.548
323.632
323.71
323.783
323.851
323.915
323.976
324.033
324.088
324.139
324.189
324.236
324.281
324.324
324.365
324.405
324.443
324.48
324.516
324.55
324.584
324.617
324.649
324.68
324.71
324.739
324.768
324.796
324.824
324.851
324.877
324.903
324.929
324.954
324.979
325.003
325.027
325.05
325.073
325.096
325.118
325.14
325.162
325.183
325.204
325.224
325.244
325.264
325.283
325.302
325.321
325.34
325.358
325.376
325.394
325.412
325.429
325.447
325.463
325.48
325.497
325.513
325.53
325.547
325.563
325.58
325.596
325.613
325.631
325.65
325.671
325.696
325.737
325.835
326.097
320.488
320.867
321.255
321.591
321.881
322.134
322.355
322.551
322.726
322.882
323.024
323.152
323.27
323.377
323.476
323.568
323.653
323.732
323.806
323.875
323.941
324.003
324.061
324.117
324.169
324.22
324.268
324.314
324.358
324.4
324.441
324.48
324.518
324.555
324.591
324.625
324.659
324.692
324.724
324.755
324.786
324.816
324.845
324.873
324.901
324.929
324.956
324.982
325.008
325.034
325.059
325.083
325.107
325.131
325.155
325.178
325.201
325.223
325.245
325.266
325.288
325.308
325.329
325.349
325.369
325.388
325.408
325.427
325.446
325.464
325.483
325.501
325.518
325.536
325.553
325.57
325.587
325.604
325.621
325.638
325.654
325.671
325.689
325.707
325.726
325.747
325.772
325.811
325.902
326.152
320.494
320.879
321.273
321.615
321.911
322.169
322.396
322.597
322.777
322.938
323.084
323.217
323.339
323.451
323.554
323.65
323.739
323.822
323.9
323.973
324.042
324.108
324.17
324.229
324.285
324.338
324.39
324.439
324.486
324.531
324.575
324.618
324.659
324.699
324.738
324.775
324.812
324.848
324.883
324.917
324.95
324.983
325.015
325.046
325.077
325.107
325.137
325.166
325.194
325.222
325.25
325.277
325.304
325.33
325.356
325.381
325.406
325.431
325.455
325.479
325.502
325.526
325.548
325.571
325.593
325.614
325.636
325.657
325.678
325.699
325.719
325.739
325.758
325.778
325.797
325.816
325.835
325.853
325.872
325.89
325.909
325.927
325.946
325.965
325.985
326.007
326.033
326.07
326.152
326.37
)
;
        refGradient     uniform 0;
        valueFraction   nonuniform List<scalar> 
990
(
0.495766
0.495766
0.495766
0.495766
0.495766
0.495766
0.495766
0.495766
0.495766
0.495766
0.495766
0.495766
0.495766
0.495766
0.495766
0.495766
0.495766
0.495766
0.495766
0.495766
0.495766
0.495766
0.495766
0.495766
0.495766
0.495766
0.495766
0.495766
0.495766
0.495766
0.495766
0.495766
0.495766
0.495766
0.495766
0.495766
0.495766
0.495766
0.495766
0.495766
0.495766
0.495766
0.495766
0.495766
0.495766
0.495766
0.495766
0.495766
0.495766
0.495766
0.495766
0.495766
0.495766
0.495766
0.495766
0.495766
0.495766
0.495766
0.495766
0.495766
0.495766
0.495766
0.495766
0.495766
0.495766
0.495766
0.495766
0.495766
0.495766
0.495766
0.495766
0.495766
0.495766
0.495766
0.495766
0.495766
0.495766
0.495766
0.495766
0.495766
0.495766
0.495766
0.495766
0.495766
0.495766
0.495766
0.495766
0.495766
0.495766
0.495766
0.495766
0.495766
0.495766
0.495766
0.495766
0.495766
0.495766
0.495766
0.495766
0.495766
0.495766
0.495766
0.495766
0.495766
0.495766
0.495766
0.495766
0.495766
0.495766
0.495766
0.495766
0.495766
0.495766
0.495766
0.495766
0.495766
0.495766
0.495766
0.495766
0.495766
0.495766
0.495766
0.495766
0.495766
0.495766
0.495766
0.495766
0.495766
0.495766
0.495766
0.495766
0.495766
0.495766
0.495766
0.495766
0.495766
0.495766
0.495766
0.495766
0.495766
0.495766
0.495766
0.495766
0.495766
0.495766
0.495766
0.495766
0.495766
0.495766
0.495766
0.495766
0.495766
0.495766
0.495766
0.495766
0.495766
0.495766
0.495766
0.495766
0.495766
0.495766
0.495766
0.495766
0.495766
0.495766
0.495766
0.495766
0.495766
0.495766
0.495766
0.495766
0.495766
0.495766
0.495766
0.495766
0.495766
0.495766
0.495766
0.495766
0.495766
0.495766
0.495766
0.495766
0.495766
0.495766
0.495766
0.495766
0.495766
0.495766
0.495766
0.495766
0.495766
0.495766
0.495766
0.495766
0.495766
0.495766
0.495766
0.495766
0.495766
0.495766
0.495766
0.495766
0.495766
0.495766
0.495766
0.495766
0.495766
0.495766
0.495766
0.495766
0.495766
0.495766
0.495766
0.495766
0.495766
0.495766
0.495766
0.495766
0.495766
0.495766
0.495766
0.495766
0.495766
0.495766
0.495766
0.495766
0.495766
0.495766
0.495766
0.495766
0.495766
0.495766
0.495766
0.495766
0.495766
0.495766
0.495766
0.495766
0.495766
0.495766
0.495766
0.495766
0.495766
0.495766
0.495766
0.495766
0.495766
0.495766
0.495766
0.495766
0.495766
0.495766
0.495766
0.495766
0.495766
0.495766
0.495766
0.495766
0.495766
0.495766
0.495766
0.495766
0.495766
0.495766
0.495766
0.495766
0.495766
0.495766
0.495766
0.495766
0.495766
0.495766
0.495766
0.495766
0.495766
0.495766
0.495766
0.495766
0.495766
0.495766
0.495766
0.495766
0.495766
0.495766
0.495766
0.495766
0.495766
0.495766
0.495766
0.495766
0.495766
0.495766
0.495766
0.495766
0.495766
0.495766
0.495766
0.495766
0.495766
0.495766
0.495766
0.495766
0.495766
0.495766
0.495766
0.495766
0.495766
0.495766
0.495766
0.495766
0.495766
0.495766
0.495766
0.495766
0.495766
0.495766
0.495766
0.495766
0.495766
0.495766
0.495766
0.495766
0.495766
0.495766
0.495766
0.495766
0.495766
0.495766
0.495766
0.495766
0.495766
0.495766
0.495766
0.495766
0.495766
0.495766
0.495766
0.495766
0.495766
0.495766
0.495766
0.495766
0.495766
0.495766
0.495766
0.495766
0.495766
0.495766
0.495766
0.495766
0.495766
0.495766
0.495766
0.495766
0.495766
0.495766
0.495766
0.495766
0.495766
0.495766
0.495766
0.495766
0.495766
0.495766
0.495766
0.495766
0.495766
0.495766
0.495766
0.495766
0.495766
0.495766
0.495766
0.495766
0.495766
0.495766
0.495766
0.495766
0.495766
0.495766
0.495766
0.495766
0.495766
0.495766
0.495766
0.495766
0.495766
0.495766
0.495766
0.495766
0.495766
0.495766
0.495766
0.495766
0.495766
0.495766
0.495766
0.495766
0.495766
0.495766
0.495766
0.495766
0.495766
0.495766
0.495766
0.495766
0.495766
0.495766
0.495766
0.495766
0.495766
0.495766
0.495766
0.495766
0.495766
0.495766
0.495766
0.495766
0.495766
0.495766
0.495766
0.495766
0.495766
0.495766
0.495766
0.495766
0.495766
0.495766
0.495766
0.495766
0.495766
0.495766
0.495766
0.495766
0.495766
0.495766
0.495766
0.495766
0.495766
0.495766
0.495766
0.495766
0.495766
0.495766
0.495766
0.495766
0.495766
0.495766
0.495766
0.495766
0.495766
0.495766
0.495766
0.495766
0.495766
0.495766
0.495766
0.495766
0.495766
0.495766
0.495766
0.495766
0.495766
0.495766
0.495766
0.495766
0.495766
0.495766
0.495766
0.495766
0.495766
0.495766
0.495766
0.495766
0.495766
0.495766
0.495766
0.495766
0.495766
0.495766
0.495766
0.495766
0.495766
0.495766
0.495766
0.495766
0.495766
0.495766
0.495766
0.495766
0.495766
0.495766
0.495766
0.495766
0.495766
0.495766
0.495766
0.495766
0.495766
0.495766
0.495766
0.495766
0.495766
0.495766
0.495766
0.495766
0.495766
0.495766
0.495766
0.495766
0.495766
0.495766
0.495766
0.495766
0.495766
0.495766
0.495766
0.495766
0.495766
0.495766
0.495766
0.495766
0.495766
0.495766
0.495766
0.495766
0.495766
0.495766
0.495766
0.495766
0.495766
0.495766
0.495766
0.495766
0.495766
0.495766
0.495766
0.495766
0.495766
0.495766
0.495766
0.495766
0.495766
0.495766
0.495766
0.495766
0.495766
0.495766
0.495766
0.495766
0.495766
0.495766
0.495766
0.495766
0.495766
0.495766
0.495766
0.495766
0.495766
0.495766
0.495766
0.495766
0.495766
0.495766
0.495766
0.495766
0.495766
0.495766
0.495766
0.495766
0.495766
0.495766
0.495766
0.495766
0.495766
0.495766
0.495766
0.495766
0.495766
0.495766
0.495766
0.495766
0.495766
0.495766
0.495766
0.495766
0.495766
0.495766
0.495766
0.495766
0.495766
0.495766
0.495766
0.495766
0.495766
0.495766
0.495766
0.495766
0.495766
0.495766
0.495766
0.495766
0.495766
0.495766
0.495766
0.495766
0.495766
0.495766
0.495766
0.495766
0.495766
0.495766
0.495766
0.495766
0.495766
0.495766
0.495766
0.495766
0.495766
0.495766
0.495766
0.495766
0.495766
0.495766
0.495766
0.495766
0.495766
0.495766
0.495766
0.495766
0.495766
0.495766
0.495766
0.495766
0.495766
0.495766
0.495766
0.495766
0.495766
0.495766
0.495766
0.495766
0.495766
0.495766
0.495766
0.495766
0.495766
0.495766
0.495766
0.495766
0.495766
0.495766
0.495766
0.495766
0.495766
0.495766
0.495766
0.495766
0.495766
0.495766
0.495766
0.495766
0.495766
0.495766
0.495766
0.495766
0.495766
0.495766
0.495766
0.495766
0.495766
0.495766
0.495766
0.495766
0.495766
0.495766
0.495766
0.495766
0.495766
0.495766
0.495766
0.495766
0.495766
0.495766
0.495766
0.495766
0.495766
0.495766
0.495766
0.495766
0.495766
0.495766
0.495766
0.495766
0.495766
0.495766
0.495766
0.495766
0.495766
0.495766
0.495766
0.495766
0.495766
0.495766
0.495766
0.495766
0.495766
0.495766
0.495766
0.495766
0.495766
0.495766
0.495766
0.495766
0.495766
0.495766
0.495766
0.495766
0.495766
0.495766
0.495766
0.495766
0.495766
0.495766
0.495766
0.495766
0.495766
0.495766
0.495766
0.495766
0.495766
0.495766
0.495766
0.495766
0.495766
0.495766
0.495766
0.495766
0.495766
0.495766
0.495766
0.495766
0.495766
0.495766
0.495766
0.495766
0.495766
0.495766
0.495766
0.495766
0.495766
0.495766
0.495766
0.495766
0.495766
0.495766
0.495766
0.495766
0.495766
0.495766
0.495766
0.495766
0.495766
0.495766
0.495766
0.495766
0.495766
0.495766
0.495766
0.495766
0.495766
0.495766
0.495766
0.495766
0.495766
0.495766
0.495766
0.495766
0.495766
0.495766
0.495766
0.495766
0.495766
0.495766
0.495766
0.495766
0.495766
0.495766
0.495766
0.495766
0.495766
0.495766
0.495766
0.495766
0.495766
0.495766
0.495766
0.495766
0.495766
0.495766
0.495766
0.495766
0.495766
0.495766
0.495766
0.495766
0.495766
0.495766
0.495766
0.495766
0.495766
0.495766
0.495766
0.495766
0.495766
0.495766
0.495766
0.495766
0.495766
0.495766
0.495766
0.495766
0.495766
0.495766
0.495766
0.495766
0.495766
0.495766
0.495766
0.495766
0.495766
0.495766
0.495766
0.495766
0.495766
0.495766
0.495766
0.495766
0.495766
0.495766
0.495766
0.495766
0.495766
0.495766
0.495766
0.495766
0.495766
0.495766
0.495766
0.495766
0.495766
0.495766
0.495766
0.495766
0.495766
0.495766
0.495766
0.495766
0.495766
0.495766
0.495766
0.495766
0.495766
0.495766
0.495766
0.495766
0.495766
0.495766
0.495766
0.495766
0.495766
0.495766
0.495766
0.495766
0.495766
0.495766
0.495766
0.495766
0.495766
0.495766
0.495766
0.495766
0.495766
0.495766
0.495766
0.495766
0.495766
0.495766
0.495766
0.495766
0.495766
0.495766
0.495766
0.495766
0.495766
0.495766
0.495766
0.495766
0.495766
0.495766
0.495766
0.495766
0.495766
0.495766
0.495766
0.495766
0.495766
0.495766
0.495766
0.495766
0.495766
0.495766
0.495766
0.495766
0.495766
0.495766
0.495766
0.495766
0.495766
0.495766
0.495766
0.495766
0.495766
0.495766
0.495766
0.495766
0.495766
0.495766
0.495766
0.495766
0.495766
0.495766
0.495766
0.495766
0.495766
0.495766
0.495766
0.495766
0.495766
0.495766
0.495766
0.495766
0.495766
0.495766
0.495766
0.495766
0.495766
0.495766
0.495766
0.495766
0.495766
0.495766
0.495766
0.495766
0.495766
0.495766
0.495766
0.495766
0.495766
0.495766
0.495766
0.495766
0.495766
0.495766
0.495766
0.495766
0.495766
0.495766
0.495766
0.495766
0.495766
0.495766
0.495766
0.495766
0.495766
0.495766
0.495766
0.495766
0.495766
0.495766
0.495766
0.495766
0.495766
0.495766
0.495766
0.495766
0.495766
0.495766
0.495766
)
;
        value           nonuniform List<scalar> 
990
(
321.073
321.472
321.872
322.216
322.513
322.771
322.998
323.198
323.376
323.535
323.679
323.809
323.928
324.037
324.137
324.23
324.316
324.395
324.469
324.537
324.601
324.661
324.717
324.771
324.822
324.87
324.917
324.963
325.007
325.05
325.092
325.128
325.151
325.182
325.215
325.248
325.279
325.311
325.341
325.371
325.4
325.428
325.456
325.484
325.511
325.537
325.564
325.589
325.614
325.638
325.661
325.683
325.706
325.728
325.751
325.773
325.796
325.823
325.862
325.888
325.911
325.932
325.953
325.973
325.992
326.01
326.029
326.047
326.065
326.083
326.1
326.117
326.135
326.152
326.168
326.185
326.201
326.217
326.233
326.249
326.266
326.283
326.301
326.32
326.341
326.365
326.395
326.442
326.549
326.837
321.073
321.472
321.872
322.216
322.513
322.771
322.998
323.198
323.375
323.535
323.679
323.809
323.928
324.037
324.137
324.23
324.316
324.395
324.469
324.537
324.601
324.661
324.717
324.771
324.822
324.871
324.919
324.965
325.01
325.053
325.095
325.134
325.17
325.204
325.238
325.271
325.304
325.335
325.366
325.396
325.425
325.454
325.482
325.509
325.536
325.562
325.588
325.614
325.639
325.663
325.687
325.71
325.733
325.755
325.778
325.8
325.822
325.845
325.869
325.891
325.912
325.933
325.955
325.975
325.994
326.013
326.031
326.049
326.068
326.085
326.103
326.12
326.138
326.155
326.172
326.188
326.204
326.22
326.236
326.253
326.269
326.286
326.304
326.322
326.343
326.366
326.396
326.443
326.55
326.838
321.073
321.472
321.872
322.216
322.513
322.771
322.997
323.197
323.375
323.535
323.679
323.809
323.928
324.037
324.137
324.23
324.316
324.395
324.468
324.537
324.601
324.661
324.718
324.772
324.824
324.873
324.921
324.967
325.012
325.056
325.098
325.137
325.174
325.209
325.243
325.277
325.31
325.342
325.373
325.403
325.432
325.461
325.489
325.516
325.543
325.569
325.595
325.62
325.645
325.67
325.694
325.718
325.741
325.764
325.786
325.808
325.83
325.852
325.873
325.894
325.915
325.936
325.957
325.977
325.996
326.015
326.034
326.052
326.071
326.089
326.106
326.124
326.141
326.158
326.175
326.192
326.209
326.225
326.241
326.257
326.274
326.29
326.307
326.326
326.346
326.369
326.398
326.445
326.552
326.841
321.073
321.472
321.872
322.216
322.513
322.771
322.997
323.197
323.375
323.535
323.679
323.809
323.928
324.037
324.137
324.23
324.315
324.395
324.468
324.537
324.601
324.662
324.719
324.773
324.825
324.875
324.923
324.97
325.015
325.058
325.099
325.138
325.175
325.211
325.246
325.279
325.312
325.344
325.375
325.406
325.435
325.464
325.492
325.52
325.546
325.572
325.598
325.623
325.648
325.673
325.698
325.722
325.746
325.769
325.791
325.813
325.835
325.856
325.877
325.898
325.919
325.939
325.96
325.98
325.999
326.018
326.037
326.055
326.074
326.092
326.11
326.127
326.145
326.162
326.179
326.196
326.212
326.229
326.246
326.262
326.278
326.295
326.312
326.33
326.35
326.373
326.401
326.448
326.555
326.843
321.073
321.471
321.872
322.216
322.513
322.771
322.997
323.197
323.375
323.535
323.678
323.809
323.928
324.037
324.137
324.23
324.315
324.394
324.468
324.537
324.601
324.662
324.72
324.775
324.827
324.877
324.926
324.972
325.017
325.06
325.101
325.139
325.176
325.212
325.247
325.281
325.314
325.346
325.377
325.407
325.437
325.466
325.494
325.522
325.549
325.575
325.6
325.626
325.651
325.676
325.701
325.725
325.749
325.772
325.795
325.817
325.839
325.86
325.881
325.902
325.922
325.943
325.963
325.983
326.002
326.021
326.04
326.059
326.077
326.095
326.113
326.131
326.148
326.165
326.182
326.199
326.216
326.233
326.25
326.267
326.283
326.3
326.317
326.335
326.355
326.377
326.405
326.451
326.558
326.846
321.073
321.471
321.872
322.216
322.513
322.771
322.997
323.197
323.375
323.534
323.678
323.809
323.928
324.037
324.137
324.229
324.315
324.394
324.468
324.537
324.602
324.663
324.721
324.777
324.829
324.879
324.928
324.974
325.019
325.061
325.102
325.14
325.178
325.213
325.248
325.282
325.316
325.348
325.379
325.409
325.439
325.468
325.497
325.524
325.551
325.577
325.603
325.629
325.654
325.679
325.704
325.728
325.752
325.775
325.798
325.821
325.843
325.864
325.885
325.906
325.927
325.947
325.967
325.987
326.006
326.025
326.044
326.063
326.081
326.099
326.118
326.135
326.153
326.17
326.187
326.204
326.221
326.238
326.255
326.272
326.289
326.306
326.323
326.341
326.361
326.383
326.411
326.456
326.562
326.85
321.072
321.471
321.871
322.216
322.512
322.771
322.997
323.197
323.375
323.534
323.678
323.809
323.928
324.037
324.137
324.229
324.315
324.394
324.469
324.538
324.603
324.665
324.723
324.778
324.831
324.882
324.93
324.976
325.02
325.063
325.103
325.142
325.179
325.215
325.25
325.284
325.318
325.35
325.381
325.412
325.442
325.471
325.499
325.527
325.554
325.581
325.607
325.632
325.658
325.683
325.708
325.732
325.756
325.779
325.802
325.825
325.847
325.869
325.89
325.911
325.931
325.952
325.972
325.991
326.011
326.03
326.049
326.068
326.087
326.105
326.123
326.141
326.158
326.176
326.193
326.21
326.227
326.244
326.262
326.279
326.296
326.313
326.33
326.349
326.368
326.39
326.417
326.462
326.567
326.855
321.072
321.471
321.871
322.215
322.512
322.77
322.997
323.197
323.375
323.534
323.678
323.809
323.928
324.037
324.137
324.23
324.316
324.395
324.47
324.539
324.605
324.667
324.725
324.781
324.834
324.884
324.933
324.979
325.023
325.065
325.106
325.145
325.182
325.219
325.254
325.288
325.321
325.354
325.385
325.416
325.446
325.476
325.504
325.532
325.559
325.586
325.613
325.639
325.664
325.689
325.714
325.738
325.762
325.786
325.809
325.832
325.854
325.876
325.897
325.918
325.939
325.959
325.979
325.999
326.019
326.038
326.057
326.076
326.095
326.113
326.131
326.149
326.167
326.184
326.201
326.218
326.235
326.253
326.27
326.287
326.304
326.321
326.338
326.357
326.376
326.398
326.424
326.467
326.571
326.856
321.072
321.471
321.871
322.215
322.513
322.771
322.997
323.198
323.376
323.536
323.68
323.811
323.93
324.039
324.14
324.233
324.319
324.399
324.474
324.544
324.61
324.672
324.731
324.787
324.841
324.891
324.94
324.986
325.03
325.073
325.113
325.153
325.191
325.228
325.263
325.298
325.332
325.364
325.396
325.427
325.458
325.487
325.516
325.544
325.572
325.599
325.626
325.652
325.678
325.704
325.729
325.753
325.777
325.801
325.824
325.847
325.869
325.892
325.913
325.935
325.956
325.976
325.996
326.016
326.036
326.055
326.075
326.094
326.112
326.131
326.149
326.167
326.184
326.202
326.219
326.236
326.253
326.27
326.287
326.304
326.321
326.338
326.355
326.373
326.393
326.414
326.44
326.481
326.58
326.86
321.073
321.473
321.874
322.22
322.518
322.777
323.005
323.207
323.386
323.547
323.693
323.825
323.945
324.056
324.158
324.252
324.339
324.42
324.497
324.568
324.635
324.699
324.759
324.816
324.87
324.922
324.971
325.019
325.064
325.107
325.149
325.19
325.229
325.267
325.303
325.339
325.374
325.407
325.44
325.472
325.504
325.534
325.564
325.594
325.622
325.651
325.678
325.705
325.732
325.758
325.784
325.809
325.834
325.859
325.883
325.907
325.93
325.953
325.976
325.998
326.019
326.041
326.062
326.082
326.103
326.123
326.143
326.162
326.182
326.201
326.22
326.238
326.256
326.274
326.292
326.309
326.327
326.344
326.361
326.379
326.396
326.413
326.431
326.449
326.469
326.49
326.516
326.554
326.647
326.914
321.079
321.486
321.894
322.245
322.55
322.815
323.049
323.256
323.441
323.607
323.758
323.895
324.02
324.135
324.241
324.34
324.431
324.517
324.597
324.673
324.744
324.811
324.875
324.936
324.994
325.049
325.102
325.153
325.201
325.248
325.293
325.337
325.38
325.421
325.461
325.5
325.537
325.574
325.61
325.645
325.68
325.713
325.746
325.779
325.81
325.841
325.872
325.902
325.931
325.96
325.989
326.017
326.044
326.071
326.098
326.124
326.15
326.175
326.2
326.225
326.249
326.273
326.297
326.32
326.342
326.365
326.387
326.409
326.43
326.451
326.472
326.493
326.513
326.533
326.553
326.572
326.592
326.611
326.63
326.649
326.668
326.687
326.706
326.726
326.747
326.769
326.795
326.833
326.915
327.147
)
;
        Tnbr            T;
        qrNbr           none;
        qr              none;
        thermalInertia  false;
        thicknessLayers List<scalar> 0();
        kappaLayers     List<scalar> 0();
        kappaMethod     solidThermo;
        kappa           none;
        alphaAni        none;
        alpha           none;
    }
    asphalt_to_air
    {
        type            compressible::turbulentTemperatureRadCoupledMixed;
        refValue        nonuniform List<scalar> 
990
(
310.211
310.408
310.585
310.746
310.895
311.033
311.163
311.285
311.4
311.509
311.613
311.712
311.807
311.898
311.985
312.07
312.152
312.231
312.308
312.383
312.456
312.528
312.597
312.665
312.732
312.797
312.862
312.925
312.986
313.047
313.107
313.167
313.225
313.282
313.339
313.394
313.449
313.504
313.557
313.61
313.662
313.714
313.764
313.815
313.864
313.913
313.962
314.009
314.056
314.103
314.149
314.194
314.239
314.283
314.326
314.369
314.411
314.453
314.494
314.535
314.576
314.615
314.655
314.693
314.732
314.769
314.807
314.843
314.88
314.915
314.951
314.986
315.02
315.054
315.087
315.12
315.153
315.185
315.217
315.249
315.28
315.311
315.341
315.372
315.402
315.432
315.462
315.493
315.526
315.564
310.211
310.408
310.585
310.746
310.895
311.033
311.163
311.285
311.4
311.509
311.613
311.712
311.807
311.898
311.985
312.07
312.152
312.231
312.308
312.383
312.456
312.527
312.597
312.665
312.732
312.797
312.861
312.924
312.986
313.047
313.107
313.166
313.224
313.282
313.338
313.394
313.449
313.503
313.557
313.61
313.662
313.713
313.764
313.814
313.864
313.913
313.961
314.009
314.056
314.102
314.148
314.193
314.238
314.282
314.326
314.369
314.411
314.453
314.494
314.535
314.575
314.615
314.654
314.693
314.731
314.769
314.806
314.843
314.879
314.915
314.95
314.985
315.019
315.053
315.087
315.12
315.153
315.185
315.217
315.248
315.28
315.311
315.341
315.372
315.402
315.432
315.462
315.493
315.526
315.565
310.211
310.408
310.585
310.746
310.895
311.033
311.163
311.285
311.4
311.509
311.613
311.712
311.806
311.898
311.985
312.07
312.152
312.231
312.308
312.383
312.456
312.527
312.597
312.665
312.732
312.797
312.861
312.924
312.986
313.047
313.107
313.166
313.224
313.281
313.338
313.394
313.449
313.503
313.556
313.609
313.661
313.713
313.763
313.814
313.863
313.912
313.96
314.008
314.055
314.101
314.147
314.192
314.237
314.281
314.325
314.368
314.41
314.452
314.493
314.534
314.574
314.614
314.653
314.692
314.73
314.768
314.805
314.842
314.879
314.914
314.95
314.985
315.019
315.053
315.087
315.12
315.153
315.186
315.218
315.25
315.281
315.312
315.343
315.374
315.404
315.434
315.465
315.496
315.529
315.568
310.211
310.408
310.585
310.746
310.895
311.033
311.163
311.285
311.4
311.509
311.613
311.712
311.806
311.897
311.985
312.07
312.152
312.231
312.308
312.383
312.456
312.527
312.597
312.665
312.731
312.797
312.861
312.924
312.986
313.047
313.107
313.166
313.224
313.281
313.338
313.393
313.448
313.502
313.556
313.609
313.661
313.712
313.763
313.813
313.862
313.911
313.96
314.007
314.054
314.101
314.146
314.192
314.236
314.28
314.324
314.367
314.409
314.451
314.493
314.533
314.574
314.614
314.653
314.692
314.73
314.768
314.805
314.842
314.878
314.914
314.95
314.985
315.019
315.053
315.087
315.12
315.153
315.186
315.218
315.25
315.282
315.313
315.344
315.375
315.405
315.436
315.466
315.498
315.531
315.57
310.211
310.408
310.585
310.746
310.895
311.033
311.163
311.285
311.4
311.509
311.612
311.711
311.806
311.897
311.985
312.07
312.152
312.231
312.308
312.383
312.456
312.527
312.597
312.665
312.731
312.797
312.861
312.924
312.986
313.046
313.106
313.165
313.223
313.281
313.337
313.393
313.448
313.502
313.555
313.608
313.66
313.711
313.762
313.812
313.862
313.91
313.959
314.006
314.053
314.1
314.145
314.191
314.235
314.279
314.323
314.366
314.408
314.45
314.492
314.532
314.573
314.613
314.652
314.691
314.729
314.767
314.804
314.841
314.877
314.913
314.949
314.984
315.019
315.053
315.087
315.12
315.153
315.186
315.218
315.25
315.282
315.313
315.345
315.375
315.406
315.437
315.468
315.499
315.533
315.572
310.211
310.408
310.585
310.746
310.895
311.033
311.163
311.285
311.4
311.509
311.612
311.711
311.806
311.897
311.985
312.07
312.151
312.231
312.308
312.383
312.456
312.527
312.596
312.664
312.731
312.796
312.861
312.924
312.985
313.046
313.106
313.165
313.223
313.281
313.337
313.393
313.447
313.502
313.555
313.608
313.66
313.711
313.762
313.812
313.861
313.91
313.958
314.006
314.053
314.099
314.145
314.19
314.235
314.279
314.323
314.366
314.408
314.45
314.491
314.532
314.573
314.612
314.652
314.691
314.729
314.767
314.804
314.841
314.878
314.914
314.949
314.984
315.019
315.053
315.087
315.121
315.154
315.187
315.219
315.251
315.283
315.315
315.346
315.377
315.408
315.439
315.47
315.502
315.535
315.575
310.211
310.408
310.585
310.746
310.895
311.033
311.163
311.285
311.4
311.509
311.612
311.711
311.806
311.897
311.985
312.069
312.151
312.231
312.308
312.382
312.455
312.527
312.596
312.664
312.731
312.796
312.86
312.923
312.985
313.046
313.106
313.165
313.223
313.28
313.337
313.392
313.447
313.501
313.554
313.607
313.659
313.71
313.761
313.811
313.86
313.909
313.957
314.005
314.052
314.098
314.144
314.189
314.234
314.278
314.322
314.365
314.407
314.449
314.49
314.531
314.572
314.611
314.651
314.69
314.728
314.766
314.803
314.84
314.877
314.913
314.949
314.984
315.019
315.053
315.087
315.121
315.154
315.187
315.219
315.252
315.284
315.315
315.347
315.378
315.409
315.44
315.471
315.503
315.537
315.577
310.211
310.408
310.585
310.746
310.895
311.033
311.163
311.284
311.399
311.509
311.612
311.711
311.806
311.897
311.985
312.069
312.151
312.23
312.307
312.382
312.455
312.527
312.596
312.664
312.731
312.796
312.86
312.923
312.985
313.046
313.106
313.165
313.223
313.28
313.337
313.392
313.447
313.501
313.554
313.607
313.659
313.71
313.761
313.811
313.86
313.909
313.957
314.005
314.052
314.098
314.144
314.189
314.234
314.278
314.321
314.364
314.407
314.449
314.49
314.531
314.571
314.611
314.65
314.689
314.727
314.765
314.802
314.839
314.875
314.911
314.947
314.982
315.016
315.05
315.084
315.118
315.151
315.183
315.215
315.247
315.279
315.31
315.341
315.372
315.403
315.433
315.464
315.495
315.529
315.568
310.211
310.408
310.585
310.746
310.895
311.033
311.163
311.284
311.399
311.508
311.612
311.711
311.806
311.897
311.985
312.069
312.151
312.23
312.307
312.382
312.455
312.526
312.596
312.664
312.731
312.796
312.86
312.923
312.985
313.046
313.106
313.165
313.223
313.28
313.336
313.392
313.446
313.501
313.554
313.606
313.658
313.71
313.76
313.81
313.859
313.908
313.956
314.003
314.05
314.096
314.142
314.187
314.231
314.275
314.319
314.361
314.403
314.445
314.486
314.527
314.567
314.606
314.645
314.683
314.721
314.759
314.796
314.832
314.868
314.903
314.938
314.973
315.007
315.04
315.073
315.106
315.139
315.17
315.202
315.233
315.264
315.294
315.325
315.354
315.384
315.414
315.443
315.473
315.505
315.543
310.211
310.408
310.585
310.746
310.895
311.033
311.163
311.285
311.4
311.509
311.612
311.712
311.806
311.898
311.985
312.07
312.152
312.231
312.308
312.384
312.457
312.528
312.598
312.666
312.733
312.798
312.863
312.926
312.988
313.049
313.109
313.168
313.226
313.283
313.34
313.396
313.45
313.505
313.558
313.611
313.663
313.714
313.765
313.815
313.864
313.913
313.961
314.009
314.056
314.102
314.148
314.193
314.237
314.281
314.325
314.367
314.41
314.451
314.492
314.533
314.573
314.612
314.651
314.689
314.727
314.764
314.801
314.837
314.873
314.908
314.943
314.977
315.011
315.044
315.077
315.109
315.141
315.172
315.203
315.234
315.264
315.294
315.324
315.353
315.382
315.411
315.44
315.47
315.501
315.538
310.211
310.408
310.585
310.747
310.896
311.035
311.165
311.287
311.403
311.512
311.617
311.716
311.812
311.904
311.992
312.077
312.16
312.24
312.318
312.394
312.468
312.54
312.61
312.68
312.747
312.814
312.879
312.943
313.005
313.067
313.128
313.188
313.247
313.306
313.363
313.42
313.475
313.53
313.585
313.639
313.692
313.744
313.795
313.846
313.897
313.946
313.996
314.044
314.092
314.139
314.186
314.232
314.277
314.322
314.366
314.41
314.453
314.495
314.537
314.579
314.619
314.66
314.699
314.738
314.777
314.815
314.853
314.89
314.926
314.962
314.998
315.033
315.067
315.102
315.135
315.168
315.201
315.233
315.265
315.296
315.327
315.358
315.388
315.418
315.447
315.477
315.507
315.536
315.568
315.605
)
;
        refGradient     nonuniform List<scalar> 
990
(
71.2844
69.0562
67.3206
65.7958
64.4814
63.3376
62.3333
61.4446
60.6524
59.9417
59.3003
58.7186
58.1887
57.7041
57.2592
56.849
56.4685
56.1138
55.7813
55.4686
55.1741
54.8966
54.6352
54.3889
54.1565
53.9366
53.7287
53.5327
53.3489
53.1771
53.0158
52.8664
52.7394
52.5956
52.449
52.3056
52.1665
52.0319
51.9013
51.7742
51.6501
51.5289
51.4102
51.2935
51.1797
51.0678
50.958
50.85
50.743
50.6362
50.53
50.4256
50.324
50.2255
50.1296
50.0353
49.9413
49.8437
49.7314
49.6376
49.5528
49.4712
49.3915
49.3135
49.2341
49.1557
49.0789
49.0035
48.929
48.8553
48.7825
48.7107
48.64
48.5703
48.5012
48.4323
48.3637
48.2956
48.2286
48.1631
48.099
48.0365
47.9755
47.9169
47.8618
47.8105
47.7623
47.7265
47.8235
48.8936
71.2839
69.0557
67.3202
65.7954
64.4811
63.3373
62.3332
61.4445
60.6524
59.9418
59.3007
58.7193
58.1898
57.7055
57.2608
56.8505
56.4699
56.115
55.7824
55.4697
55.1754
54.8984
54.6376
54.392
54.1601
53.9408
53.7336
53.5386
53.3554
53.1828
53.0182
52.8595
52.7063
52.554
52.4048
52.2603
52.1221
51.9876
51.8564
51.7285
51.6039
51.4823
51.3633
51.2468
51.1311
51.0178
50.9073
50.7991
50.6928
50.5879
50.4843
50.382
50.2817
50.1835
50.0874
49.9931
49.9004
49.8088
49.7152
49.6273
49.5433
49.4615
49.3855
49.307
49.2277
49.1493
49.0724
48.9969
48.9227
48.8494
48.777
48.7055
48.6351
48.5657
48.4971
48.4289
48.361
48.2934
48.2265
48.1605
48.0956
48.0319
47.9697
47.91
47.8539
47.8017
47.7529
47.717
47.8143
48.8855
71.2832
69.0551
67.3195
65.7948
64.4806
63.3369
62.3328
61.4442
60.6522
59.9418
59.3009
58.7198
58.1906
57.7066
57.262
56.8516
56.4709
56.1158
55.7832
55.4708
55.177
54.9007
54.6408
54.3959
54.1647
53.9461
53.7397
53.5453
53.3621
53.1881
53.0205
52.8575
52.6985
52.5434
52.3933
52.2483
52.1103
51.9757
51.844
51.7156
51.5905
51.4685
51.3493
51.2329
51.1163
51.0022
50.8912
50.7827
50.6766
50.573
50.4712
50.3708
50.2717
50.174
50.078
49.9839
49.8917
49.8013
49.7105
49.6235
49.539
49.4565
49.3794
49.3004
49.221
49.1426
49.0655
48.9899
48.9157
48.8426
48.7703
48.6988
48.6284
48.559
48.4905
48.4228
48.3555
48.2886
48.2222
48.1563
48.091
48.0264
47.9632
47.9024
47.8449
47.7912
47.7408
47.7039
47.8009
48.873
71.2823
69.0542
67.3187
65.794
64.4799
63.3363
62.3323
61.4438
60.6519
59.9417
59.301
58.7202
58.1912
57.7073
57.2627
56.8523
56.4715
56.1164
55.7839
55.472
55.1789
54.9036
54.6446
54.4005
54.17
53.952
53.7462
53.5519
53.3679
53.1919
53.0218
52.8561
52.6949
52.5389
52.3886
52.2434
52.105
51.9701
51.8379
51.7091
51.5837
51.4614
51.3419
51.2253
51.1085
50.9943
50.883
50.7743
50.6683
50.5652
50.4645
50.3653
50.2671
50.17
50.0745
49.9807
49.8888
49.7986
49.7093
49.622
49.5369
49.4538
49.3744
49.2948
49.2154
49.137
49.0599
48.9843
48.9101
48.8371
48.7649
48.6936
48.6231
48.5536
48.4852
48.4178
48.3511
48.2851
48.2195
48.1543
48.0893
48.0248
47.9614
47.9
47.8416
47.7864
47.7343
47.6958
47.792
48.8639
71.2813
69.0532
67.3178
65.7931
64.479
63.3355
62.3316
61.4433
60.6516
59.9415
59.3011
58.7205
58.1917
57.708
57.2634
56.853
56.4721
56.1171
55.785
55.4736
55.1815
54.9073
54.6492
54.4059
54.176
53.9585
53.7529
53.5583
53.373
53.195
53.0226
52.8553
52.6932
52.5371
52.3868
52.2414
52.1024
51.9669
51.8344
51.7053
51.5797
51.4572
51.3374
51.2206
51.104
50.9899
50.8788
50.7701
50.6642
50.5612
50.4608
50.3621
50.2645
50.168
50.073
49.9797
49.8881
49.7981
49.7095
49.6222
49.5367
49.4529
49.3719
49.2917
49.2123
49.1339
49.0568
48.9812
48.907
48.8339
48.7619
48.6905
48.6199
48.5503
48.4817
48.4144
48.3481
48.2828
48.2179
48.1533
48.0889
48.0248
47.9615
47.9
47.841
47.7846
47.7306
47.6901
47.7852
48.8559
71.2802
69.0521
67.3166
65.792
64.478
63.3346
62.3308
61.4426
60.651
59.9412
59.3009
58.7205
58.1919
57.7083
57.2637
56.8533
56.4724
56.1176
55.786
55.4755
55.1845
54.9112
54.654
54.4112
54.1817
53.9645
53.7588
53.5633
53.3765
53.1966
53.0227
52.8545
52.6922
52.5362
52.3859
52.2404
52.1006
51.9645
51.8317
51.7025
51.5766
51.4539
51.334
51.2168
51.1006
50.9869
50.876
50.7675
50.6617
50.5587
50.4581
50.3593
50.262
50.1659
50.0713
49.9784
49.8872
49.7975
49.7092
49.6221
49.5364
49.4524
49.3704
49.2898
49.2102
49.1319
49.0549
48.9793
48.905
48.8321
48.7601
48.6888
48.6182
48.5485
48.4798
48.4125
48.3465
48.2815
48.2172
48.1533
48.0894
48.0259
47.9632
47.9019
47.8427
47.7853
47.7295
47.6868
47.7805
48.8496
71.279
69.0508
67.3153
65.7908
64.4769
63.3336
62.3299
61.4419
60.6505
59.9409
59.3009
58.7207
58.1923
57.7088
57.2643
56.8539
56.4733
56.1189
55.788
55.4784
55.1884
54.916
54.6594
54.4171
54.1879
53.9708
53.7646
53.5682
53.38
53.1988
53.024
52.8555
52.6935
52.5376
52.3873
52.2418
52.1013
51.9648
51.8318
51.7025
51.5766
51.4537
51.3337
51.2163
51.1006
50.9874
50.8768
50.7687
50.6632
50.5601
50.4591
50.3601
50.2627
50.1669
50.0728
49.9803
49.8895
49.8001
49.7122
49.6255
49.54
49.456
49.3737
49.2928
49.2132
49.135
49.0581
48.9826
48.9084
48.8355
48.7636
48.6924
48.6219
48.5523
48.4836
48.4164
48.3505
48.2858
48.2219
48.1584
48.0952
48.0323
47.9703
47.9095
47.8503
47.7925
47.7354
47.6902
47.7821
48.8495
71.2776
69.0491
67.3136
65.789
64.4751
63.3318
62.3282
61.4403
60.6491
59.9396
59.2998
58.7198
58.1915
57.7081
57.2637
56.8534
56.4731
56.1192
55.7891
55.4805
55.1913
54.9195
54.6634
54.4214
54.1923
53.975
53.7684
53.571
53.3818
53.1998
53.0247
52.8564
52.6947
52.539
52.3887
52.2432
52.1022
51.9654
51.8325
51.7031
51.5772
51.4544
51.3343
51.2168
51.1017
50.9891
50.879
50.7714
50.6662
50.5631
50.4621
50.3629
50.2656
50.1701
50.0763
49.9844
49.894
49.8052
49.7179
49.6319
49.5471
49.4637
49.3817
49.3011
49.222
49.1443
49.068
48.9931
48.9196
48.8473
48.776
48.7056
48.636
48.5672
48.4995
48.4332
48.3683
48.3048
48.2421
48.1801
48.1185
48.0575
47.9975
47.9387
47.8813
47.8248
47.7681
47.7214
47.8107
48.8741
71.2755
69.0462
67.3102
65.7853
64.4711
63.3278
62.3241
61.4362
60.6451
59.9358
59.2962
58.7164
58.1883
57.705
57.2609
56.851
56.4712
56.1181
55.7889
55.4812
55.1928
54.9217
54.6661
54.4244
54.1955
53.9781
53.7711
53.5733
53.3837
53.2017
53.027
52.8592
52.698
52.5426
52.3926
52.2473
52.1063
51.9697
51.837
51.7081
51.5824
51.4599
51.3403
51.2232
51.1089
50.9971
50.8878
50.781
50.6765
50.574
50.4734
50.3747
50.2779
50.1831
50.0903
49.9992
49.9099
49.8222
49.736
49.6513
49.5679
49.4859
49.4051
49.3258
49.248
49.1717
49.0969
49.0235
48.9515
48.8807
48.8109
48.7421
48.6743
48.6075
48.5418
48.4775
48.4147
48.3532
48.2926
48.2329
48.174
48.116
48.0593
48.0039
47.95
47.8968
47.8427
47.7953
47.8782
48.9305
71.2741
69.0468
67.3123
65.789
64.4765
63.3348
62.3329
61.4468
60.6575
59.95
59.3122
58.7342
58.208
57.7266
57.2844
56.8764
56.4987
56.1477
55.8208
55.5153
55.2289
54.9597
54.7057
54.4656
54.2381
54.022
53.8161
53.6193
53.431
53.2505
53.0775
52.9115
52.7518
52.598
52.4493
52.3055
52.1659
52.0306
51.8994
51.7718
51.6476
51.5266
51.4083
51.2928
51.1802
51.0702
50.9626
50.8574
50.7545
50.6536
50.5545
50.4573
50.3621
50.2689
50.1778
50.0884
50.0009
49.915
49.8309
49.7482
49.667
49.5872
49.5086
49.4315
49.356
49.282
49.2095
49.1384
49.0688
49.0003
48.933
48.8667
48.8014
48.7373
48.6744
48.6128
48.5526
48.4936
48.4356
48.3786
48.3225
48.2676
48.214
48.1619
48.1114
48.062
48.0114
47.9631
48.0291
49.0386
71.3173
69.1392
67.445
65.9581
64.6788
63.5677
62.5941
61.7344
60.9699
60.2858
59.6702
59.1133
58.6072
58.1451
57.7214
57.3314
56.9712
56.6372
56.3266
56.0369
55.7658
55.5112
55.2714
55.0451
54.8309
54.6278
54.4346
54.2505
54.0749
53.9071
53.7465
53.5926
53.4447
53.3023
53.1649
53.0322
52.9036
52.7791
52.6585
52.5414
52.4276
52.3167
52.2086
52.1032
52.0006
51.9005
51.8026
51.707
51.6134
51.5217
51.4318
51.3438
51.2577
51.1734
51.091
51.0103
50.9313
50.854
50.7783
50.7041
50.6313
50.56
50.4899
50.4211
50.3538
50.2879
50.2234
50.1602
50.0983
50.0374
49.9776
49.9188
49.8611
49.8045
49.7492
49.6949
49.6417
49.5893
49.5376
49.4867
49.4367
49.3878
49.3399
49.2931
49.247
49.2011
49.1538
49.1052
49.1375
49.9382
)
;
        valueFraction   nonuniform List<scalar> 
990
(
0.185375
0.175274
0.167264
0.160733
0.155302
0.150718
0.146803
0.143426
0.140487
0.13791
0.135635
0.133615
0.131811
0.130194
0.128736
0.127417
0.12622
0.12513
0.124134
0.123222
0.122384
0.121612
0.120901
0.120242
0.119632
0.119065
0.118538
0.118047
0.117588
0.117159
0.116757
0.116381
0.116028
0.115694
0.115379
0.11508
0.114795
0.114524
0.114264
0.114015
0.113774
0.113542
0.113316
0.113097
0.112883
0.112674
0.112469
0.112269
0.112073
0.111881
0.111692
0.111508
0.111328
0.111152
0.11098
0.110813
0.110651
0.110492
0.110337
0.110187
0.110042
0.109901
0.109763
0.109629
0.109497
0.109368
0.10924
0.109115
0.10899
0.108867
0.108745
0.108625
0.108505
0.108386
0.108268
0.108152
0.108036
0.10792
0.107805
0.10769
0.107574
0.107457
0.107337
0.107214
0.107084
0.106944
0.10679
0.106602
0.106373
0.105853
0.185375
0.175274
0.167264
0.160733
0.155302
0.150719
0.146804
0.143427
0.140489
0.137912
0.135638
0.133618
0.131815
0.130198
0.12874
0.127422
0.126226
0.125136
0.12414
0.123228
0.12239
0.121618
0.120905
0.120246
0.119635
0.119067
0.118539
0.118045
0.117585
0.117153
0.116748
0.116369
0.116011
0.115674
0.115356
0.115053
0.114765
0.11449
0.114228
0.113975
0.113732
0.113498
0.11327
0.113049
0.112835
0.112625
0.11242
0.11222
0.112024
0.111833
0.111645
0.111462
0.111283
0.111108
0.110937
0.110771
0.110609
0.110451
0.110298
0.110148
0.110003
0.109861
0.109722
0.109587
0.109454
0.109324
0.109196
0.109069
0.108945
0.108821
0.1087
0.108579
0.10846
0.108342
0.108224
0.108108
0.107993
0.107878
0.107764
0.10765
0.107535
0.107418
0.1073
0.107177
0.107048
0.106909
0.106755
0.106568
0.10634
0.105819
0.185375
0.175274
0.167264
0.160734
0.155303
0.15072
0.146805
0.143429
0.140491
0.137914
0.13564
0.133621
0.131818
0.130201
0.128745
0.127427
0.126231
0.125141
0.124145
0.123233
0.122395
0.121623
0.12091
0.12025
0.119638
0.119069
0.118538
0.118044
0.117581
0.117148
0.116741
0.116359
0.115999
0.115659
0.115337
0.115032
0.114741
0.114463
0.114197
0.113943
0.113697
0.113461
0.113231
0.113009
0.112793
0.112583
0.112378
0.112178
0.111982
0.111791
0.111604
0.111421
0.111243
0.111068
0.110898
0.110732
0.110571
0.110413
0.11026
0.11011
0.109964
0.109821
0.109681
0.109545
0.109411
0.10928
0.109151
0.109024
0.108899
0.108775
0.108653
0.108532
0.108413
0.108295
0.108178
0.108062
0.107947
0.107832
0.107718
0.107604
0.107489
0.107373
0.107255
0.107132
0.107004
0.106865
0.106711
0.106524
0.106296
0.105775
0.185375
0.175274
0.167264
0.160734
0.155303
0.15072
0.146806
0.14343
0.140492
0.137916
0.135642
0.133623
0.131821
0.130205
0.128748
0.127431
0.126234
0.125145
0.12415
0.123237
0.122399
0.121626
0.120913
0.120252
0.119639
0.119069
0.118537
0.118041
0.117577
0.117141
0.116733
0.116348
0.115986
0.115644
0.11532
0.115012
0.114718
0.114438
0.11417
0.113913
0.113666
0.113427
0.113196
0.112973
0.112756
0.112545
0.11234
0.112139
0.111943
0.111752
0.111565
0.111383
0.111205
0.111031
0.110861
0.110696
0.110534
0.110376
0.110223
0.110073
0.109926
0.109783
0.109643
0.109505
0.109371
0.109239
0.10911
0.108982
0.108856
0.108732
0.10861
0.10849
0.10837
0.108253
0.108136
0.10802
0.107905
0.107791
0.107678
0.107564
0.10745
0.107334
0.107216
0.107094
0.106966
0.106828
0.106675
0.106489
0.106261
0.10574
0.185375
0.175274
0.167264
0.160734
0.155304
0.150721
0.146807
0.143431
0.140494
0.137918
0.135645
0.133626
0.131824
0.130208
0.128752
0.127435
0.126239
0.12515
0.124154
0.123242
0.122403
0.12163
0.120916
0.120255
0.119641
0.11907
0.118537
0.11804
0.117574
0.117137
0.116727
0.116341
0.115977
0.115632
0.115306
0.114995
0.1147
0.114417
0.114147
0.113888
0.113639
0.113398
0.113166
0.112941
0.112724
0.112512
0.112306
0.112105
0.111909
0.111718
0.111531
0.111349
0.111171
0.110997
0.110827
0.110662
0.1105
0.110342
0.110188
0.110038
0.109891
0.109747
0.109606
0.109468
0.109333
0.109201
0.109071
0.108943
0.108817
0.108692
0.10857
0.108449
0.10833
0.108212
0.108095
0.10798
0.107865
0.107751
0.107637
0.107524
0.10741
0.107295
0.107177
0.107056
0.106928
0.106791
0.106638
0.106452
0.106225
0.105704
0.185375
0.175275
0.167264
0.160734
0.155304
0.150721
0.146808
0.143432
0.140495
0.137919
0.135646
0.133628
0.131826
0.13021
0.128754
0.127437
0.126242
0.125153
0.124157
0.123244
0.122406
0.121632
0.120918
0.120256
0.119641
0.119069
0.118535
0.118037
0.11757
0.117132
0.11672
0.116332
0.115966
0.11562
0.115291
0.114979
0.114681
0.114397
0.114125
0.113864
0.113613
0.113371
0.113138
0.112912
0.112693
0.11248
0.112274
0.112072
0.111876
0.111684
0.111498
0.111315
0.111137
0.110963
0.110794
0.110628
0.110466
0.110308
0.110154
0.110003
0.109856
0.109711
0.10957
0.109432
0.109296
0.109163
0.109033
0.108904
0.108778
0.108653
0.108531
0.10841
0.10829
0.108173
0.108056
0.10794
0.107826
0.107712
0.107599
0.107485
0.107372
0.107256
0.107139
0.107018
0.106891
0.106753
0.106601
0.106416
0.106189
0.105668
0.185375
0.175275
0.167265
0.160735
0.155305
0.150722
0.146809
0.143434
0.140497
0.137922
0.135649
0.133631
0.13183
0.130214
0.128759
0.127442
0.126246
0.125157
0.124162
0.123249
0.12241
0.121636
0.120921
0.120259
0.119644
0.119071
0.118536
0.118037
0.117569
0.11713
0.116717
0.116328
0.11596
0.115612
0.115282
0.114967
0.114668
0.114382
0.114108
0.113846
0.113593
0.11335
0.113115
0.112888
0.112668
0.112454
0.112247
0.112045
0.111848
0.111656
0.111469
0.111286
0.111108
0.110934
0.110764
0.110598
0.110436
0.110278
0.110123
0.109972
0.109824
0.109679
0.109538
0.109399
0.109263
0.109129
0.108998
0.108869
0.108742
0.108617
0.108494
0.108373
0.108254
0.108136
0.108019
0.107903
0.107789
0.107675
0.107562
0.107448
0.107335
0.10722
0.107102
0.106981
0.106855
0.106718
0.106567
0.106383
0.106156
0.105637
0.185375
0.175275
0.167265
0.160735
0.155305
0.150723
0.14681
0.143434
0.140497
0.137923
0.13565
0.133632
0.131831
0.130216
0.12876
0.127444
0.126248
0.125159
0.124164
0.123251
0.122411
0.121637
0.120922
0.120259
0.119643
0.11907
0.118535
0.118034
0.117566
0.117125
0.116711
0.116321
0.115952
0.115602
0.11527
0.114955
0.114654
0.114367
0.114091
0.113827
0.113574
0.113329
0.113093
0.112865
0.112644
0.11243
0.112222
0.112019
0.111822
0.11163
0.111443
0.11126
0.111082
0.110908
0.110738
0.110572
0.110411
0.110252
0.110098
0.109947
0.109799
0.109654
0.109513
0.109374
0.109238
0.109105
0.108974
0.108846
0.10872
0.108596
0.108474
0.108354
0.108235
0.108119
0.108003
0.10789
0.107777
0.107665
0.107553
0.107442
0.107331
0.107218
0.107104
0.106986
0.106862
0.106729
0.106582
0.106403
0.106182
0.105669
0.185376
0.175275
0.167266
0.160736
0.155306
0.150724
0.146812
0.143437
0.1405
0.137926
0.135654
0.133636
0.131835
0.13022
0.128765
0.127449
0.126253
0.125164
0.124169
0.123256
0.122417
0.121642
0.120927
0.120264
0.119647
0.119073
0.118538
0.118037
0.117567
0.117126
0.116711
0.11632
0.115949
0.115598
0.115265
0.114948
0.114646
0.114358
0.114081
0.113816
0.113561
0.113316
0.113079
0.11285
0.112628
0.112413
0.112205
0.112002
0.111805
0.111613
0.111426
0.111244
0.111066
0.110893
0.110724
0.110559
0.110398
0.11024
0.110087
0.109936
0.10979
0.109646
0.109506
0.109369
0.109235
0.109103
0.108974
0.108848
0.108724
0.108602
0.108483
0.108366
0.10825
0.108137
0.108025
0.107915
0.107806
0.107698
0.107591
0.107485
0.107378
0.107271
0.107162
0.10705
0.106933
0.106807
0.106667
0.106497
0.106286
0.105789
0.185376
0.175275
0.167265
0.160735
0.155305
0.150723
0.14681
0.143435
0.140498
0.137923
0.135651
0.133633
0.131833
0.130217
0.128762
0.127445
0.12625
0.12516
0.124165
0.123251
0.122412
0.121637
0.120921
0.120257
0.119641
0.119066
0.11853
0.118028
0.117558
0.117116
0.1167
0.116307
0.115936
0.115584
0.11525
0.114932
0.114629
0.114339
0.114062
0.113796
0.11354
0.113294
0.113056
0.112827
0.112604
0.112389
0.11218
0.111977
0.11178
0.111588
0.111401
0.111219
0.111041
0.110868
0.1107
0.110535
0.110374
0.110218
0.110065
0.109915
0.10977
0.109627
0.109488
0.109352
0.109219
0.109089
0.108962
0.108837
0.108715
0.108596
0.108479
0.108364
0.108251
0.10814
0.108032
0.107925
0.107819
0.107715
0.107612
0.107509
0.107407
0.107304
0.1072
0.107093
0.106981
0.106861
0.106727
0.106564
0.106363
0.105878
0.185374
0.175271
0.16726
0.160728
0.155297
0.150713
0.146798
0.143421
0.140483
0.137906
0.135633
0.133614
0.131811
0.130194
0.128738
0.12742
0.126223
0.125132
0.124134
0.12322
0.122378
0.121602
0.120884
0.120219
0.1196
0.119024
0.118485
0.117982
0.117509
0.117065
0.116646
0.116251
0.115877
0.115522
0.115185
0.114864
0.114558
0.114266
0.113986
0.113717
0.113458
0.113209
0.112969
0.112736
0.112512
0.112294
0.112083
0.111878
0.111678
0.111484
0.111296
0.111112
0.110933
0.110759
0.110589
0.110423
0.110261
0.110104
0.10995
0.109799
0.109653
0.10951
0.10937
0.109233
0.109099
0.108969
0.108841
0.108716
0.108593
0.108473
0.108356
0.108241
0.108128
0.108018
0.107909
0.107802
0.107697
0.107593
0.10749
0.107388
0.107287
0.107185
0.107081
0.106975
0.106864
0.106745
0.106614
0.106453
0.106257
0.105788
)
;
        value           nonuniform List<scalar> 
990
(
323.366
323.853
324.309
324.691
325.02
325.306
325.557
325.778
325.976
326.153
326.312
326.457
326.588
326.709
326.821
326.924
327.019
327.107
327.189
327.265
327.336
327.402
327.465
327.524
327.581
327.635
327.687
327.737
327.787
327.835
327.882
327.925
327.961
327.999
328.036
328.072
328.108
328.142
328.176
328.209
328.242
328.273
328.304
328.335
328.365
328.394
328.423
328.452
328.479
328.506
328.531
328.556
328.581
328.606
328.631
328.656
328.681
328.708
328.74
328.766
328.79
328.813
328.836
328.858
328.879
328.9
328.92
328.94
328.96
328.98
328.999
329.018
329.037
329.056
329.075
329.093
329.11
329.128
329.146
329.163
329.182
329.201
329.221
329.241
329.264
329.29
329.321
329.367
329.476
329.846
323.366
323.853
324.309
324.691
325.02
325.306
325.557
325.778
325.976
326.152
326.312
326.456
326.588
326.709
326.821
326.923
327.019
327.107
327.189
327.264
327.335
327.402
327.465
327.525
327.582
327.636
327.689
327.74
327.79
327.838
327.885
327.929
327.97
328.009
328.047
328.083
328.119
328.155
328.189
328.222
328.255
328.286
328.317
328.348
328.378
328.407
328.435
328.464
328.492
328.519
328.545
328.571
328.596
328.621
328.646
328.671
328.695
328.72
328.744
328.768
328.792
328.815
328.838
328.861
328.882
328.902
328.923
328.943
328.963
328.983
329.002
329.022
329.041
329.06
329.078
329.096
329.114
329.132
329.15
329.167
329.185
329.204
329.223
329.243
329.266
329.291
329.322
329.368
329.477
329.848
323.365
323.853
324.308
324.691
325.02
325.306
325.557
325.778
325.975
326.152
326.312
326.456
326.588
326.709
326.821
326.923
327.018
327.106
327.188
327.264
327.335
327.402
327.465
327.526
327.583
327.638
327.691
327.742
327.792
327.841
327.887
327.931
327.972
328.012
328.05
328.087
328.123
328.159
328.193
328.226
328.259
328.291
328.322
328.353
328.382
328.411
328.44
328.468
328.496
328.523
328.55
328.577
328.603
328.628
328.653
328.677
328.701
328.725
328.748
328.772
328.795
328.818
328.841
328.863
328.884
328.905
328.926
328.946
328.966
328.986
329.006
329.025
329.044
329.063
329.082
329.101
329.119
329.137
329.155
329.172
329.19
329.209
329.227
329.247
329.269
329.294
329.324
329.37
329.48
329.851
323.365
323.853
324.308
324.691
325.02
325.306
325.557
325.778
325.975
326.152
326.312
326.456
326.588
326.709
326.82
326.923
327.018
327.106
327.188
327.264
327.335
327.403
327.466
327.527
327.585
327.64
327.693
327.745
327.795
327.843
327.889
327.932
327.973
328.013
328.051
328.088
328.125
328.161
328.195
328.229
328.262
328.294
328.325
328.356
328.385
328.414
328.442
328.471
328.499
328.526
328.554
328.581
328.607
328.632
328.657
328.682
328.706
328.73
328.753
328.776
328.798
328.821
328.844
328.866
328.887
328.908
328.929
328.949
328.97
328.99
329.01
329.029
329.048
329.067
329.086
329.105
329.123
329.141
329.16
329.177
329.195
329.214
329.232
329.252
329.273
329.298
329.327
329.373
329.482
329.854
323.365
323.853
324.308
324.691
325.02
325.306
325.556
325.778
325.975
326.152
326.311
326.456
326.588
326.709
326.82
326.923
327.018
327.106
327.188
327.264
327.336
327.403
327.468
327.529
327.587
327.642
327.696
327.747
327.797
327.845
327.89
327.933
327.974
328.014
328.052
328.09
328.127
328.163
328.197
328.231
328.264
328.296
328.327
328.358
328.387
328.416
328.445
328.473
328.501
328.529
328.556
328.584
328.61
328.635
328.661
328.685
328.71
328.733
328.757
328.78
328.802
328.825
328.847
328.869
328.891
328.912
328.932
328.953
328.973
328.993
329.013
329.033
329.052
329.071
329.09
329.109
329.127
329.146
329.164
329.183
329.201
329.219
329.238
329.257
329.279
329.303
329.332
329.377
329.486
329.857
323.365
323.852
324.308
324.691
325.02
325.305
325.556
325.778
325.975
326.152
326.311
326.456
326.588
326.709
326.82
326.923
327.018
327.106
327.188
327.264
327.337
327.405
327.469
327.53
327.589
327.644
327.698
327.75
327.799
327.846
327.891
327.934
327.975
328.015
328.054
328.092
328.128
328.164
328.199
328.233
328.266
328.298
328.329
328.36
328.39
328.419
328.448
328.476
328.504
328.532
328.56
328.587
328.613
328.639
328.664
328.689
328.714
328.738
328.761
328.784
328.807
328.829
328.851
328.873
328.895
328.916
328.937
328.957
328.978
328.998
329.018
329.038
329.057
329.076
329.095
329.114
329.132
329.151
329.17
329.189
329.207
329.226
329.244
329.264
329.285
329.309
329.338
329.382
329.491
329.861
323.365
323.852
324.308
324.69
325.019
325.305
325.556
325.777
325.974
326.151
326.311
326.456
326.588
326.709
326.82
326.922
327.017
327.106
327.188
327.265
327.337
327.406
327.471
327.532
327.591
327.647
327.7
327.752
327.801
327.847
327.892
327.935
327.977
328.017
328.056
328.094
328.13
328.166
328.201
328.235
328.268
328.301
328.332
328.363
328.393
328.422
328.451
328.48
328.508
328.536
328.563
328.59
328.617
328.643
328.668
328.693
328.718
328.742
328.766
328.789
328.812
328.834
328.856
328.878
328.9
328.921
328.942
328.963
328.983
329.004
329.024
329.043
329.063
329.082
329.101
329.12
329.139
329.158
329.177
329.196
329.214
329.233
329.252
329.272
329.293
329.317
329.345
329.389
329.497
329.866
323.364
323.852
324.307
324.69
325.019
325.305
325.555
325.777
325.974
326.151
326.311
326.456
326.588
326.709
326.82
326.923
327.018
327.106
327.189
327.266
327.339
327.408
327.473
327.534
327.593
327.649
327.703
327.754
327.803
327.85
327.894
327.938
327.979
328.02
328.059
328.097
328.134
328.17
328.205
328.239
328.272
328.305
328.337
328.368
328.398
328.428
328.457
328.486
328.514
328.542
328.569
328.596
328.623
328.649
328.674
328.7
328.724
328.749
328.773
328.796
328.819
328.841
328.864
328.885
328.907
328.928
328.949
328.97
328.991
329.011
329.031
329.051
329.07
329.09
329.109
329.127
329.146
329.165
329.184
329.203
329.222
329.241
329.26
329.28
329.301
329.324
329.351
329.393
329.499
329.866
323.364
323.851
324.307
324.69
325.019
325.305
325.555
325.777
325.974
326.151
326.311
326.456
326.588
326.71
326.821
326.924
327.019
327.108
327.191
327.269
327.342
327.411
327.477
327.539
327.598
327.654
327.708
327.759
327.808
327.855
327.9
327.944
327.986
328.027
328.066
328.104
328.142
328.178
328.213
328.248
328.281
328.314
328.346
328.377
328.408
328.438
328.468
328.497
328.526
328.554
328.581
328.608
328.635
328.661
328.687
328.712
328.737
328.762
328.786
328.809
328.832
328.855
328.877
328.899
328.921
328.942
328.964
328.984
329.005
329.025
329.045
329.065
329.084
329.103
329.122
329.141
329.16
329.178
329.197
329.216
329.234
329.253
329.272
329.292
329.313
329.335
329.362
329.402
329.503
329.864
323.364
323.853
324.309
324.693
325.023
325.31
325.562
325.784
325.983
326.161
326.322
326.468
326.601
326.724
326.836
326.941
327.037
327.127
327.211
327.291
327.365
327.435
327.502
327.565
327.625
327.682
327.737
327.789
327.839
327.887
327.933
327.978
328.021
328.063
328.103
328.143
328.181
328.218
328.255
328.29
328.325
328.358
328.392
328.424
328.456
328.487
328.517
328.547
328.577
328.606
328.634
328.662
328.689
328.716
328.743
328.769
328.795
328.82
328.845
328.87
328.893
328.917
328.94
328.963
328.985
329.007
329.029
329.051
329.072
329.093
329.113
329.134
329.153
329.173
329.192
329.212
329.231
329.25
329.269
329.287
329.306
329.325
329.344
329.364
329.386
329.409
329.435
329.472
329.566
329.911
323.372
323.87
324.334
324.726
325.064
325.359
325.619
325.849
326.054
326.239
326.407
326.559
326.699
326.827
326.945
327.055
327.157
327.253
327.343
327.427
327.506
327.582
327.653
327.721
327.785
327.847
327.906
327.963
328.017
328.07
328.12
328.169
328.217
328.263
328.308
328.351
328.394
328.435
328.475
328.515
328.553
328.591
328.628
328.664
328.699
328.734
328.769
328.802
328.835
328.868
328.899
328.931
328.962
328.992
329.022
329.051
329.08
329.109
329.137
329.164
329.191
329.218
329.244
329.27
329.295
329.321
329.345
329.37
329.394
329.418
329.441
329.464
329.486
329.509
329.531
329.553
329.574
329.596
329.617
329.638
329.659
329.68
329.701
329.723
329.746
329.77
329.797
329.834
329.916
330.211
)
;
        Tnbr            T;
        qrNbr           qr;
        qr              none;
        thermalInertia  false;
        thicknessLayers List<scalar> 0();
        kappaLayers     List<scalar> 0();
        kappaMethod     solidThermo;
        kappa           none;
        alphaAni        none;
        alpha           none;
    }
    asphalt_to_concrete
    {
        type            compressible::turbulentTemperatureRadCoupledMixed;
        refValue        nonuniform List<scalar> 
52
(
325.705
325.726
325.759
325.792
325.823
325.854
325.885
325.915
325.945
325.974
326.003
326.031
326.059
326.087
326.114
326.14
326.165
326.189
326.212
326.234
326.257
326.28
326.303
326.327
326.353
326.393
327.244
327.274
327.309
327.344
327.378
327.411
327.444
327.476
327.507
327.538
327.568
327.598
327.628
327.658
327.686
327.714
327.74
327.765
327.79
327.814
327.838
327.862
327.887
327.912
327.938
327.974
)
;
        refGradient     uniform 0;
        valueFraction   nonuniform List<scalar> 
52
(
0.470588
0.470588
0.470588
0.470588
0.470588
0.470588
0.470588
0.470588
0.470588
0.470588
0.470588
0.470588
0.470588
0.470588
0.470588
0.470588
0.470588
0.470588
0.470588
0.470588
0.470588
0.470588
0.470588
0.470588
0.470588
0.470588
0.470588
0.470588
0.470588
0.470588
0.470588
0.470588
0.470588
0.470588
0.470588
0.470588
0.470588
0.470588
0.470588
0.470588
0.470588
0.470588
0.470588
0.470588
0.470588
0.470588
0.470588
0.470588
0.470588
0.470588
0.470588
0.470588
)
;
        value           nonuniform List<scalar> 
52
(
325.783
325.811
325.844
325.877
325.909
325.941
325.972
326.002
326.032
326.061
326.09
326.118
326.146
326.174
326.201
326.227
326.252
326.276
326.3
326.322
326.345
326.368
326.392
326.415
326.44
326.473
327.252
327.285
327.32
327.356
327.39
327.423
327.456
327.488
327.52
327.55
327.581
327.61
327.64
327.669
327.698
327.725
327.752
327.778
327.802
327.826
327.851
327.875
327.9
327.924
327.95
327.98
)
;
        Tnbr            T;
        qrNbr           none;
        qr              none;
        thermalInertia  false;
        thicknessLayers List<scalar> 0();
        kappaLayers     List<scalar> 0();
        kappaMethod     solidThermo;
        kappa           none;
        alphaAni        none;
        alpha           none;
    }
    asphalt_to_soil2
    {
        type            compressible::turbulentTemperatureRadCoupledMixed;
        refValue        nonuniform List<scalar> 
128
(
321.649
322.067
322.481
322.835
323.14
323.405
323.637
323.843
324.026
324.189
324.337
324.471
324.593
324.705
324.808
324.904
324.992
325.074
325.149
325.22
325.285
325.347
325.404
325.459
325.511
325.561
325.609
325.655
325.7
325.744
325.784
325.811
326.568
326.607
326.632
326.654
326.673
326.694
326.713
326.732
326.751
326.77
326.788
326.806
326.824
326.841
326.859
326.876
326.893
326.91
326.926
326.943
326.96
326.977
326.994
327.012
327.031
327.051
327.073
327.097
327.127
327.174
327.282
327.588
322.795
323.258
323.699
324.072
324.394
324.672
324.917
325.133
325.326
325.498
325.654
325.795
325.923
326.041
326.15
326.25
326.343
326.43
326.509
326.584
326.653
326.717
326.778
326.836
326.891
326.943
326.994
327.042
327.09
327.136
327.18
327.214
328.013
328.047
328.072
328.095
328.115
328.137
328.157
328.177
328.197
328.216
328.236
328.255
328.273
328.292
328.31
328.328
328.346
328.364
328.381
328.399
328.416
328.434
328.452
328.471
328.491
328.512
328.535
328.56
328.59
328.637
328.746
329.093
)
;
        refGradient     uniform 0;
        valueFraction   nonuniform List<scalar> 
128
(
0.5
0.5
0.5
0.5
0.5
0.5
0.5
0.5
0.5
0.5
0.5
0.5
0.5
0.5
0.5
0.5
0.5
0.5
0.5
0.5
0.5
0.5
0.5
0.5
0.5
0.5
0.5
0.5
0.5
0.5
0.5
0.5
0.5
0.5
0.5
0.5
0.5
0.5
0.5
0.5
0.5
0.5
0.5
0.5
0.5
0.5
0.5
0.5
0.5
0.5
0.5
0.5
0.5
0.5
0.5
0.5
0.5
0.5
0.5
0.5
0.5
0.5
0.5
0.5
0.5
0.5
0.5
0.5
0.5
0.5
0.5
0.5
0.5
0.5
0.5
0.5
0.5
0.5
0.5
0.5
0.5
0.5
0.5
0.5
0.5
0.5
0.5
0.5
0.5
0.5
0.5
0.5
0.5
0.5
0.5
0.5
0.5
0.5
0.5
0.5
0.5
0.5
0.5
0.5
0.5
0.5
0.5
0.5
0.5
0.5
0.5
0.5
0.5
0.5
0.5
0.5
0.5
0.5
0.5
0.5
0.5
0.5
0.5
0.5
0.5
0.5
0.5
0.5
)
;
        value           nonuniform List<scalar> 
128
(
321.649
322.067
322.481
322.835
323.14
323.405
323.637
323.843
324.026
324.189
324.337
324.471
324.593
324.705
324.808
324.903
324.992
325.073
325.149
325.22
325.285
325.346
325.404
325.459
325.511
325.561
325.609
325.655
325.701
325.745
325.787
325.819
326.575
326.607
326.631
326.653
326.673
326.694
326.713
326.733
326.751
326.77
326.788
326.806
326.824
326.842
326.859
326.877
326.894
326.911
326.927
326.944
326.96
326.977
326.995
327.013
327.031
327.051
327.073
327.097
327.127
327.174
327.282
327.588
322.795
323.258
323.699
324.072
324.393
324.672
324.917
325.133
325.326
325.498
325.654
325.795
325.923
326.041
326.15
326.25
326.343
326.429
326.509
326.583
326.652
326.717
326.778
326.836
326.891
326.943
326.994
327.043
327.091
327.137
327.182
327.22
328.016
328.046
328.071
328.094
328.115
328.137
328.157
328.177
328.197
328.217
328.236
328.255
328.274
328.292
328.311
328.329
328.347
328.365
328.382
328.399
328.417
328.434
328.452
328.471
328.491
328.512
328.534
328.559
328.59
328.636
328.746
329.093
)
;
        Tnbr            T;
        qrNbr           none;
        qr              none;
        thermalInertia  false;
        thicknessLayers List<scalar> 0();
        kappaLayers     List<scalar> 0();
        kappaMethod     solidThermo;
        kappa           none;
        alphaAni        none;
        alpha           none;
    }
}


// ************************************************************************* //
