/*--------------------------------*- C++ -*----------------------------------*\
| =========                 |                                                 |
| \\      /  F ield         | OpenFOAM: The Open Source CFD Toolbox           |
|  \\    /   O peration     | Version:  v2012                                 |
|   \\  /    A nd           | Website:  www.openfoam.com                      |
|    \\/     M anipulation  |                                                 |
\*---------------------------------------------------------------------------*/
FoamFile
{
    version     2.0;
    format      ascii;
    class       volScalarField;
    location    "450/concrete";
    object      T;
}
// * * * * * * * * * * * * * * * * * * * * * * * * * * * * * * * * * * * * * //

dimensions      [0 0 0 1 0 0 0];


internalField   nonuniform List<scalar> 
1924
(
326.064
326.135
326.2
326.159
326.029
324.797
312.054
310.762
310.654
311.605
322.879
323.725
323.638
323.527
323.412
323.362
323.362
323.396
323.46
323.55
323.659
323.777
323.899
324.017
324.133
324.255
325.99
325.997
325.978
325.837
325.726
324.54
312.083
310.827
310.78
311.912
324.158
325.255
325.17
325.006
324.791
324.624
324.49
324.385
324.312
324.274
324.269
324.288
324.324
324.371
324.43
324.51
325.777
325.643
325.451
325.234
325.288
324.167
311.572
310.285
310.262
311.511
324.343
325.597
325.433
325.31
325.148
325.037
324.944
324.864
324.797
324.748
324.715
324.697
324.692
324.701
324.725
324.776
325.31
325.014
324.62
324.281
323.823
322.7
311.988
310.834
310.82
312.028
323.78
325.465
326.059
326.043
325.726
325.403
325.147
324.968
324.861
324.803
324.782
324.785
324.805
324.839
324.885
324.956
324.545
324.241
323.765
322.267
303.435
300.43
298.589
298.085
298.093
298.642
300.667
304.039
325.017
326.17
325.824
325.47
325.205
325.023
324.942
324.903
324.91
324.949
325.012
325.097
325.195
325.313
323.715
323.689
323.581
322.044
300.65
297.178
296.191
295.904
295.912
296.228
297.308
301.111
324.51
326.25
326.085
325.779
325.512
325.318
325.201
325.155
325.155
325.194
325.265
325.373
325.477
325.583
323.141
323.412
323.595
322.198
300.112
296.487
295.597
295.36
295.367
295.626
296.591
300.514
324.372
326.236
326.142
325.859
325.592
325.384
325.246
325.175
325.152
325.165
325.207
325.285
325.363
325.441
322.939
323.32
323.629
322.341
299.997
296.319
295.438
295.212
295.218
295.465
296.415
300.373
324.343
326.235
326.151
325.838
325.543
325.312
325.149
325.052
325.006
324.995
325.023
325.069
325.116
325.172
322.811
323.203
323.514
322.251
299.963
296.292
295.417
295.195
295.201
295.444
296.392
300.363
324.404
326.342
326.243
325.95
325.644
325.389
325.197
325.075
325.008
324.979
324.981
324.998
325.022
325.061
322.822
323.123
323.311
321.966
299.973
296.36
295.504
295.287
295.292
295.53
296.469
300.439
324.59
326.633
326.519
326.24
325.899
325.605
325.379
325.232
325.149
325.102
325.082
325.08
325.091
325.122
323.254
323.266
323.159
321.652
300.173
296.696
295.883
295.676
295.677
295.899
296.8
300.702
324.896
327.109
327.1
326.528
326.099
325.777
325.556
325.411
325.32
325.269
325.247
325.246
325.26
325.296
324
323.714
323.198
321.524
301.337
298.243
297.533
297.34
297.321
297.491
298.26
301.787
325.081
326.842
326.616
326.23
325.9
325.669
325.521
325.432
325.386
325.371
325.38
325.406
325.444
325.498
324.71
324.341
323.661
322.165
309.75
308.161
307.687
307.447
307.299
307.267
307.574
309.342
323.687
325.174
325.333
325.304
325.269
325.26
325.275
325.308
325.353
325.408
325.47
325.537
325.606
325.679
325.191
324.921
324.312
322.744
310.631
309.263
308.91
308.757
308.679
308.687
308.931
310.296
322.95
324.391
324.732
324.884
324.997
325.104
325.209
325.31
325.408
325.504
325.598
325.687
325.769
325.842
325.438
325.284
324.831
323.294
310.714
309.359
309.046
308.92
308.859
308.867
309.08
310.37
323.088
324.508
324.861
325.028
325.149
325.259
325.364
325.466
325.564
325.66
325.753
325.84
325.912
325.931
325.563
325.474
325.148
323.726
310.843
309.485
309.191
309.08
309.028
309.039
309.241
310.503
323.288
324.661
324.988
325.144
325.261
325.368
325.471
325.573
325.672
325.771
325.866
325.95
326.007
325.979
325.641
325.577
325.332
324.098
312.145
310.893
310.629
310.533
310.491
310.505
310.687
311.842
323.681
324.924
325.211
325.348
325.451
325.545
325.636
325.726
325.816
325.907
325.994
326.065
326.07
325.725
325.695
325.645
325.47
324.539
315.339
314.365
314.16
314.087
314.059
314.073
314.22
315.122
324.264
325.23
325.455
325.566
325.653
325.732
325.809
325.886
325.965
326.045
326.121
326.171
326.099
325.295
325.723
325.689
325.586
325.033
319.709
319.124
318.999
318.959
318.948
318.965
319.066
319.622
324.94
325.538
325.692
325.775
325.845
325.91
325.973
326.037
326.103
326.171
326.234
326.261
326.119
324.923
325.728
325.711
325.671
325.456
323.619
323.39
323.342
323.334
323.339
323.36
323.42
323.66
325.524
325.785
325.874
325.933
325.986
326.039
326.091
326.143
326.198
326.254
326.305
326.316
326.132
324.756
325.719
325.715
325.718
325.712
325.904
325.896
325.9
325.913
325.931
325.953
325.986
326.031
325.883
325.935
325.981
326.023
326.066
326.11
326.154
326.198
326.244
326.291
326.33
326.329
326.13
324.774
325.706
325.71
325.732
325.802
326.558
326.631
326.658
326.682
326.706
326.729
326.75
326.726
326.02
325.998
326.025
326.059
326.095
326.134
326.174
326.214
326.254
326.293
326.324
326.313
326.109
324.765
325.695
325.702
325.729
325.796
326.326
326.395
326.427
326.453
326.479
326.503
326.522
326.504
326.025
326.009
326.033
326.063
326.097
326.133
326.171
326.208
326.245
326.279
326.303
326.286
326.083
324.764
325.687
325.696
325.721
325.763
325.942
325.985
326.014
326.04
326.065
326.09
326.112
326.12
325.994
326.005
326.031
326.061
326.093
326.127
326.163
326.199
326.233
326.264
326.286
326.269
326.082
324.867
325.682
325.691
325.716
325.743
325.737
325.762
325.789
325.814
325.839
325.865
325.89
325.915
325.975
326.004
326.031
326.06
326.091
326.124
326.158
326.192
326.225
326.255
326.276
326.265
326.116
325.138
325.678
325.689
325.714
325.739
325.706
325.727
325.753
325.778
325.804
325.83
325.858
325.888
325.976
326.009
326.036
326.064
326.094
326.124
326.156
326.189
326.221
326.25
326.272
326.272
326.178
325.542
325.675
325.687
325.714
325.742
325.741
325.764
325.79
325.816
325.842
325.869
325.897
325.926
325.985
326.016
326.042
326.069
326.097
326.126
326.157
326.187
326.218
326.247
326.271
326.281
326.244
325.951
325.673
325.686
325.716
325.747
325.77
325.796
325.823
325.848
325.875
325.903
325.931
325.959
325.994
326.023
326.049
326.074
326.101
326.128
326.157
326.186
326.216
326.244
326.269
326.289
326.294
326.244
325.672
325.687
325.717
325.75
325.781
325.807
325.834
325.861
325.888
325.915
325.944
325.972
326.001
326.029
326.054
326.079
326.104
326.13
326.158
326.186
326.214
326.241
326.267
326.292
326.319
326.384
325.671
325.688
325.719
325.753
325.782
325.808
325.835
325.862
325.89
325.918
325.946
325.974
326.006
326.035
326.06
326.083
326.107
326.133
326.159
326.185
326.212
326.239
326.265
326.292
326.326
326.413
325.672
325.689
325.722
325.755
325.782
325.808
325.836
325.863
325.891
325.919
325.947
325.976
326.01
326.04
326.065
326.088
326.111
326.135
326.16
326.186
326.212
326.237
326.264
326.291
326.324
326.394
325.673
325.692
325.724
325.758
325.783
325.81
325.838
325.867
325.895
325.923
325.951
325.979
326.014
326.045
326.07
326.094
326.116
326.139
326.163
326.187
326.212
326.237
326.263
326.29
326.32
326.372
325.676
325.694
325.727
325.76
325.786
325.814
325.843
325.871
325.9
325.928
325.956
325.984
326.018
326.049
326.075
326.099
326.121
326.144
326.166
326.19
326.214
326.238
326.264
326.29
326.319
326.363
325.678
325.697
325.729
325.762
325.79
325.818
325.847
325.877
325.906
325.934
325.962
325.99
326.022
326.053
326.079
326.104
326.127
326.149
326.171
326.194
326.217
326.241
326.266
326.291
326.32
326.363
325.681
325.7
325.732
325.764
325.793
325.823
325.853
325.883
325.912
325.94
325.968
325.996
326.027
326.057
326.084
326.109
326.133
326.155
326.177
326.199
326.222
326.246
326.27
326.295
326.323
326.367
325.687
325.706
325.737
325.77
325.8
325.83
325.861
325.891
325.92
325.949
325.978
326.005
326.035
326.064
326.091
326.117
326.141
326.164
326.186
326.208
326.231
326.254
326.278
326.303
326.33
326.373
325.705
325.726
325.759
325.792
325.823
325.854
325.885
325.916
325.945
325.974
326.003
326.031
326.059
326.087
326.114
326.14
326.165
326.189
326.212
326.234
326.257
326.28
326.304
326.327
326.353
326.393
327.629
327.717
327.799
327.771
327.732
326.872
312.189
311.246
311.145
311.776
324.8
325.274
325.076
324.93
324.792
324.734
324.733
324.771
324.842
324.941
325.06
325.191
325.323
325.453
325.577
325.703
327.567
327.59
327.584
327.446
327.435
326.621
312.291
311.377
311.333
312.129
326.258
326.994
326.792
326.591
326.343
326.157
326.007
325.887
325.804
325.759
325.75
325.768
325.805
325.854
325.915
325.991
327.351
327.222
327.028
326.825
327.075
326.345
311.754
310.786
310.761
311.679
326.532
327.403
327.024
326.851
326.671
326.563
326.474
326.394
326.326
326.272
326.235
326.214
326.206
326.212
326.233
326.277
326.862
326.554
326.15
325.939
326.19
325.513
312.961
312.042
312.02
312.969
326.764
328.063
327.898
327.708
327.317
326.956
326.676
326.483
326.366
326.303
326.278
326.281
326.303
326.34
326.389
326.456
326.037
325.726
325.298
324.304
302.093
299.439
297.816
297.386
297.393
297.861
299.647
302.627
327.399
327.924
327.413
327.013
326.727
326.535
326.458
326.418
326.428
326.47
326.537
326.629
326.737
326.86
325.135
325.141
325.174
324.318
299.618
296.555
295.711
295.467
295.473
295.742
296.666
300.021
327.028
328.058
327.722
327.368
327.081
326.876
326.753
326.706
326.705
326.744
326.814
326.931
327.042
327.143
324.522
324.857
325.223
324.576
299.16
295.964
295.203
295.002
295.008
295.228
296.053
299.51
326.945
328.061
327.788
327.455
327.168
326.945
326.799
326.721
326.695
326.704
326.743
326.823
326.903
326.975
324.328
324.773
325.276
324.768
299.063
295.821
295.069
294.877
294.881
295.091
295.903
299.391
326.933
328.064
327.798
327.426
327.104
326.857
326.684
326.58
326.529
326.515
326.542
326.589
326.636
326.686
324.196
324.647
325.15
324.672
299.033
295.798
295.051
294.862
294.867
295.073
295.883
299.382
327.001
328.179
327.889
327.544
327.212
326.939
326.735
326.607
326.535
326.503
326.505
326.521
326.543
326.576
324.199
324.553
324.921
324.337
299.04
295.856
295.124
294.94
294.944
295.147
295.949
299.448
327.195
328.492
328.176
327.858
327.489
327.174
326.932
326.776
326.69
326.639
326.617
326.613
326.622
326.646
324.668
324.699
324.736
323.943
299.21
296.143
295.448
295.273
295.273
295.462
296.232
299.674
327.514
329.037
328.861
328.175
327.71
327.361
327.124
326.969
326.871
326.815
326.791
326.788
326.801
326.831
325.486
325.185
324.74
323.68
300.242
297.51
296.903
296.739
296.722
296.865
297.521
300.637
327.704
328.75
328.314
327.858
327.492
327.24
327.079
326.983
326.933
326.917
326.926
326.953
326.991
327.041
326.255
325.864
325.209
324.109
310.14
308.962
308.568
308.332
308.163
308.087
308.271
309.578
325.785
326.812
326.868
326.817
326.781
326.776
326.796
326.834
326.884
326.945
327.013
327.085
327.159
327.231
326.765
326.488
325.915
324.673
310.812
309.808
309.531
309.392
309.31
309.295
309.451
310.423
324.879
325.95
326.221
326.367
326.489
326.608
326.724
326.835
326.942
327.046
327.147
327.244
327.333
327.407
327.013
326.868
326.473
325.269
310.806
309.813
309.574
309.461
309.396
309.384
309.515
310.429
325.048
326.111
326.395
326.551
326.676
326.791
326.903
327.01
327.114
327.216
327.316
327.41
327.49
327.517
327.132
327.059
326.804
325.731
310.863
309.861
309.639
309.541
309.486
309.478
309.602
310.497
325.249
326.268
326.526
326.672
326.791
326.903
327.013
327.12
327.226
327.331
327.433
327.527
327.597
327.581
327.204
327.159
326.982
326.076
312.247
311.318
311.119
311.034
310.99
310.986
311.099
311.922
325.619
326.54
326.764
326.891
326.996
327.093
327.189
327.284
327.38
327.476
327.571
327.655
327.689
327.41
327.253
327.222
327.102
326.428
315.796
315.073
314.918
314.855
314.824
314.826
314.918
315.563
326.128
326.844
327.019
327.123
327.21
327.293
327.374
327.456
327.539
327.624
327.708
327.774
327.755
327.133
327.278
327.26
327.193
326.798
320.694
320.263
320.171
320.137
320.125
320.134
320.202
320.6
326.698
327.143
327.265
327.345
327.416
327.484
327.551
327.618
327.688
327.761
327.831
327.878
327.807
326.899
327.28
327.276
327.254
327.106
325.062
324.898
324.866
324.862
324.869
324.886
324.931
325.107
327.181
327.379
327.454
327.511
327.566
327.621
327.676
327.731
327.789
327.85
327.909
327.941
327.839
326.808
327.269
327.275
327.283
327.288
327.578
327.58
327.588
327.604
327.623
327.646
327.677
327.716
327.473
327.518
327.562
327.605
327.65
327.696
327.742
327.789
327.838
327.888
327.935
327.956
327.842
326.866
327.254
327.266
327.29
327.348
328.256
328.318
328.345
328.37
328.396
328.422
328.446
328.437
327.582
327.575
327.605
327.64
327.679
327.72
327.762
327.804
327.847
327.889
327.927
327.938
327.818
326.86
327.242
327.257
327.285
327.341
327.958
328.016
328.047
328.075
328.102
328.128
328.152
328.148
327.586
327.583
327.611
327.643
327.679
327.717
327.757
327.797
327.836
327.873
327.904
327.908
327.785
326.846
327.234
327.251
327.278
327.317
327.514
327.553
327.582
327.609
327.636
327.663
327.688
327.702
327.562
327.58
327.608
327.64
327.674
327.71
327.748
327.786
327.823
327.857
327.885
327.887
327.773
326.906
327.228
327.246
327.274
327.302
327.286
327.313
327.34
327.367
327.394
327.421
327.448
327.475
327.549
327.579
327.609
327.64
327.672
327.707
327.743
327.779
327.814
327.847
327.873
327.877
327.788
327.092
327.224
327.243
327.272
327.3
327.257
327.281
327.309
327.335
327.362
327.391
327.419
327.449
327.551
327.585
327.614
327.644
327.675
327.707
327.741
327.776
327.81
327.841
327.867
327.878
327.825
327.377
327.221
327.242
327.272
327.303
327.299
327.325
327.353
327.38
327.407
327.436
327.466
327.496
327.56
327.593
327.62
327.649
327.679
327.71
327.742
327.774
327.807
327.838
327.865
327.882
327.867
327.665
327.218
327.241
327.273
327.307
327.333
327.361
327.389
327.416
327.444
327.474
327.504
327.533
327.569
327.6
327.627
327.654
327.682
327.712
327.742
327.773
327.804
327.835
327.862
327.886
327.898
327.872
327.217
327.241
327.275
327.311
327.344
327.372
327.401
327.429
327.457
327.487
327.517
327.546
327.576
327.607
327.633
327.659
327.686
327.714
327.743
327.772
327.802
327.831
327.859
327.886
327.913
327.969
327.217
327.242
327.277
327.313
327.344
327.372
327.401
327.43
327.459
327.489
327.519
327.548
327.581
327.613
327.639
327.664
327.689
327.716
327.744
327.772
327.801
327.829
327.857
327.885
327.917
327.987
327.217
327.244
327.28
327.316
327.344
327.372
327.402
327.431
327.46
327.49
327.52
327.55
327.586
327.618
327.644
327.669
327.694
327.719
327.746
327.773
327.8
327.827
327.855
327.883
327.915
327.972
327.219
327.246
327.283
327.318
327.346
327.374
327.404
327.434
327.464
327.494
327.524
327.553
327.59
327.623
327.65
327.675
327.699
327.723
327.748
327.774
327.801
327.827
327.854
327.882
327.912
327.956
327.221
327.249
327.285
327.321
327.349
327.378
327.409
327.44
327.47
327.5
327.529
327.559
327.595
327.627
327.655
327.68
327.704
327.728
327.752
327.777
327.803
327.829
327.855
327.882
327.912
327.95
327.224
327.252
327.288
327.323
327.352
327.383
327.414
327.445
327.476
327.506
327.536
327.565
327.599
327.631
327.66
327.686
327.71
327.734
327.757
327.781
327.806
327.832
327.858
327.884
327.913
327.951
327.227
327.255
327.29
327.326
327.356
327.387
327.419
327.451
327.482
327.512
327.542
327.572
327.604
327.636
327.664
327.691
327.716
327.74
327.763
327.787
327.811
327.836
327.862
327.888
327.916
327.954
327.232
327.26
327.295
327.33
327.362
327.394
327.427
327.459
327.49
327.52
327.55
327.58
327.611
327.642
327.67
327.698
327.724
327.748
327.771
327.795
327.819
327.844
327.869
327.895
327.922
327.96
327.245
327.274
327.309
327.345
327.378
327.411
327.444
327.476
327.508
327.538
327.569
327.598
327.628
327.658
327.687
327.714
327.741
327.766
327.79
327.814
327.838
327.863
327.888
327.913
327.939
327.974
)
;

boundaryField
{
    concrete_to_air
    {
        type            compressible::turbulentTemperatureRadCoupledMixed;
        refValue        nonuniform List<scalar> 
898
(
313.312
313.358
313.386
313.395
313.419
313.44
313.207
312.907
312.581
312.302
312.262
312.237
312.221
312.214
312.213
312.217
312.227
312.239
312.255
312.274
312.294
312.314
312.336
312.358
312.38
312.402
313.26
313.262
313.227
313.168
313.17
313.197
313.044
312.904
312.764
312.634
312.702
312.762
312.803
312.824
312.826
312.812
312.785
312.753
312.72
312.691
312.667
312.649
312.638
312.632
312.632
312.636
313.12
313.054
312.948
312.851
312.875
312.924
312.752
312.6
312.472
312.37
312.508
312.638
312.745
312.834
312.904
312.955
312.985
312.996
312.992
312.978
312.96
312.942
312.926
312.913
312.903
312.898
312.852
312.738
312.612
312.57
312.679
312.814
312.605
312.417
312.275
312.192
312.545
312.861
313.106
313.253
313.328
313.356
313.355
313.338
313.313
313.285
313.259
313.236
313.217
313.204
313.196
313.194
312.486
312.404
312.352
312.439
313.88
313.601
313.4
313.293
313.241
313.218
313.212
313.231
313.245
313.258
313.27
313.282
313.295
313.311
312.136
312.148
312.22
312.452
313.517
313.183
312.985
312.867
312.79
312.741
312.713
312.697
312.689
312.686
312.687
312.701
312.725
312.749
311.873
311.974
312.146
312.518
313.348
312.966
312.756
312.621
312.522
312.448
312.397
312.365
312.346
312.337
312.338
312.356
312.381
312.405
311.66
311.807
312.041
312.519
313.256
312.861
312.644
312.49
312.381
312.299
312.239
312.199
312.175
312.163
312.166
312.179
312.196
312.214
311.463
311.628
311.88
312.393
313.264
312.836
312.61
312.487
312.383
312.293
312.221
312.174
312.147
312.134
312.134
312.141
312.154
312.169
311.437
311.586
311.807
312.251
313.361
312.942
312.689
312.609
312.492
312.383
312.297
312.242
312.215
312.202
312.198
312.204
312.215
312.232
311.595
311.664
311.793
312.112
313.595
313.306
313.112
312.775
312.603
312.478
312.397
312.349
312.324
312.314
312.317
312.329
312.349
312.374
311.872
311.856
311.87
312.057
313.688
313.194
312.855
312.644
312.506
312.429
312.393
312.384
312.391
312.41
312.438
312.474
312.515
312.561
312.164
312.113
312.053
312.094
311.913
311.702
311.489
311.286
311.102
310.943
310.819
310.772
311.267
311.571
311.779
311.935
312.06
312.165
312.256
312.338
312.414
312.487
312.559
312.632
312.706
312.779
312.41
312.383
312.32
312.274
312.086
311.919
311.77
311.639
311.525
311.426
311.344
311.284
311.489
311.676
311.84
311.988
312.122
312.246
312.361
312.469
312.572
312.671
312.769
312.864
312.958
313.04
312.61
312.622
312.595
312.544
312.344
312.174
312.026
311.898
311.785
311.687
311.603
311.539
311.708
311.874
312.031
312.18
312.321
312.454
312.58
312.7
312.815
312.927
313.034
313.138
313.23
313.284
312.807
312.839
312.847
312.829
312.633
312.459
312.307
312.175
312.059
311.957
311.869
311.801
311.949
312.102
312.251
312.397
312.538
312.675
312.808
312.936
313.059
313.178
313.291
313.392
313.465
313.438
313.006
313.044
313.072
313.082
312.915
312.761
312.624
312.503
312.396
312.303
312.223
312.163
312.297
312.437
312.577
312.715
312.85
312.982
313.109
313.232
313.35
313.462
313.565
313.644
313.669
313.486
313.171
313.214
313.253
313.282
313.17
313.062
312.965
312.88
312.806
312.744
312.693
312.659
312.774
312.896
313.017
313.137
313.255
313.37
313.481
313.588
313.69
313.786
313.871
313.928
313.92
313.67
313.267
313.318
313.367
313.411
313.37
313.328
313.29
313.259
313.235
313.22
313.214
313.219
313.31
313.405
313.5
313.595
313.687
313.777
313.863
313.946
314.025
314.1
314.166
314.204
314.172
313.884
313.297
313.355
313.412
313.466
313.489
313.508
313.528
313.55
313.575
313.604
313.638
313.678
313.747
313.818
313.889
313.958
314.027
314.094
314.158
314.22
314.28
314.336
314.389
314.417
314.379
314.091
313.289
313.351
313.412
313.472
313.532
313.59
313.646
313.701
313.757
313.814
313.871
313.931
313.987
314.042
314.097
314.151
314.204
314.256
314.307
314.356
314.404
314.45
314.494
314.536
314.55
314.468
313.272
313.335
313.397
313.458
313.53
313.599
313.668
313.735
313.801
313.866
313.93
313.994
314.045
314.095
314.144
314.192
314.239
314.286
314.331
314.376
314.419
314.462
314.504
314.545
314.578
314.575
313.26
313.322
313.383
313.444
313.511
313.579
313.645
313.71
313.773
313.836
313.897
313.957
314.008
314.058
314.107
314.155
314.202
314.248
314.293
314.337
314.381
314.424
314.466
314.507
314.545
314.571
313.253
313.314
313.374
313.434
313.495
313.556
313.616
313.676
313.734
313.792
313.849
313.904
313.956
314.007
314.057
314.106
314.154
314.201
314.248
314.293
314.338
314.382
314.424
314.466
314.506
314.537
313.249
313.309
313.369
313.427
313.485
313.542
313.598
313.654
313.709
313.764
313.818
313.87
313.923
313.974
314.025
314.075
314.123
314.171
314.218
314.264
314.309
314.354
314.397
314.44
314.48
314.514
313.246
313.305
313.364
313.422
313.479
313.535
313.59
313.645
313.699
313.752
313.805
313.857
313.909
313.96
314.011
314.06
314.109
314.157
314.204
314.25
314.295
314.34
314.384
314.426
314.468
314.504
313.242
313.302
313.36
313.418
313.474
313.53
313.586
313.64
313.694
313.747
313.8
313.852
313.903
313.954
314.004
314.053
314.102
314.149
314.196
314.242
314.287
314.332
314.376
314.419
314.461
314.5
313.239
313.298
313.356
313.414
313.471
313.526
313.582
313.636
313.69
313.743
313.796
313.847
313.899
313.949
313.999
314.048
314.096
314.143
314.19
314.236
314.281
314.326
314.369
314.412
314.455
314.496
313.237
313.295
313.353
313.411
313.467
313.523
313.578
313.632
313.686
313.739
313.791
313.843
313.893
313.944
313.993
314.042
314.09
314.137
314.184
314.229
314.274
314.319
314.363
314.406
314.448
314.491
313.235
313.293
313.351
313.408
313.464
313.519
313.574
313.628
313.682
313.734
313.786
313.838
313.888
313.938
313.988
314.036
314.084
314.131
314.178
314.223
314.268
314.313
314.357
314.4
314.442
314.485
313.233
313.291
313.348
313.405
313.461
313.517
313.571
313.625
313.678
313.73
313.782
313.833
313.884
313.934
313.983
314.031
314.079
314.126
314.172
314.218
314.263
314.307
314.351
314.394
314.437
314.479
313.231
313.289
313.347
313.403
313.459
313.514
313.568
313.622
313.675
313.727
313.779
313.83
313.88
313.93
313.979
314.027
314.075
314.122
314.168
314.214
314.259
314.303
314.347
314.39
314.433
314.475
313.23
313.288
313.345
313.401
313.457
313.512
313.566
313.62
313.673
313.725
313.776
313.827
313.877
313.927
313.976
314.024
314.072
314.119
314.165
314.21
314.255
314.299
314.343
314.386
314.429
314.471
313.228
313.286
313.344
313.4
313.456
313.51
313.564
313.618
313.671
313.723
313.774
313.825
313.875
313.924
313.973
314.021
314.069
314.116
314.162
314.207
314.252
314.296
314.34
314.383
314.426
314.468
313.227
313.285
313.342
313.399
313.454
313.509
313.563
313.616
313.669
313.721
313.772
313.823
313.873
313.922
313.971
314.019
314.066
314.113
314.159
314.205
314.25
314.294
314.337
314.381
314.423
314.465
313.226
313.284
313.341
313.398
313.453
313.508
313.562
313.615
313.668
313.719
313.771
313.821
313.871
313.921
313.969
314.017
314.065
314.111
314.158
314.203
314.248
314.292
314.336
314.379
314.421
314.463
313.226
313.284
313.341
313.397
313.453
313.507
313.561
313.615
313.667
313.719
313.77
313.821
313.871
313.92
313.969
314.017
314.064
314.111
314.157
314.202
314.247
314.292
314.335
314.378
314.421
314.463
)
;
        refGradient     nonuniform List<scalar> 
898
(
58.4228
58.8291
59.5907
60.5483
62.2283
65.8511
-3.30664
-0.0874789
0.387585
-1.56287
76.1316
74.573
73.9337
73.7385
73.1106
72.5589
71.9965
71.3925
70.7729
70.1749
69.6135
69.0727
68.5347
67.9932
67.4504
66.8943
58.6171
59.4089
60.9844
63.0061
65.502
69.1708
-1.6102
1.24799
1.58761
-0.663455
71.2756
68.2856
66.6056
66.0789
65.6308
65.6566
65.861
66.0911
66.2925
66.4466
66.5305
66.5217
66.4108
66.2059
65.9227
65.5577
59.2922
60.6172
63.2298
66.3719
70.784
74.2064
-3.25969
-0.933124
-0.540808
-2.30666
74.3974
70.6025
66.2512
64.8502
63.9517
63.7083
63.7061
63.8234
64.007
64.2117
64.3872
64.4962
64.5214
64.4605
64.3186
64.0856
61.321
63.1882
66.322
69.6471
82.4965
85.1901
13.4283
14.6513
14.9056
13.8326
80.8536
75.8949
61.4204
59.8315
60.3815
61.596
62.6028
63.3401
63.8072
64.0519
64.1166
64.0598
63.9316
63.766
63.5491
63.2193
64.7459
66.2222
68.1713
71.8267
58.429
56.5486
59.0403
60.9219
62.128
62.9566
63.3769
63.5759
63.51
63.2744
62.916
62.4657
62.0004
61.5206
69.2285
69.2728
69.0954
71.581
60.2631
56.4054
57.7739
59.2726
60.5181
61.4152
61.9681
62.2013
62.1837
61.9785
61.565
61.0409
60.5241
60.0262
71.9874
70.4373
68.6529
70.0672
60.3736
56.3331
57.4177
58.7944
60.0411
61.0246
61.6726
62.0148
62.1255
62.0664
61.8668
61.4604
61.0582
60.7169
72.6654
70.6307
68.2111
68.9328
60.2172
56.2434
57.3186
58.8931
60.2946
61.3958
62.1787
62.6412
62.8573
62.9111
62.7704
62.5422
62.3232
62.0995
73.1283
71.0777
68.6479
69.213
59.7503
55.5649
56.7771
58.2025
59.6514
60.8869
61.8266
62.4109
62.7243
62.8572
62.841
62.7741
62.6784
62.5487
73.0454
71.4356
69.6223
70.6882
58.728
53.8709
55.2416
56.5193
58.1748
59.6358
60.7731
61.503
61.8803
62.0974
62.205
62.2367
62.2111
62.1309
70.8337
70.7385
70.4785
72.5484
57.052
50.7918
51.4022
54.7542
56.9719
58.6265
59.7521
60.4762
60.9173
61.1712
61.2969
61.3281
61.2855
61.1809
66.9433
68.4582
70.571
74.0557
55.6965
52.0017
54.1395
56.2724
57.9848
59.1635
59.9161
60.3549
60.5744
60.6478
60.6227
60.5237
60.3635
60.1563
63.3372
65.2457
68.2321
71.9162
-3.10693
-0.28953
0.59389
1.19435
1.69848
2.04252
1.84129
-1.32533
63.9023
61.1663
61.152
61.3712
61.4795
61.4507
61.3125
61.0958
60.8288
60.5361
60.2337
59.9239
59.602
59.2831
60.9131
62.2346
64.7798
69.3328
-4.2094
-1.60567
-0.997606
-0.691214
-0.459416
-0.308618
-0.491545
-2.97289
68.3156
65.0928
64.1112
63.4506
62.8376
62.244
61.6667
61.1075
60.5731
60.0739
59.6175
59.2019
58.8174
58.495
59.7556
60.4241
62.0979
66.561
-5.96109
-3.23802
-2.6304
-2.35486
-2.14962
-2.01543
-2.21599
-4.71393
67.4615
64.0764
63.0379
62.3874
61.8133
61.273
60.7507
60.2387
59.7392
59.263
58.8237
58.4329
58.1029
57.9887
59.2463
59.5424
60.5434
64.4094
-7.37345
-4.57749
-3.97165
-3.72397
-3.54628
-3.43624
-3.66668
-6.18963
66.5911
63.3016
62.3582
61.7911
61.2757
60.7657
60.2564
59.7481
59.2446
58.7545
58.2948
57.8947
57.6053
57.711
58.9856
59.1274
59.7594
62.9369
-2.67202
-0.0305421
0.553473
0.788089
0.948061
1.03417
0.790237
-1.59699
65.0353
62.0293
61.2057
60.7376
60.3152
59.8842
59.4411
58.9905
58.536
58.083
57.6502
57.294
57.1764
58.3997
58.8326
58.9002
59.2964
61.6212
12.0393
14.1774
14.6807
14.892
15.0235
15.0719
14.8354
12.8769
63.0396
60.6766
60.0184
59.6425
59.3024
58.9464
58.5696
58.1787
57.7788
57.3734
56.9811
56.681
56.7561
59.2004
58.7773
58.7902
58.9912
60.3398
32.7928
34.1338
34.4684
34.6085
34.6784
34.6715
34.4631
33.174
60.874
59.3751
58.8979
58.5977
58.3215
58.0308
57.719
57.3913
57.0532
56.7085
56.3731
56.1426
56.3947
59.8231
58.8023
58.7692
58.8103
59.3027
50.9081
51.4368
51.5685
51.6069
51.5972
51.5328
51.3618
50.7481
59.0479
58.3511
58.0446
57.8135
57.5919
57.3575
57.1032
56.8313
56.5477
56.2581
55.9785
55.8075
56.1576
59.9635
58.8669
58.8009
58.7371
58.7018
60.7889
60.7747
60.7516
60.7056
60.6338
60.5307
60.3916
60.2224
57.9394
57.7439
57.5498
57.3641
57.1771
56.9799
56.7665
56.5367
56.2961
56.0544
55.8325
55.7114
56.0763
59.4621
58.9315
58.8459
58.7317
58.5048
62.9134
62.6927
62.593
62.5007
62.3965
62.2767
62.1543
62.1429
57.5077
57.4912
57.3478
57.1865
57.0199
56.8467
56.6622
56.4637
56.2541
56.0432
55.8553
55.7725
56.1542
59.4447
58.9792
58.8838
58.7549
58.5355
61.2034
60.9881
60.8704
60.7632
60.6504
60.5296
60.4125
60.3829
57.4807
57.4504
57.316
57.1632
57.0052
56.844
56.6768
56.4999
56.3141
56.1281
55.9667
55.9093
56.2967
59.514
59.0109
58.9104
58.7811
58.6216
59.1924
59.0386
58.9239
58.8131
58.6993
58.5813
58.4631
58.3701
57.5589
57.4644
57.3242
57.1742
57.021
56.8669
56.7112
56.5506
56.3839
56.2174
56.0728
56.022
56.3764
59.3452
59.033
58.929
58.8006
58.679
58.2702
58.1535
58.0402
57.9255
57.8099
57.6933
57.5734
57.4407
57.6024
57.4675
57.3226
57.175
57.0262
56.8777
56.73
56.5815
56.4304
56.28
56.147
56.0898
56.3612
58.7465
59.0491
58.9421
58.8126
58.6984
58.2143
58.101
57.9825
57.861
57.7409
57.6228
57.5016
57.3592
57.59
57.4463
57.3006
57.1555
57.011
56.8673
56.7256
56.5857
56.4463
56.3081
56.1818
56.1083
56.2582
57.7929
59.061
58.9515
58.8199
58.6994
58.4172
58.2919
58.1655
58.0369
57.9115
57.7906
57.6687
57.5307
57.5554
57.4181
57.2737
57.1308
56.99
56.8507
56.7138
56.5801
56.449
56.3199
56.198
56.1062
56.1322
56.8142
59.0693
58.9584
58.8249
58.6975
58.5481
58.4106
58.2772
58.1431
58.0133
57.8891
57.7662
57.6334
57.5224
57.3926
57.2497
57.1078
56.9693
56.8334
56.7004
56.5711
56.4453
56.3221
56.203
56.0969
56.0308
56.1089
59.0752
58.9638
58.829
58.6974
58.5711
58.4255
58.2872
58.1498
58.0168
57.8896
57.7652
57.6345
57.4981
57.3733
57.2319
57.0906
56.9532
56.8196
56.6897
56.5636
56.4412
56.3217
56.205
56.0922
55.9789
55.7769
59.08
58.9687
58.8326
58.6979
58.5504
58.3998
58.2587
58.1196
57.9844
57.8544
57.728
57.5972
57.4794
57.3579
57.2185
57.0777
56.9406
56.8081
56.6801
56.556
56.4355
56.3182
56.2039
56.0906
55.9655
55.716
59.0849
58.9738
58.8358
58.6977
58.5315
58.3777
58.2349
58.0949
57.9584
57.8262
57.6975
57.5657
57.4636
57.3446
57.2081
57.0688
56.9319
56.7995
56.6721
56.549
56.4297
56.3141
56.2021
56.0918
55.9717
55.7683
59.0908
58.9795
58.8387
58.6963
58.5241
58.3682
58.2243
58.0841
57.9467
57.8127
57.682
57.5493
57.4498
57.3325
57.1995
57.0628
56.9268
56.794
56.6662
56.5432
56.4246
56.3103
56.2004
56.0932
55.9806
55.8241
59.0978
58.9853
58.8411
58.6941
58.523
58.3662
58.2216
58.0811
57.9431
57.808
57.6758
57.5425
57.4384
57.3217
57.1922
57.059
56.9248
56.792
56.6634
56.5401
56.422
56.3088
56.2003
56.0949
55.9865
55.85
59.1052
58.9903
58.8423
58.6909
58.5229
58.3663
58.2212
58.0803
57.9419
57.8061
57.6729
57.5393
57.429
57.3116
57.1851
57.0555
56.9241
56.7923
56.6634
56.5396
56.4218
56.3095
56.2017
56.0967
55.9889
55.8534
59.1109
58.9925
58.8405
58.6855
58.5206
58.3649
58.2193
58.0778
57.9391
57.8029
57.6692
57.5357
57.4195
57.3003
57.1757
57.0495
56.9213
56.7916
56.6634
56.5398
56.4222
56.3104
56.2028
56.0973
55.9885
55.8488
59.1097
58.9861
58.8301
58.6721
58.5101
58.3558
58.2095
58.0674
57.9281
57.7916
57.6577
57.5246
57.4033
57.2815
57.1578
57.034
56.9088
56.782
56.6557
56.5331
56.416
56.3043
56.1964
56.0902
55.9803
55.8385
59.0771
58.9426
58.7821
58.6216
58.4621
58.3088
58.1618
58.0186
57.8787
57.7418
57.6076
57.475
57.3493
57.2249
57.1011
56.9784
56.8556
56.7319
56.6084
56.4876
56.3713
56.2596
56.1513
56.0445
55.935
55.7987
)
;
        valueFraction   nonuniform List<scalar> 
898
(
0.123988
0.1242
0.125227
0.127523
0.129359
0.130582
0.137469
0.14479
0.15645
0.167165
0.170016
0.175883
0.1799
0.182104
0.182866
0.182468
0.181184
0.179242
0.176832
0.174112
0.171251
0.168351
0.16548
0.162692
0.160025
0.157505
0.124179
0.125505
0.128843
0.134499
0.137702
0.139163
0.144514
0.144842
0.145542
0.146478
0.142589
0.143599
0.144989
0.146697
0.148769
0.151011
0.153216
0.155105
0.156492
0.15729
0.157505
0.157197
0.156453
0.15537
0.154038
0.152536
0.126469
0.13013
0.137475
0.145931
0.14869
0.148779
0.153152
0.152248
0.151184
0.150066
0.143998
0.14332
0.14329
0.143382
0.143691
0.14422
0.145037
0.146066
0.147162
0.148163
0.148936
0.149394
0.149498
0.149276
0.148742
0.147928
0.133965
0.140633
0.151394
0.157363
0.159939
0.15726
0.156524
0.150261
0.144008
0.138258
0.12877
0.124124
0.120063
0.123509
0.130541
0.137899
0.143704
0.14767
0.149979
0.151104
0.1514
0.151122
0.150433
0.149437
0.148203
0.146778
0.148329
0.154389
0.161578
0.160108
0.097991
0.113469
0.127236
0.13574
0.141511
0.145307
0.146827
0.14792
0.147698
0.146729
0.145214
0.143202
0.140923
0.138505
0.167219
0.166408
0.161744
0.15045
0.0985004
0.107964
0.117446
0.124128
0.129368
0.133126
0.135427
0.136286
0.136143
0.135251
0.133881
0.131501
0.129282
0.12747
0.179114
0.170674
0.158275
0.140723
0.0964847
0.106041
0.114408
0.120445
0.125429
0.129329
0.131919
0.133284
0.133729
0.133531
0.132861
0.131283
0.129806
0.128762
0.180255
0.169991
0.155014
0.134116
0.0950756
0.105099
0.113398
0.120342
0.126019
0.130385
0.133478
0.135292
0.136152
0.1364
0.135875
0.135012
0.134244
0.133615
0.180865
0.170856
0.156135
0.134871
0.0933146
0.102377
0.111322
0.117677
0.123516
0.128344
0.131988
0.134232
0.135472
0.136007
0.135967
0.135767
0.135501
0.135244
0.180656
0.172786
0.160949
0.142407
0.0898074
0.096393
0.106051
0.111548
0.118015
0.123624
0.128022
0.130825
0.132307
0.133214
0.133702
0.133913
0.133951
0.133915
0.170676
0.170246
0.165884
0.152808
0.084382
0.0855123
0.0916332
0.105318
0.113675
0.120003
0.12433
0.12719
0.129017
0.130125
0.130721
0.130966
0.130987
0.130911
0.153432
0.160411
0.168072
0.164192
0.0794469
0.0896471
0.101918
0.110664
0.117452
0.122165
0.125276
0.127206
0.128293
0.128783
0.128854
0.128648
0.128281
0.127894
0.138537
0.146881
0.159098
0.163992
0.172405
0.168607
0.160562
0.150484
0.139647
0.129493
0.121718
0.1191
0.117142
0.122324
0.126349
0.128921
0.130346
0.130937
0.130952
0.130576
0.129941
0.129136
0.128226
0.127278
0.126358
0.125608
0.129628
0.135029
0.144533
0.153718
0.161877
0.161418
0.159238
0.15649
0.153737
0.151348
0.149473
0.147907
0.14218
0.141235
0.14009
0.138614
0.136918
0.135132
0.13335
0.13163
0.129996
0.128459
0.127024
0.125717
0.124581
0.123816
0.126379
0.128926
0.134129
0.141594
0.150843
0.152706
0.152872
0.152094
0.150783
0.149214
0.147544
0.145706
0.139101
0.137482
0.136083
0.134714
0.133343
0.131971
0.1306
0.129241
0.127902
0.126595
0.125334
0.124164
0.123147
0.122695
0.125888
0.126894
0.12917
0.133208
0.141433
0.143712
0.144878
0.145311
0.145223
0.144777
0.144083
0.143075
0.137135
0.136024
0.135002
0.13391
0.132738
0.1315
0.130213
0.128896
0.127563
0.126225
0.124892
0.123611
0.122446
0.122375
0.126359
0.126767
0.127751
0.129666
0.136101
0.137832
0.138962
0.139642
0.13994
0.139927
0.139653
0.139034
0.133877
0.133093
0.132373
0.131579
0.130702
0.129746
0.128718
0.127624
0.126466
0.125242
0.123941
0.122591
0.12124
0.122499
0.126964
0.127149
0.127627
0.128572
0.133024
0.134073
0.134828
0.135355
0.135662
0.135764
0.135675
0.135315
0.131485
0.130956
0.130453
0.129864
0.12918
0.128404
0.127539
0.126586
0.125543
0.124402
0.123138
0.121765
0.120321
0.121796
0.12748
0.127562
0.127819
0.128326
0.130844
0.131453
0.131919
0.132264
0.132477
0.132553
0.13249
0.132234
0.129967
0.12954
0.129095
0.128572
0.127965
0.127276
0.126507
0.125654
0.12471
0.123663
0.122488
0.121181
0.11978
0.121224
0.127866
0.127875
0.128
0.128258
0.129207
0.12954
0.129808
0.130007
0.13012
0.130142
0.130067
0.129874
0.128974
0.12863
0.128239
0.127776
0.12724
0.126631
0.125946
0.125184
0.124336
0.123392
0.122331
0.121139
0.119826
0.120865
0.128147
0.128097
0.128129
0.128233
0.12828
0.128445
0.128591
0.128694
0.128741
0.128721
0.128631
0.128469
0.128343
0.128044
0.127679
0.127251
0.126759
0.126205
0.12559
0.124913
0.124172
0.123368
0.122503
0.12161
0.120747
0.120411
0.128349
0.128249
0.128209
0.128214
0.127965
0.12802
0.128074
0.128101
0.128088
0.128027
0.127914
0.127753
0.127824
0.12755
0.127215
0.126827
0.126387
0.125897
0.125357
0.124769
0.124135
0.123459
0.122754
0.122054
0.121431
0.121166
0.128495
0.128352
0.128256
0.128196
0.127975
0.127958
0.127943
0.127912
0.127853
0.12776
0.127627
0.127458
0.127431
0.12717
0.126859
0.126504
0.126107
0.125668
0.125192
0.124682
0.124142
0.123583
0.123021
0.12249
0.122054
0.121936
0.128599
0.128419
0.128278
0.128169
0.128032
0.12796
0.127891
0.127811
0.127713
0.12759
0.127436
0.127252
0.127084
0.126829
0.126537
0.12621
0.12585
0.125458
0.125038
0.124594
0.124133
0.123665
0.123204
0.12278
0.122444
0.122382
0.12867
0.12846
0.128283
0.128134
0.128023
0.127909
0.127797
0.12768
0.127551
0.127404
0.127235
0.127041
0.126803
0.126554
0.126278
0.125974
0.125645
0.125291
0.124916
0.124526
0.124126
0.123727
0.123344
0.122996
0.122722
0.122662
0.128718
0.128481
0.128274
0.128092
0.127954
0.127804
0.127659
0.127512
0.127358
0.12719
0.127007
0.126805
0.126558
0.126313
0.126048
0.125763
0.125457
0.125134
0.124796
0.124448
0.124096
0.123749
0.123418
0.123118
0.122875
0.122778
0.128747
0.128489
0.128256
0.128047
0.127867
0.127689
0.127517
0.127346
0.127172
0.126989
0.126795
0.126587
0.126353
0.126113
0.125858
0.125588
0.125303
0.125005
0.124696
0.124382
0.124068
0.12376
0.123468
0.123201
0.122975
0.122835
0.128763
0.128486
0.128232
0.128
0.127788
0.127587
0.127393
0.127203
0.127012
0.126815
0.126612
0.126399
0.126173
0.125937
0.12569
0.125432
0.125162
0.124884
0.1246
0.124313
0.124027
0.123748
0.123483
0.123239
0.123024
0.12285
0.128769
0.128476
0.128205
0.127954
0.12772
0.127501
0.12729
0.127083
0.126878
0.126671
0.12646
0.126243
0.126018
0.125785
0.125545
0.125297
0.125041
0.12478
0.124514
0.124248
0.123985
0.123729
0.123484
0.123257
0.12305
0.122861
0.128767
0.128461
0.128175
0.127909
0.12766
0.127426
0.1272
0.12698
0.126764
0.126547
0.126329
0.126108
0.125882
0.12565
0.125415
0.125175
0.12493
0.124682
0.124431
0.124182
0.123936
0.123696
0.123467
0.123251
0.123051
0.122862
0.12876
0.128442
0.128144
0.127865
0.127605
0.127357
0.127119
0.126888
0.126662
0.126438
0.126215
0.125991
0.125762
0.125532
0.125301
0.125067
0.124831
0.124593
0.124354
0.124118
0.123885
0.123658
0.12344
0.123234
0.123039
0.122854
0.128748
0.128421
0.128112
0.127823
0.127552
0.127294
0.127046
0.126806
0.126571
0.126341
0.126113
0.125886
0.125656
0.125427
0.125198
0.124969
0.124739
0.124509
0.12428
0.124053
0.123831
0.123614
0.123404
0.123204
0.123014
0.122833
0.128734
0.128398
0.128081
0.127783
0.127503
0.127236
0.126979
0.126731
0.12649
0.126254
0.126022
0.125792
0.125561
0.125333
0.125106
0.12488
0.124655
0.124432
0.12421
0.123991
0.123776
0.123566
0.123363
0.123168
0.122982
0.122803
0.128718
0.128375
0.128051
0.127745
0.127457
0.127182
0.126918
0.126663
0.126416
0.126176
0.12594
0.125708
0.125477
0.125248
0.125023
0.1248
0.124578
0.12436
0.124143
0.12393
0.123721
0.123517
0.123319
0.123127
0.122943
0.122765
0.128701
0.128352
0.128022
0.127709
0.127414
0.127132
0.126862
0.126602
0.12635
0.126106
0.125867
0.125632
0.125401
0.125172
0.124948
0.124726
0.124508
0.124292
0.12408
0.123871
0.123667
0.123467
0.123272
0.123084
0.122902
0.122724
0.128683
0.128329
0.127993
0.127676
0.127374
0.127087
0.126812
0.126547
0.126291
0.126042
0.1258
0.125564
0.125332
0.125104
0.124879
0.124659
0.124442
0.124229
0.12402
0.123814
0.123613
0.123416
0.123224
0.123038
0.122857
0.122681
0.128664
0.128305
0.127965
0.127642
0.127336
0.127043
0.126763
0.126494
0.126234
0.125983
0.125739
0.125501
0.125267
0.125039
0.124815
0.124595
0.12438
0.124168
0.123961
0.123758
0.123559
0.123364
0.123175
0.12299
0.122811
0.122635
)
;
        value           nonuniform List<scalar> 
898
(
328.411
328.508
328.598
328.578
328.588
327.979
312.186
311.483
311.386
311.799
325.828
326.054
325.795
325.63
325.478
325.415
325.414
325.454
325.528
325.633
325.758
325.895
326.034
326.168
326.298
326.425
328.356
328.387
328.389
328.252
328.294
327.729
312.33
311.651
311.608
312.174
327.381
327.874
327.611
327.39
327.126
326.928
326.769
326.641
326.552
326.503
326.492
326.509
326.546
326.596
326.657
326.732
328.14
328.013
327.818
327.62
327.976
327.506
311.769
311.022
310.996
311.685
327.697
328.312
327.816
327.619
327.431
327.326
327.24
327.161
327.092
327.037
326.998
326.974
326.965
326.969
326.988
327.028
327.639
327.325
326.914
326.769
327.494
327.106
313.472
312.72
312.694
313.458
328.455
329.5
328.824
328.544
328.115
327.734
327.44
327.24
327.118
327.052
327.026
327.028
327.051
327.089
327.139
327.205
326.783
326.468
326.063
325.421
328.711
328.806
328.206
327.783
327.487
327.29
327.214
327.174
327.185
327.229
327.299
327.396
327.509
327.635
325.844
325.865
325.974
325.573
328.416
328.97
328.541
328.163
327.866
327.656
327.53
327.482
327.482
327.521
327.591
327.713
327.826
327.925
325.211
325.578
326.042
325.889
328.363
328.982
328.612
328.254
327.956
327.726
327.575
327.495
327.466
327.474
327.511
327.593
327.673
327.742
325.023
325.499
326.105
326.109
328.361
328.986
328.622
328.218
327.884
327.629
327.45
327.343
327.29
327.274
327.301
327.349
327.395
327.442
324.888
325.368
325.974
326.009
328.432
329.105
328.712
328.339
327.994
327.713
327.503
327.372
327.298
327.265
327.267
327.282
327.304
327.333
324.885
325.266
325.73
325.646
328.631
329.429
329.002
328.666
328.285
327.959
327.709
327.548
327.459
327.408
327.384
327.379
327.387
327.408
325.373
325.414
325.528
325.208
328.958
330.013
329.75
329.001
328.516
328.154
327.909
327.748
327.647
327.589
327.563
327.559
327.572
327.598
326.23
325.92
325.512
324.866
329.158
329.719
329.168
328.675
328.289
328.027
327.859
327.759
327.707
327.69
327.699
327.726
327.765
327.813
327.031
326.627
325.985
325.144
310.317
309.411
309.062
308.827
308.646
308.545
308.661
309.661
326.904
327.631
327.631
327.57
327.534
327.532
327.555
327.596
327.65
327.713
327.784
327.859
327.935
328.007
327.554
327.274
326.72
325.7
310.841
310.081
309.845
309.714
309.631
309.604
309.712
310.423
325.905
326.728
326.962
327.106
327.233
327.358
327.48
327.596
327.708
327.816
327.922
328.022
328.114
328.189
327.802
327.662
327.299
326.324
310.785
310.036
309.837
309.732
309.665
309.641
309.728
310.389
326.095
326.916
327.162
327.313
327.439
327.558
327.672
327.782
327.889
327.994
328.097
328.195
328.279
328.313
327.917
327.853
327.636
326.803
310.796
310.038
309.856
309.764
309.708
309.69
309.771
310.418
326.297
327.075
327.295
327.435
327.555
327.67
327.783
327.893
328.003
328.111
328.217
328.315
328.392
328.381
327.985
327.95
327.81
327.129
312.222
311.515
311.352
311.273
311.227
311.215
311.29
311.887
326.651
327.351
327.54
327.662
327.768
327.868
327.966
328.063
328.162
328.261
328.36
328.449
328.5
328.265
328.033
328.011
327.92
327.422
315.969
315.417
315.29
315.231
315.2
315.194
315.257
315.726
327.109
327.653
327.801
327.901
327.989
328.074
328.157
328.24
328.326
328.414
328.502
328.577
328.585
328.091
328.056
328.046
327.998
327.71
321.161
320.834
320.759
320.729
320.717
320.721
320.771
321.063
327.606
327.947
328.053
328.129
328.201
328.271
328.34
328.409
328.481
328.556
328.631
328.688
328.655
327.948
328.056
328.058
328.046
327.941
325.783
325.661
325.638
325.636
325.643
325.659
325.696
325.83
328.02
328.176
328.244
328.3
328.356
328.412
328.468
328.525
328.585
328.648
328.711
328.755
328.697
327.907
328.043
328.054
328.066
328.075
328.425
328.431
328.442
328.459
328.479
328.502
328.532
328.569
328.267
328.31
328.353
328.396
328.441
328.489
328.536
328.585
328.635
328.687
328.738
328.77
328.702
327.988
328.028
328.044
328.068
328.118
329.115
329.167
329.194
329.22
329.246
329.273
329.299
329.302
328.36
328.363
328.395
328.431
328.471
328.513
328.556
328.599
328.643
328.688
328.729
328.751
328.677
327.983
328.015
328.035
328.062
328.111
328.777
328.828
328.858
328.887
328.915
328.942
328.967
328.973
328.363
328.37
328.4
328.433
328.47
328.51
328.55
328.591
328.631
328.67
328.705
328.719
328.64
327.962
328.007
328.028
328.056
328.093
328.299
328.335
328.365
328.393
328.421
328.448
328.474
328.493
328.345
328.367
328.397
328.43
328.465
328.502
328.541
328.58
328.618
328.654
328.684
328.696
328.622
327.996
328.001
328.023
328.052
328.082
328.059
328.087
328.115
328.142
328.17
328.198
328.226
328.253
328.335
328.367
328.397
328.429
328.462
328.498
328.535
328.572
328.609
328.643
328.671
328.683
328.627
328.125
327.997
328.021
328.051
328.081
328.032
328.058
328.086
328.113
328.141
328.17
328.199
328.23
328.339
328.373
328.402
328.433
328.465
328.499
328.534
328.569
328.604
328.637
328.665
328.681
328.651
328.33
327.993
328.019
328.051
328.084
328.078
328.106
328.134
328.162
328.19
328.22
328.25
328.28
328.348
328.381
328.409
328.439
328.469
328.501
328.534
328.568
328.601
328.633
328.661
328.682
328.679
328.539
327.991
328.018
328.052
328.088
328.114
328.143
328.172
328.2
328.229
328.259
328.29
328.32
328.357
328.389
328.416
328.444
328.473
328.503
328.535
328.567
328.599
328.63
328.658
328.683
328.7
328.688
327.99
328.018
328.054
328.091
328.125
328.154
328.184
328.213
328.242
328.272
328.303
328.333
328.364
328.395
328.422
328.449
328.476
328.505
328.535
328.566
328.596
328.626
328.655
328.683
328.71
328.758
327.989
328.019
328.056
328.094
328.125
328.154
328.184
328.214
328.243
328.274
328.305
328.335
328.369
328.401
328.428
328.454
328.48
328.508
328.536
328.565
328.595
328.624
328.652
328.681
328.712
328.77
327.99
328.021
328.059
328.096
328.125
328.154
328.184
328.214
328.244
328.275
328.306
328.336
328.374
328.407
328.434
328.459
328.485
328.511
328.538
328.566
328.594
328.622
328.65
328.679
328.71
328.759
327.991
328.024
328.061
328.099
328.127
328.156
328.187
328.218
328.249
328.279
328.31
328.34
328.378
328.412
328.439
328.465
328.49
328.515
328.541
328.568
328.595
328.622
328.65
328.678
328.708
328.748
327.994
328.026
328.064
328.101
328.13
328.16
328.192
328.223
328.254
328.285
328.316
328.346
328.383
328.416
328.445
328.471
328.496
328.52
328.545
328.57
328.597
328.624
328.651
328.678
328.708
328.744
327.997
328.029
328.067
328.104
328.134
328.165
328.197
328.229
328.261
328.292
328.322
328.352
328.388
328.421
328.45
328.476
328.502
328.526
328.55
328.575
328.6
328.627
328.653
328.681
328.709
328.745
328
328.033
328.07
328.106
328.138
328.17
328.203
328.235
328.267
328.298
328.329
328.359
328.393
328.425
328.454
328.482
328.508
328.532
328.556
328.58
328.605
328.631
328.658
328.684
328.712
328.748
328.005
328.037
328.074
328.11
328.143
328.176
328.209
328.242
328.274
328.306
328.337
328.367
328.399
328.43
328.46
328.488
328.515
328.54
328.564
328.588
328.613
328.639
328.664
328.69
328.718
328.753
328.014
328.048
328.085
328.121
328.155
328.189
328.223
328.256
328.289
328.32
328.351
328.382
328.413
328.443
328.473
328.501
328.528
328.554
328.579
328.604
328.629
328.654
328.68
328.705
328.731
328.764
)
;
        Tnbr            T;
        qrNbr           qr;
        qr              none;
        thermalInertia  false;
        thicknessLayers List<scalar> 0();
        kappaLayers     List<scalar> 0();
        kappaMethod     solidThermo;
        kappa           none;
        alphaAni        none;
        alpha           none;
    }
    concrete_to_asphalt
    {
        type            compressible::turbulentTemperatureRadCoupledMixed;
        refValue        nonuniform List<scalar> 
52
(
325.853
325.886
325.92
325.953
325.986
326.018
326.049
326.08
326.11
326.139
326.168
326.196
326.224
326.251
326.278
326.304
326.33
326.354
326.378
326.401
326.424
326.447
326.47
326.493
326.517
326.544
327.258
327.294
327.331
327.366
327.4
327.434
327.467
327.499
327.531
327.562
327.592
327.622
327.651
327.68
327.708
327.736
327.763
327.789
327.814
327.838
327.862
327.887
327.911
327.935
327.96
327.987
)
;
        refGradient     uniform 0;
        valueFraction   nonuniform List<scalar> 
52
(
0.529412
0.529412
0.529412
0.529412
0.529412
0.529412
0.529412
0.529412
0.529412
0.529412
0.529412
0.529412
0.529412
0.529412
0.529412
0.529412
0.529412
0.529412
0.529412
0.529412
0.529412
0.529412
0.529412
0.529412
0.529412
0.529412
0.529412
0.529412
0.529412
0.529412
0.529412
0.529412
0.529412
0.529412
0.529412
0.529412
0.529412
0.529412
0.529412
0.529412
0.529412
0.529412
0.529412
0.529412
0.529412
0.529412
0.529412
0.529412
0.529412
0.529412
0.529412
0.529412
)
;
        value           nonuniform List<scalar> 
52
(
325.783
325.811
325.844
325.877
325.909
325.941
325.972
326.003
326.032
326.061
326.09
326.118
326.146
326.174
326.201
326.227
326.252
326.276
326.3
326.322
326.345
326.369
326.392
326.415
326.44
326.473
327.252
327.285
327.32
327.356
327.39
327.423
327.456
327.488
327.52
327.551
327.581
327.61
327.64
327.669
327.698
327.726
327.752
327.778
327.802
327.826
327.851
327.875
327.9
327.924
327.95
327.98
)
;
        Tnbr            T;
        qrNbr           none;
        qr              none;
        thermalInertia  false;
        thicknessLayers List<scalar> 0();
        kappaLayers     List<scalar> 0();
        kappaMethod     solidThermo;
        kappa           none;
        alphaAni        none;
        alpha           none;
    }
    concrete_to_soil2
    {
        type            compressible::turbulentTemperatureRadCoupledMixed;
        refValue        nonuniform List<scalar> 
200
(
326.231
326.328
326.42
326.441
326.348
325.069
312.354
311.025
310.816
311.518
321.162
322.122
322.351
322.552
322.711
322.874
323.038
323.196
323.35
323.503
323.655
323.803
323.943
324.073
324.194
324.307
326.127
324.498
326.103
324.73
325.985
324.977
325.641
325.18
324.914
325.57
323.9
325.822
323.015
325.65
322.686
325.362
322.504
325.237
322.551
325.292
323.245
325.469
324.181
325.688
324.893
325.855
325.288
326.049
325.49
325.702
325.629
326.283
325.746
323.568
325.832
318.352
325.873
313.931
325.876
311.965
325.861
311.593
325.842
311.565
325.828
311.636
325.818
312.598
325.812
315.229
325.807
319.196
325.803
323.155
325.8
325.867
325.798
327.018
325.796
327.107
325.796
326.826
325.796
326.596
325.797
326.516
325.799
326.523
325.801
326.547
325.805
326.561
325.811
326.568
327.655
327.762
327.866
327.906
327.898
326.943
312.419
311.409
311.205
311.637
322.625
323.331
323.519
323.734
323.906
324.086
324.265
324.436
324.603
324.768
324.931
325.089
325.239
325.377
325.506
325.625
327.549
325.827
327.532
326.083
327.418
326.344
327.064
326.549
326.291
326.988
325.194
327.243
324.251
327.047
323.948
326.742
323.778
326.617
323.828
326.68
324.596
326.868
325.62
327.097
326.383
327.269
326.786
327.501
326.972
327.081
327.088
327.914
327.184
324.925
327.254
319.06
327.286
314.132
327.285
312.01
327.268
311.659
327.248
311.641
327.234
311.681
327.224
312.693
327.218
315.581
327.212
319.976
327.208
324.358
327.205
327.334
327.202
328.565
327.201
328.626
327.2
328.295
327.2
328.038
327.201
327.953
327.203
327.964
327.206
327.991
327.209
328.006
327.214
328.013
)
;
        refGradient     uniform 0;
        valueFraction   nonuniform List<scalar> 
200
(
0.529412
0.529412
0.529412
0.529412
0.529412
0.529412
0.529412
0.529412
0.529412
0.529412
0.529412
0.529412
0.529412
0.529412
0.529412
0.529412
0.529412
0.529412
0.529412
0.529412
0.529412
0.529412
0.529412
0.529412
0.529412
0.529412
0.529412
0.529412
0.529412
0.529412
0.529412
0.529412
0.529412
0.529412
0.529412
0.529412
0.529412
0.529412
0.529412
0.529412
0.529412
0.529412
0.529412
0.529412
0.529412
0.529412
0.529412
0.529412
0.529412
0.529412
0.529412
0.529412
0.529412
0.529412
0.529412
0.529412
0.529412
0.529412
0.529412
0.529412
0.529412
0.529412
0.529412
0.529412
0.529412
0.529412
0.529412
0.529412
0.529412
0.529412
0.529412
0.529412
0.529412
0.529412
0.529412
0.529412
0.529412
0.529412
0.529412
0.529412
0.529412
0.529412
0.529412
0.529412
0.529412
0.529412
0.529412
0.529412
0.529412
0.529412
0.529412
0.529412
0.529412
0.529412
0.529412
0.529412
0.529412
0.529412
0.529412
0.529412
0.529412
0.529412
0.529412
0.529412
0.529412
0.529412
0.529412
0.529412
0.529412
0.529412
0.529412
0.529412
0.529412
0.529412
0.529412
0.529412
0.529412
0.529412
0.529412
0.529412
0.529412
0.529412
0.529412
0.529412
0.529412
0.529412
0.529412
0.529412
0.529412
0.529412
0.529412
0.529412
0.529412
0.529412
0.529412
0.529412
0.529412
0.529412
0.529412
0.529412
0.529412
0.529412
0.529412
0.529412
0.529412
0.529412
0.529412
0.529412
0.529412
0.529412
0.529412
0.529412
0.529412
0.529412
0.529412
0.529412
0.529412
0.529412
0.529412
0.529412
0.529412
0.529412
0.529412
0.529412
0.529412
0.529412
0.529412
0.529412
0.529412
0.529412
0.529412
0.529412
0.529412
0.529412
0.529412
0.529412
0.529412
0.529412
0.529412
0.529412
0.529412
0.529412
0.529412
0.529412
0.529412
0.529412
0.529412
0.529412
0.529412
0.529412
0.529412
0.529412
0.529412
0.529412
0.529412
0.529412
0.529412
0.529412
0.529412
0.529412
)
;
        value           nonuniform List<scalar> 
200
(
326.152
326.237
326.316
326.308
326.198
324.941
312.212
310.901
310.739
311.559
321.97
322.876
322.956
323.011
323.041
323.104
323.19
323.29
323.402
323.525
323.657
323.791
323.922
324.047
324.165
324.283
326.097
324.383
326.05
324.626
325.887
324.882
325.485
325.074
324.74
325.448
323.813
325.709
323.074
325.552
322.805
325.273
322.648
325.154
322.678
325.211
323.249
325.387
324.095
325.598
324.807
325.772
325.242
325.952
325.465
325.81
325.598
326.14
325.696
324.583
325.767
321.619
325.802
319.104
325.807
317.985
325.794
317.796
325.778
317.777
325.765
317.814
325.757
318.371
325.751
319.892
325.746
322.182
325.743
324.471
325.74
326.044
325.738
326.72
325.738
326.78
325.737
326.622
325.738
326.491
325.74
326.444
325.742
326.448
325.745
326.462
325.749
326.472
325.761
326.486
327.642
327.739
327.834
327.842
327.819
326.909
312.31
311.332
311.177
311.703
323.649
324.245
324.252
324.297
324.323
324.39
324.485
324.593
324.715
324.849
324.992
325.137
325.278
325.413
325.539
325.662
327.586
325.768
327.548
326.04
327.386
326.313
326.968
326.504
326.171
326.928
325.166
327.195
324.378
327.012
324.127
326.715
323.974
326.599
324.002
326.665
324.629
326.851
325.557
327.071
326.323
327.251
326.775
327.456
326.991
327.285
327.108
327.756
327.193
326.094
327.253
322.858
327.282
320.139
327.283
318.974
327.268
318.815
327.251
318.803
327.238
318.817
327.228
319.382
327.222
320.998
327.218
323.458
327.214
325.914
327.211
327.587
327.209
328.284
327.208
328.325
327.208
328.142
327.209
327.999
327.21
327.951
327.213
327.957
327.216
327.974
327.22
327.984
327.228
327.994
)
;
        Tnbr            T;
        qrNbr           none;
        qr              none;
        thermalInertia  false;
        thicknessLayers List<scalar> 0();
        kappaLayers     List<scalar> 0();
        kappaMethod     solidThermo;
        kappa           none;
        alphaAni        none;
        alpha           none;
    }
    concrete_to_buildings
    {
        type            externalWallHeatFluxTemperature;
        mode            coefficient;
        kappaMethod     solidThermo;
        kappa           none;
        alphaAni        none;
        alpha           none;
        h               constant 10;
        Ta              constant 293.15;
        thicknessLayers List<scalar> 1(0.3);
        kappaLayers     List<scalar> 1(1.6);
        qr              none;
        refValue        uniform 293.15;
        refGradient     uniform 0;
        valueFraction   nonuniform List<scalar> 
64
(
0.0980392
0.0980392
0.0980392
0.0980392
0.0980392
0.0980392
0.0980392
0.0980392
0.0980392
0.0980392
0.0980392
0.0980392
0.0980392
0.0980392
0.0980392
0.0980392
0.0980392
0.0980392
0.0980392
0.0980392
0.0980392
0.0980392
0.0980392
0.0980392
0.0980392
0.0980392
0.0980392
0.0980392
0.0980392
0.0980392
0.0980392
0.0980392
0.0980392
0.0980392
0.0980392
0.0980392
0.0980392
0.0980392
0.0980392
0.0980392
0.0980392
0.0980392
0.0980392
0.0980392
0.0980392
0.0980392
0.0980392
0.0980392
0.0980392
0.0980392
0.0980392
0.0980392
0.0980392
0.0980392
0.0980392
0.0980392
0.0980392
0.0980392
0.0980392
0.0980392
0.0980392
0.0980392
0.0980392
0.0980392
)
;
        value           nonuniform List<scalar> 
64
(
301.217
298.822
297.359
296.971
296.977
297.399
299.01
301.698
298.984
296.221
295.46
295.24
295.245
295.488
296.322
299.347
298.57
295.688
295.002
294.821
294.826
295.024
295.768
298.887
298.483
295.559
294.88
294.707
294.712
294.901
295.633
298.779
298.456
295.538
294.864
294.694
294.699
294.885
295.615
298.771
298.463
295.59
294.931
294.765
294.768
294.951
295.675
298.83
298.616
295.849
295.223
295.065
295.065
295.235
295.93
299.034
299.546
297.082
296.535
296.387
296.372
296.501
297.093
299.903
)
;
    }
    concrete_to_soil1
    {
        type            compressible::turbulentTemperatureRadCoupledMixed;
        refValue        nonuniform List<scalar> 
962
(
324.572
324.629
324.68
324.625
324.418
322.931
311.813
310.287
310.174
311.342
321.154
322.26
322.267
322.187
322.092
322.049
322.049
322.081
322.139
322.22
322.319
322.428
322.539
322.648
322.756
322.874
324.489
324.484
324.454
324.308
324.111
322.667
311.785
310.298
310.249
311.607
322.276
323.623
323.637
323.509
323.322
323.172
323.052
322.959
322.895
322.863
322.861
322.88
322.915
322.961
323.018
323.1
324.279
324.143
323.954
323.721
323.608
322.213
311.282
309.787
309.765
311.233
322.376
323.895
323.913
323.839
323.695
323.584
323.491
323.411
323.347
323.301
323.271
323.257
323.254
323.265
323.291
323.348
323.836
323.551
323.164
322.715
321.756
320.31
311.102
309.801
309.792
311.164
321.25
323.203
324.329
324.464
324.215
323.927
323.692
323.527
323.427
323.375
323.356
323.359
323.378
323.408
323.452
323.526
323.125
322.827
322.31
320.475
304.395
301.181
299.207
298.645
298.654
299.267
301.438
305.04
322.931
324.515
324.311
324
323.754
323.583
323.502
323.464
323.469
323.505
323.563
323.64
323.73
323.843
322.36
322.305
322.077
320.065
301.441
297.723
296.624
296.302
296.311
296.666
297.868
301.94
322.314
324.546
324.531
324.27
324.023
323.84
323.729
323.684
323.685
323.723
323.793
323.892
323.992
324.099
321.821
322.036
322.061
320.131
300.84
296.954
295.961
295.695
295.702
295.994
297.071
301.277
322.13
324.517
324.579
324.342
324.097
323.902
323.773
323.707
323.688
323.703
323.747
323.822
323.897
323.979
321.615
321.939
322.079
320.233
300.708
296.765
295.782
295.528
295.535
295.812
296.873
301.118
322.086
324.512
324.588
324.329
324.06
323.843
323.691
323.6
323.558
323.55
323.577
323.622
323.669
323.73
321.491
321.829
321.973
320.149
300.67
296.734
295.759
295.509
295.515
295.789
296.847
301.105
322.141
324.612
324.679
324.436
324.154
323.915
323.735
323.62
323.556
323.53
323.533
323.55
323.575
323.619
321.508
321.761
321.793
319.906
300.684
296.811
295.856
295.613
295.618
295.886
296.934
301.191
322.318
324.882
324.942
324.703
324.388
324.113
323.903
323.764
323.686
323.642
323.624
323.623
323.636
323.672
321.905
321.9
321.669
319.659
300.91
297.186
296.279
296.047
296.048
296.297
297.303
301.481
322.61
325.3
325.437
324.963
324.57
324.272
324.066
323.93
323.846
323.799
323.779
323.779
323.795
323.835
322.587
322.315
321.736
319.642
302.149
298.839
298.048
297.832
297.811
298.004
298.863
302.632
322.798
325.055
325.007
324.684
324.388
324.176
324.038
323.956
323.914
323.901
323.91
323.934
323.971
324.028
323.243
322.896
322.193
320.42
309.349
307.472
306.931
306.688
306.558
306.565
306.973
309.062
321.807
323.617
323.867
323.859
323.827
323.815
323.825
323.853
323.893
323.943
324.001
324.063
324.128
324.201
323.697
323.435
322.797
321.008
310.365
308.745
308.329
308.164
308.09
308.118
308.437
310.077
321.214
322.909
323.309
323.467
323.573
323.67
323.765
323.857
323.947
324.035
324.122
324.205
324.281
324.352
323.941
323.78
323.28
321.521
310.519
308.917
308.542
308.405
308.347
308.374
308.657
310.207
321.329
322.993
323.403
323.578
323.697
323.801
323.9
323.996
324.088
324.178
324.266
324.347
324.411
324.424
324.07
323.968
323.584
321.927
310.705
309.105
308.751
308.629
308.58
308.608
308.876
310.388
321.528
323.14
323.524
323.69
323.804
323.906
324.004
324.099
324.193
324.285
324.373
324.45
324.494
324.455
324.152
324.073
323.772
322.317
311.929
310.46
310.142
310.036
309.997
310.025
310.267
311.647
321.935
323.396
323.735
323.88
323.981
324.071
324.157
324.242
324.327
324.412
324.492
324.553
324.533
324.141
324.21
324.145
323.925
322.819
314.814
313.672
313.424
313.344
313.318
313.343
313.536
314.613
322.566
323.702
323.968
324.085
324.17
324.246
324.319
324.392
324.466
324.541
324.609
324.645
324.531
323.607
324.242
324.195
324.062
323.398
318.731
318.04
317.888
317.843
317.832
317.856
317.986
318.65
323.312
324.015
324.194
324.282
324.35
324.412
324.472
324.533
324.595
324.658
324.713
324.722
324.521
323.14
324.25
324.222
324.167
323.902
322.246
321.97
321.908
321.895
321.901
321.923
321.996
322.283
323.965
324.271
324.371
324.431
324.483
324.533
324.582
324.632
324.683
324.736
324.779
324.77
324.518
322.917
324.243
324.231
324.227
324.212
324.327
324.311
324.309
324.32
324.336
324.359
324.394
324.445
324.37
324.429
324.476
324.518
324.559
324.6
324.642
324.684
324.728
324.77
324.803
324.781
324.512
322.902
324.231
324.228
324.248
324.325
324.956
325.035
325.061
325.083
325.106
325.128
325.146
325.113
324.528
324.497
324.521
324.553
324.588
324.624
324.662
324.7
324.737
324.773
324.797
324.767
324.492
322.89
324.221
324.221
324.247
324.32
324.778
324.854
324.885
324.911
324.935
324.957
324.973
324.945
324.536
324.51
324.53
324.559
324.591
324.625
324.66
324.695
324.729
324.761
324.779
324.744
324.472
322.901
324.214
324.215
324.239
324.283
324.445
324.49
324.519
324.544
324.568
324.59
324.61
324.613
324.5
324.506
324.529
324.557
324.587
324.62
324.653
324.687
324.719
324.748
324.764
324.731
324.482
323.035
324.209
324.211
324.233
324.258
324.26
324.285
324.31
324.334
324.358
324.382
324.405
324.428
324.477
324.504
324.53
324.557
324.586
324.617
324.649
324.681
324.712
324.739
324.755
324.731
324.532
323.367
324.205
324.208
324.231
324.253
324.228
324.247
324.271
324.295
324.32
324.345
324.37
324.399
324.476
324.508
324.534
324.56
324.588
324.617
324.647
324.678
324.708
324.735
324.753
324.743
324.615
323.854
324.202
324.207
324.231
324.256
324.257
324.278
324.302
324.326
324.351
324.377
324.403
324.432
324.485
324.515
324.54
324.565
324.592
324.619
324.648
324.677
324.705
324.732
324.753
324.758
324.702
324.345
324.2
324.206
324.232
324.261
324.283
324.307
324.332
324.356
324.381
324.407
324.434
324.461
324.494
324.522
324.546
324.57
324.595
324.621
324.648
324.676
324.703
324.73
324.753
324.77
324.767
324.699
324.199
324.207
324.234
324.265
324.293
324.318
324.343
324.368
324.393
324.42
324.447
324.473
324.501
324.528
324.551
324.574
324.598
324.623
324.649
324.675
324.701
324.727
324.752
324.775
324.801
324.871
324.199
324.208
324.236
324.267
324.294
324.319
324.345
324.37
324.396
324.422
324.449
324.476
324.505
324.533
324.557
324.579
324.601
324.625
324.65
324.675
324.7
324.725
324.75
324.776
324.811
324.909
324.2
324.209
324.238
324.269
324.294
324.319
324.345
324.371
324.397
324.424
324.451
324.478
324.509
324.538
324.562
324.584
324.605
324.628
324.651
324.675
324.699
324.724
324.749
324.775
324.809
324.888
324.201
324.211
324.241
324.272
324.296
324.321
324.348
324.374
324.401
324.427
324.454
324.481
324.513
324.542
324.567
324.588
324.61
324.631
324.654
324.676
324.7
324.724
324.748
324.774
324.805
324.863
324.203
324.214
324.243
324.274
324.299
324.324
324.352
324.379
324.406
324.432
324.459
324.486
324.517
324.546
324.571
324.593
324.615
324.636
324.657
324.679
324.701
324.725
324.749
324.774
324.803
324.851
324.205
324.216
324.245
324.276
324.302
324.328
324.356
324.384
324.411
324.438
324.464
324.491
324.521
324.55
324.575
324.598
324.62
324.64
324.661
324.682
324.704
324.727
324.75
324.775
324.803
324.85
324.208
324.219
324.248
324.278
324.306
324.333
324.361
324.389
324.417
324.444
324.47
324.497
324.526
324.554
324.579
324.603
324.625
324.646
324.667
324.688
324.709
324.732
324.755
324.779
324.806
324.854
324.214
324.226
324.254
324.285
324.313
324.342
324.37
324.399
324.427
324.454
324.48
324.507
324.535
324.562
324.587
324.612
324.635
324.656
324.677
324.698
324.719
324.741
324.764
324.787
324.814
324.862
324.237
324.252
324.281
324.312
324.342
324.371
324.4
324.429
324.457
324.484
324.511
324.537
324.564
324.591
324.616
324.641
324.664
324.686
324.708
324.729
324.751
324.772
324.794
324.817
324.843
324.886
)
;
        refGradient     uniform 0;
        valueFraction   nonuniform List<scalar> 
962
(
0.52519
0.52519
0.52519
0.52519
0.52519
0.52519
0.52519
0.52519
0.52519
0.52519
0.52519
0.52519
0.52519
0.52519
0.52519
0.52519
0.52519
0.52519
0.52519
0.52519
0.52519
0.52519
0.52519
0.52519
0.52519
0.52519
0.52519
0.52519
0.52519
0.52519
0.52519
0.52519
0.52519
0.52519
0.52519
0.52519
0.52519
0.52519
0.52519
0.52519
0.52519
0.52519
0.52519
0.52519
0.52519
0.52519
0.52519
0.52519
0.52519
0.52519
0.52519
0.52519
0.52519
0.52519
0.52519
0.52519
0.52519
0.52519
0.52519
0.52519
0.52519
0.52519
0.52519
0.52519
0.52519
0.52519
0.52519
0.52519
0.52519
0.52519
0.52519
0.52519
0.52519
0.52519
0.52519
0.52519
0.52519
0.52519
0.52519
0.52519
0.52519
0.52519
0.52519
0.52519
0.52519
0.52519
0.52519
0.52519
0.52519
0.52519
0.52519
0.52519
0.52519
0.52519
0.52519
0.52519
0.52519
0.52519
0.52519
0.52519
0.52519
0.52519
0.52519
0.52519
0.52519
0.52519
0.52519
0.52519
0.52519
0.52519
0.52519
0.52519
0.52519
0.52519
0.52519
0.52519
0.52519
0.52519
0.52519
0.52519
0.52519
0.52519
0.52519
0.52519
0.52519
0.52519
0.52519
0.52519
0.52519
0.52519
0.52519
0.52519
0.52519
0.52519
0.52519
0.52519
0.52519
0.52519
0.52519
0.52519
0.52519
0.52519
0.52519
0.52519
0.52519
0.52519
0.52519
0.52519
0.52519
0.52519
0.52519
0.52519
0.52519
0.52519
0.52519
0.52519
0.52519
0.52519
0.52519
0.52519
0.52519
0.52519
0.52519
0.52519
0.52519
0.52519
0.52519
0.52519
0.52519
0.52519
0.52519
0.52519
0.52519
0.52519
0.52519
0.52519
0.52519
0.52519
0.52519
0.52519
0.52519
0.52519
0.52519
0.52519
0.52519
0.52519
0.52519
0.52519
0.52519
0.52519
0.52519
0.52519
0.52519
0.52519
0.52519
0.52519
0.52519
0.52519
0.52519
0.52519
0.52519
0.52519
0.52519
0.52519
0.52519
0.52519
0.52519
0.52519
0.52519
0.52519
0.52519
0.52519
0.52519
0.52519
0.52519
0.52519
0.52519
0.52519
0.52519
0.52519
0.52519
0.52519
0.52519
0.52519
0.52519
0.52519
0.52519
0.52519
0.52519
0.52519
0.52519
0.52519
0.52519
0.52519
0.52519
0.52519
0.52519
0.52519
0.52519
0.52519
0.52519
0.52519
0.52519
0.52519
0.52519
0.52519
0.52519
0.52519
0.52519
0.52519
0.52519
0.52519
0.52519
0.52519
0.52519
0.52519
0.52519
0.52519
0.52519
0.52519
0.52519
0.52519
0.52519
0.52519
0.52519
0.52519
0.52519
0.52519
0.52519
0.52519
0.52519
0.52519
0.52519
0.52519
0.52519
0.52519
0.52519
0.52519
0.52519
0.52519
0.52519
0.52519
0.52519
0.52519
0.52519
0.52519
0.52519
0.52519
0.52519
0.52519
0.52519
0.52519
0.52519
0.52519
0.52519
0.52519
0.52519
0.52519
0.52519
0.52519
0.52519
0.52519
0.52519
0.52519
0.52519
0.52519
0.52519
0.52519
0.52519
0.52519
0.52519
0.52519
0.52519
0.52519
0.52519
0.52519
0.52519
0.52519
0.52519
0.52519
0.52519
0.52519
0.52519
0.52519
0.52519
0.52519
0.52519
0.52519
0.52519
0.52519
0.52519
0.52519
0.52519
0.52519
0.52519
0.52519
0.52519
0.52519
0.52519
0.52519
0.52519
0.52519
0.52519
0.52519
0.52519
0.52519
0.52519
0.52519
0.52519
0.52519
0.52519
0.52519
0.52519
0.52519
0.52519
0.52519
0.52519
0.52519
0.52519
0.52519
0.52519
0.52519
0.52519
0.52519
0.52519
0.52519
0.52519
0.52519
0.52519
0.52519
0.52519
0.52519
0.52519
0.52519
0.52519
0.52519
0.52519
0.52519
0.52519
0.52519
0.52519
0.52519
0.52519
0.52519
0.52519
0.52519
0.52519
0.52519
0.52519
0.52519
0.52519
0.52519
0.52519
0.52519
0.52519
0.52519
0.52519
0.52519
0.52519
0.52519
0.52519
0.52519
0.52519
0.52519
0.52519
0.52519
0.52519
0.52519
0.52519
0.52519
0.52519
0.52519
0.52519
0.52519
0.52519
0.52519
0.52519
0.52519
0.52519
0.52519
0.52519
0.52519
0.52519
0.52519
0.52519
0.52519
0.52519
0.52519
0.52519
0.52519
0.52519
0.52519
0.52519
0.52519
0.52519
0.52519
0.52519
0.52519
0.52519
0.52519
0.52519
0.52519
0.52519
0.52519
0.52519
0.52519
0.52519
0.52519
0.52519
0.52519
0.52519
0.52519
0.52519
0.52519
0.52519
0.52519
0.52519
0.52519
0.52519
0.52519
0.52519
0.52519
0.52519
0.52519
0.52519
0.52519
0.52519
0.52519
0.52519
0.52519
0.52519
0.52519
0.52519
0.52519
0.52519
0.52519
0.52519
0.52519
0.52519
0.52519
0.52519
0.52519
0.52519
0.52519
0.52519
0.52519
0.52519
0.52519
0.52519
0.52519
0.52519
0.52519
0.52519
0.52519
0.52519
0.52519
0.52519
0.52519
0.52519
0.52519
0.52519
0.52519
0.52519
0.52519
0.52519
0.52519
0.52519
0.52519
0.52519
0.52519
0.52519
0.52519
0.52519
0.52519
0.52519
0.52519
0.52519
0.52519
0.52519
0.52519
0.52519
0.52519
0.52519
0.52519
0.52519
0.52519
0.52519
0.52519
0.52519
0.52519
0.52519
0.52519
0.52519
0.52519
0.52519
0.52519
0.52519
0.52519
0.52519
0.52519
0.52519
0.52519
0.52519
0.52519
0.52519
0.52519
0.52519
0.52519
0.52519
0.52519
0.52519
0.52519
0.52519
0.52519
0.52519
0.52519
0.52519
0.52519
0.52519
0.52519
0.52519
0.52519
0.52519
0.52519
0.52519
0.52519
0.52519
0.52519
0.52519
0.52519
0.52519
0.52519
0.52519
0.52519
0.52519
0.52519
0.52519
0.52519
0.52519
0.52519
0.52519
0.52519
0.52519
0.52519
0.52519
0.52519
0.52519
0.52519
0.52519
0.52519
0.52519
0.52519
0.52519
0.52519
0.52519
0.52519
0.52519
0.52519
0.52519
0.52519
0.52519
0.52519
0.52519
0.52519
0.52519
0.52519
0.52519
0.52519
0.52519
0.52519
0.52519
0.52519
0.52519
0.52519
0.52519
0.52519
0.52519
0.52519
0.52519
0.52519
0.52519
0.52519
0.52519
0.52519
0.52519
0.52519
0.52519
0.52519
0.52519
0.52519
0.52519
0.52519
0.52519
0.52519
0.52519
0.52519
0.52519
0.52519
0.52519
0.52519
0.52519
0.52519
0.52519
0.52519
0.52519
0.52519
0.52519
0.52519
0.52519
0.52519
0.52519
0.52519
0.52519
0.52519
0.52519
0.52519
0.52519
0.52519
0.52519
0.52519
0.52519
0.52519
0.52519
0.52519
0.52519
0.52519
0.52519
0.52519
0.52519
0.52519
0.52519
0.52519
0.52519
0.52519
0.52519
0.52519
0.52519
0.52519
0.52519
0.52519
0.52519
0.52519
0.52519
0.52519
0.52519
0.52519
0.52519
0.52519
0.52519
0.52519
0.52519
0.52519
0.52519
0.52519
0.52519
0.52519
0.52519
0.52519
0.52519
0.52519
0.52519
0.52519
0.52519
0.52519
0.52519
0.52519
0.52519
0.52519
0.52519
0.52519
0.52519
0.52519
0.52519
0.52519
0.52519
0.52519
0.52519
0.52519
0.52519
0.52519
0.52519
0.52519
0.52519
0.52519
0.52519
0.52519
0.52519
0.52519
0.52519
0.52519
0.52519
0.52519
0.52519
0.52519
0.52519
0.52519
0.52519
0.52519
0.52519
0.52519
0.52519
0.52519
0.52519
0.52519
0.52519
0.52519
0.52519
0.52519
0.52519
0.52519
0.52519
0.52519
0.52519
0.52519
0.52519
0.52519
0.52519
0.52519
0.52519
0.52519
0.52519
0.52519
0.52519
0.52519
0.52519
0.52519
0.52519
0.52519
0.52519
0.52519
0.52519
0.52519
0.52519
0.52519
0.52519
0.52519
0.52519
0.52519
0.52519
0.52519
0.52519
0.52519
0.52519
0.52519
0.52519
0.52519
0.52519
0.52519
0.52519
0.52519
0.52519
0.52519
0.52519
0.52519
0.52519
0.52519
0.52519
0.52519
0.52519
0.52519
0.52519
0.52519
0.52519
0.52519
0.52519
0.52519
0.52519
0.52519
0.52519
0.52519
0.52519
0.52519
0.52519
0.52519
0.52519
0.52519
0.52519
0.52519
0.52519
0.52519
0.52519
0.52519
0.52519
0.52519
0.52519
0.52519
0.52519
0.52519
0.52519
0.52519
0.52519
0.52519
0.52519
0.52519
0.52519
0.52519
0.52519
0.52519
0.52519
0.52519
0.52519
0.52519
0.52519
0.52519
0.52519
0.52519
0.52519
0.52519
0.52519
0.52519
0.52519
0.52519
0.52519
0.52519
0.52519
0.52519
0.52519
0.52519
0.52519
0.52519
0.52519
0.52519
0.52519
0.52519
0.52519
0.52519
0.52519
0.52519
0.52519
0.52519
0.52519
0.52519
0.52519
0.52519
0.52519
0.52519
0.52519
0.52519
0.52519
0.52519
0.52519
0.52519
0.52519
0.52519
0.52519
0.52519
0.52519
0.52519
0.52519
0.52519
0.52519
0.52519
0.52519
0.52519
0.52519
0.52519
0.52519
0.52519
0.52519
0.52519
0.52519
0.52519
0.52519
0.52519
0.52519
0.52519
0.52519
0.52519
0.52519
0.52519
0.52519
0.52519
0.52519
0.52519
0.52519
0.52519
0.52519
0.52519
0.52519
0.52519
0.52519
0.52519
0.52519
0.52519
0.52519
0.52519
0.52519
0.52519
0.52519
0.52519
0.52519
0.52519
0.52519
0.52519
0.52519
0.52519
0.52519
0.52519
0.52519
0.52519
0.52519
0.52519
0.52519
0.52519
0.52519
0.52519
0.52519
0.52519
0.52519
0.52519
0.52519
0.52519
0.52519
0.52519
0.52519
0.52519
0.52519
0.52519
0.52519
0.52519
0.52519
0.52519
)
;
        value           nonuniform List<scalar> 
962
(
325.28
325.344
325.402
325.353
325.183
323.816
311.927
310.512
310.401
311.467
321.973
322.956
322.918
322.823
322.718
322.672
322.672
322.705
322.766
322.852
322.955
323.068
323.184
323.298
323.41
323.53
325.202
325.202
325.177
325.034
324.878
323.556
311.927
310.549
310.501
311.752
323.169
324.398
324.365
324.22
324.019
323.861
323.735
323.636
323.567
323.533
323.529
323.548
323.584
323.63
323.688
323.769
324.99
324.855
324.665
324.439
324.406
323.14
311.419
310.023
310.001
311.365
323.31
324.703
324.635
324.537
324.385
324.274
324.181
324.1
324.035
323.988
323.957
323.94
323.937
323.947
323.971
324.026
324.536
324.245
323.855
323.458
322.737
321.445
311.522
310.292
310.28
311.574
322.452
324.277
325.151
325.214
324.933
324.628
324.383
324.211
324.108
324.053
324.033
324.036
324.056
324.088
324.132
324.205
323.799
323.498
323.001
321.326
303.939
300.824
298.913
298.379
298.388
298.971
301.072
304.564
323.922
325.301
325.029
324.697
324.442
324.266
324.185
324.146
324.152
324.19
324.25
324.331
324.425
324.54
323.003
322.962
322.791
321.005
301.065
297.464
296.419
296.113
296.121
296.458
297.602
301.546
323.357
325.355
325.269
324.986
324.729
324.541
324.427
324.381
324.382
324.421
324.492
324.595
324.697
324.804
322.447
322.689
322.789
321.112
300.494
296.732
295.788
295.536
295.543
295.819
296.843
300.914
323.194
325.333
325.32
325.062
324.806
324.604
324.472
324.403
324.383
324.397
324.44
324.517
324.594
324.673
322.243
322.595
322.815
321.234
300.37
296.553
295.619
295.378
295.384
295.647
296.656
300.764
323.158
325.33
325.33
325.045
324.763
324.54
324.382
324.288
324.244
324.235
324.263
324.309
324.356
324.414
322.118
322.481
322.704
321.147
300.334
296.524
295.597
295.36
295.366
295.625
296.63
300.752
323.215
325.433
325.421
325.154
324.861
324.614
324.428
324.31
324.245
324.217
324.22
324.236
324.261
324.303
322.132
322.407
322.514
320.884
300.346
296.597
295.689
295.458
295.463
295.717
296.713
300.834
323.397
325.713
325.691
325.432
325.104
324.821
324.603
324.46
324.38
324.334
324.315
324.314
324.326
324.36
322.546
322.548
322.376
320.605
300.56
296.953
296.091
295.871
295.872
296.108
297.064
301.111
323.696
326.159
326.227
325.706
325.296
324.986
324.773
324.633
324.545
324.496
324.475
324.475
324.49
324.528
323.257
322.979
322.43
320.536
301.763
298.556
297.803
297.598
297.578
297.76
298.576
302.23
323.883
325.904
325.771
325.418
325.106
324.885
324.742
324.657
324.612
324.599
324.608
324.633
324.67
324.726
323.939
323.582
322.889
321.248
309.539
307.799
307.29
307.048
306.909
306.898
307.258
309.195
322.7
324.356
324.563
324.545
324.512
324.501
324.514
324.544
324.586
324.639
324.698
324.763
324.829
324.903
324.406
324.14
323.516
321.832
310.491
308.991
308.605
308.445
308.37
308.388
308.671
310.18
322.038
323.612
323.985
324.139
324.249
324.351
324.451
324.547
324.641
324.733
324.823
324.908
324.988
325.059
324.651
324.494
324.017
322.363
310.611
309.126
308.781
308.649
308.59
308.608
308.858
310.284
322.164
323.712
324.095
324.266
324.386
324.493
324.595
324.694
324.789
324.882
324.972
325.056
325.124
325.139
324.779
324.683
324.326
322.781
310.77
309.285
308.96
308.843
308.793
308.813
309.049
310.442
322.363
323.862
324.219
324.38
324.496
324.6
324.701
324.799
324.895
324.99
325.082
325.162
325.212
325.179
324.859
324.787
324.513
323.163
312.032
310.665
310.373
310.272
310.232
310.253
310.466
311.739
322.764
324.121
324.435
324.577
324.679
324.771
324.859
324.947
325.034
325.122
325.206
325.271
325.263
324.893
324.915
324.857
324.659
323.636
315.063
314.001
313.773
313.697
313.669
313.69
313.861
314.854
323.372
324.427
324.674
324.789
324.874
324.952
325.027
325.102
325.178
325.255
325.327
325.369
325.276
324.408
324.945
324.905
324.786
324.174
319.196
318.555
318.416
318.373
318.362
318.382
318.499
319.111
324.085
324.738
324.905
324.991
325.059
325.123
325.185
325.247
325.311
325.376
325.435
325.453
325.28
323.987
324.952
324.929
324.881
324.64
322.898
322.644
322.589
322.578
322.584
322.605
322.672
322.937
324.705
324.99
325.085
325.144
325.197
325.248
325.298
325.35
325.403
325.457
325.504
325.504
325.285
323.79
324.944
324.936
324.935
324.925
325.076
325.064
325.065
325.076
325.093
325.116
325.15
325.198
325.089
325.144
325.191
325.233
325.275
325.317
325.36
325.403
325.448
325.492
325.528
325.516
325.28
323.791
324.932
324.932
324.953
325.026
325.717
325.793
325.82
325.842
325.865
325.888
325.908
325.879
325.237
325.21
325.235
325.268
325.304
325.341
325.38
325.419
325.457
325.495
325.522
325.501
325.26
323.78
324.921
324.924
324.95
325.021
325.513
325.586
325.617
325.643
325.668
325.691
325.709
325.685
325.243
325.222
325.244
325.273
325.306
325.341
325.377
325.414
325.449
325.481
325.503
325.476
325.237
323.786
324.913
324.918
324.943
324.986
325.156
325.2
325.228
325.254
325.279
325.302
325.323
325.328
325.21
325.218
325.242
325.271
325.302
325.335
325.37
325.405
325.438
325.468
325.486
325.461
325.242
323.905
324.908
324.914
324.937
324.963
324.961
324.986
325.012
325.037
325.061
325.086
325.11
325.134
325.189
325.216
325.243
325.271
325.301
325.332
325.365
325.398
325.43
325.459
325.477
325.459
325.284
324.208
324.904
324.911
324.935
324.958
324.93
324.95
324.975
325
325.024
325.05
325.076
325.106
325.188
325.22
325.247
325.274
325.303
325.333
325.364
325.395
325.426
325.454
325.474
325.469
325.357
324.655
324.902
324.91
324.935
324.962
324.961
324.984
325.009
325.034
325.059
325.085
325.112
325.141
325.197
325.227
325.253
325.279
325.306
325.335
325.364
325.394
325.424
325.451
325.474
325.481
325.434
325.107
324.9
324.909
324.937
324.966
324.989
325.014
325.04
325.065
325.091
325.117
325.145
325.172
325.206
325.235
325.259
325.284
325.31
325.337
325.365
325.393
325.421
325.449
325.473
325.491
325.492
325.433
324.898
324.909
324.938
324.97
324.999
325.025
325.051
325.077
325.103
325.13
325.158
325.185
325.213
325.241
325.265
325.289
325.313
325.339
325.365
325.392
325.419
325.446
325.472
325.496
325.522
325.59
324.898
324.91
324.94
324.973
325
325.026
325.052
325.079
325.105
325.132
325.16
325.187
325.218
325.246
325.27
325.293
325.316
325.341
325.366
325.392
325.418
325.444
325.47
325.496
325.53
325.623
324.899
324.912
324.943
324.975
325
325.026
325.053
325.08
325.107
325.134
325.161
325.189
325.222
325.251
325.276
325.298
325.32
325.344
325.368
325.392
325.417
325.443
325.468
325.495
325.528
325.603
324.9
324.914
324.945
324.977
325.002
325.028
325.056
325.083
325.11
325.137
325.165
325.192
325.226
325.256
325.281
325.303
325.325
325.347
325.37
325.394
325.418
325.442
325.467
325.493
325.524
325.579
324.902
324.916
324.947
324.979
325.005
325.031
325.059
325.087
325.115
325.142
325.17
325.197
325.23
325.26
325.285
325.308
325.33
325.352
325.373
325.396
325.419
325.443
325.468
325.493
325.523
325.569
324.905
324.919
324.95
324.981
325.008
325.036
325.064
325.093
325.121
325.148
325.175
325.203
325.234
325.263
325.289
325.313
325.335
325.357
325.378
325.4
325.422
325.446
325.47
325.495
325.523
325.569
324.908
324.922
324.952
324.984
325.012
325.04
325.069
325.098
325.127
325.154
325.182
325.209
325.239
325.267
325.294
325.318
325.341
325.363
325.384
325.405
325.427
325.45
325.474
325.498
325.526
325.572
324.913
324.928
324.958
324.99
325.019
325.049
325.078
325.107
325.136
325.164
325.191
325.218
325.247
325.275
325.301
325.326
325.35
325.372
325.393
325.415
325.437
325.46
325.483
325.507
325.534
325.579
324.934
324.952
324.983
325.014
325.045
325.075
325.105
325.135
325.163
325.192
325.219
325.246
325.274
325.301
325.327
325.353
325.377
325.4
325.422
325.444
325.466
325.488
325.511
325.534
325.56
325.601
)
;
        Tnbr            T;
        qrNbr           none;
        qr              none;
        thermalInertia  false;
        thicknessLayers List<scalar> 0();
        kappaLayers     List<scalar> 0();
        kappaMethod     solidThermo;
        kappa           none;
        alphaAni        none;
        alpha           none;
    }
}


// ************************************************************************* //
