/*--------------------------------*- C++ -*----------------------------------*\
| =========                 |                                                 |
| \\      /  F ield         | OpenFOAM: The Open Source CFD Toolbox           |
|  \\    /   O peration     | Version:  v2012                                 |
|   \\  /    A nd           | Website:  www.openfoam.com                      |
|    \\/     M anipulation  |                                                 |
\*---------------------------------------------------------------------------*/
FoamFile
{
    version     2.0;
    format      ascii;
    class       volScalarField;
    location    "350/concrete";
    object      T;
}
// * * * * * * * * * * * * * * * * * * * * * * * * * * * * * * * * * * * * * //

dimensions      [0 0 0 1 0 0 0];


internalField   nonuniform List<scalar> 
1924
(
325.987
326.07
326.15
326.113
325.98
324.752
312.003
310.711
310.602
311.547
322.812
323.64
323.543
323.417
323.288
323.227
323.219
323.249
323.315
323.409
323.527
323.655
323.785
323.911
324.033
324.161
325.912
325.929
325.921
325.785
325.67
324.486
312.028
310.772
310.723
311.851
324.091
325.172
325.075
324.891
324.658
324.473
324.32
324.199
324.121
324.087
324.091
324.122
324.169
324.228
324.298
324.392
325.696
325.57
325.388
325.178
325.23
324.112
311.518
310.233
310.208
311.452
324.276
325.515
325.339
325.196
325.027
324.911
324.809
324.719
324.647
324.596
324.562
324.542
324.535
324.545
324.577
324.639
325.224
324.935
324.552
324.225
323.767
322.653
311.945
310.794
310.777
311.98
323.732
325.408
326.027
326.029
325.737
325.422
325.18
325.002
324.902
324.852
324.822
324.786
324.745
324.723
324.759
324.872
324.449
324.151
323.689
322.207
303.371
300.391
298.565
298.066
298.073
298.613
300.613
303.951
325.115
326.269
325.897
325.471
325.182
324.987
324.924
324.918
324.944
324.991
325.049
325.109
325.175
325.301
323.615
323.592
323.501
321.986
300.587
297.145
296.176
295.896
295.901
296.206
297.257
301.008
324.455
326.156
325.983
325.678
325.433
325.288
325.243
325.287
325.384
325.493
325.573
325.64
325.698
325.764
323.037
323.309
323.508
322.139
300.049
296.457
295.586
295.356
295.361
295.608
296.542
300.407
324.234
326.029
325.929
325.666
325.439
325.285
325.207
325.196
325.225
325.269
325.309
325.334
325.344
325.361
322.831
323.21
323.535
322.282
299.931
296.288
295.427
295.209
295.213
295.447
296.366
300.265
324.166
325.965
325.854
325.543
325.263
325.059
324.931
324.869
324.851
324.856
324.883
324.91
324.93
324.957
322.697
323.085
323.41
322.184
299.89
296.255
295.402
295.187
295.19
295.421
296.338
300.248
324.199
326.01
325.873
325.552
325.234
324.987
324.814
324.711
324.666
324.661
324.682
324.71
324.742
324.786
322.703
323
323.199
321.886
299.886
296.309
295.473
295.263
295.265
295.49
296.399
300.31
324.395
326.311
326.151
325.814
325.439
325.152
324.944
324.807
324.745
324.722
324.727
324.752
324.79
324.843
323.133
323.141
323.041
321.557
300.058
296.611
295.814
295.612
295.609
295.818
296.692
300.543
324.728
326.865
326.752
326.212
325.73
325.408
325.194
325.055
324.973
324.935
324.932
324.958
325.003
325.064
323.881
323.591
323.077
321.413
301.176
298.095
297.392
297.198
297.172
297.331
298.08
301.573
324.908
326.647
326.413
326.018
325.684
325.452
325.3
325.205
325.154
325.14
325.158
325.203
325.266
325.342
324.599
324.224
323.538
322.039
309.591
307.989
307.504
307.254
307.096
307.057
307.362
309.139
323.544
325.023
325.182
325.157
325.127
325.121
325.134
325.161
325.2
325.253
325.321
325.404
325.495
325.587
325.078
324.801
324.182
322.604
310.453
309.068
308.7
308.536
308.451
308.457
308.706
310.085
322.796
324.244
324.591
324.748
324.868
324.982
325.091
325.193
325.29
325.387
325.487
325.59
325.692
325.783
325.323
325.163
324.703
323.157
310.543
309.176
308.851
308.715
308.649
308.659
308.879
310.178
322.938
324.366
324.722
324.893
325.023
325.142
325.255
325.36
325.461
325.56
325.659
325.756
325.845
325.883
325.451
325.357
325.026
323.598
310.683
309.316
309.011
308.89
308.836
308.851
309.059
310.327
323.145
324.524
324.854
325.014
325.139
325.254
325.364
325.469
325.572
325.673
325.773
325.866
325.937
325.931
325.538
325.469
325.221
323.981
311.996
310.736
310.463
310.359
310.316
310.333
310.521
311.68
323.55
324.8
325.088
325.23
325.34
325.441
325.536
325.629
325.722
325.815
325.907
325.983
325.999
325.672
325.605
325.55
325.372
324.435
315.205
314.225
314.015
313.939
313.909
313.925
314.074
314.979
324.148
325.121
325.348
325.462
325.553
325.637
325.717
325.797
325.877
325.959
326.039
326.093
326.028
325.236
325.644
325.607
325.501
324.943
319.597
319.007
318.881
318.841
318.829
318.845
318.946
319.502
324.841
325.444
325.599
325.684
325.756
325.823
325.888
325.953
326.02
326.09
326.156
326.188
326.049
324.858
325.658
325.639
325.597
325.379
323.528
323.296
323.248
323.241
323.247
323.265
323.322
323.562
325.439
325.704
325.793
325.852
325.906
325.958
326.01
326.063
326.118
326.177
326.23
326.245
326.064
324.688
325.655
325.65
325.651
325.644
325.827
325.818
325.823
325.837
325.855
325.875
325.904
325.948
325.806
325.861
325.907
325.949
325.991
326.035
326.078
326.123
326.169
326.217
326.259
326.259
326.062
324.704
325.647
325.65
325.67
325.74
326.49
326.562
326.59
326.616
326.639
326.66
326.678
326.652
325.949
325.93
325.957
325.99
326.026
326.065
326.104
326.144
326.184
326.224
326.256
326.247
326.043
324.696
325.641
325.647
325.673
325.739
326.263
326.332
326.365
326.394
326.419
326.441
326.457
326.436
325.96
325.947
325.971
326.001
326.034
326.07
326.108
326.146
326.182
326.217
326.242
326.227
326.024
324.701
325.64
325.647
325.672
325.714
325.886
325.928
325.959
325.987
326.013
326.035
326.054
326.059
325.937
325.951
325.976
326.006
326.038
326.072
326.108
326.145
326.179
326.211
326.233
326.217
326.031
324.812
325.641
325.65
325.675
325.702
325.69
325.714
325.742
325.769
325.794
325.819
325.841
325.863
325.928
325.959
325.986
326.014
326.044
326.077
326.112
326.147
326.18
326.21
326.231
326.221
326.074
325.093
325.644
325.655
325.681
325.706
325.668
325.688
325.715
325.74
325.766
325.792
325.817
325.845
325.938
325.973
325.999
326.026
326.055
326.086
326.118
326.152
326.184
326.213
326.236
326.237
326.144
325.508
325.648
325.66
325.688
325.717
325.71
325.732
325.758
325.784
325.81
325.837
325.864
325.892
325.955
325.988
326.013
326.038
326.065
326.094
326.125
326.156
326.188
326.217
326.241
326.253
326.218
325.925
325.65
325.664
325.695
325.728
325.746
325.77
325.796
325.822
325.848
325.875
325.904
325.931
325.971
326.003
326.026
326.049
326.075
326.102
326.131
326.16
326.19
326.219
326.246
326.267
326.273
326.225
325.653
325.669
325.702
325.737
325.762
325.786
325.812
325.838
325.864
325.892
325.921
325.948
325.984
326.015
326.038
326.059
326.083
326.108
326.135
326.163
326.192
326.22
326.248
326.274
326.303
326.37
325.657
325.674
325.708
325.744
325.767
325.79
325.817
325.843
325.87
325.898
325.927
325.955
325.994
326.026
326.049
326.069
326.091
326.114
326.14
326.167
326.194
326.221
326.249
326.278
326.314
326.403
325.661
325.68
325.715
325.75
325.771
325.794
325.821
325.848
325.875
325.903
325.931
325.96
326.002
326.035
326.059
326.079
326.099
326.121
326.145
326.17
326.196
326.223
326.25
326.279
326.314
326.387
325.665
325.685
325.72
325.754
325.775
325.798
325.826
325.854
325.882
325.909
325.938
325.967
326.008
326.042
326.067
326.088
326.107
326.128
326.15
326.174
326.199
326.225
326.251
326.28
326.313
326.367
325.668
325.689
325.723
325.757
325.779
325.804
325.832
325.86
325.889
325.917
325.945
325.973
326.013
326.047
326.073
326.095
326.115
326.135
326.156
326.178
326.202
326.227
326.253
326.28
326.312
326.358
325.671
325.691
325.725
325.758
325.782
325.808
325.837
325.866
325.895
325.923
325.952
325.98
326.017
326.05
326.077
326.1
326.121
326.141
326.161
326.182
326.205
326.23
326.255
326.282
326.312
326.357
325.674
325.694
325.726
325.759
325.786
325.813
325.842
325.872
325.901
325.93
325.958
325.986
326.021
326.053
326.08
326.105
326.127
326.147
326.167
326.188
326.21
326.234
326.259
326.285
326.314
326.36
325.678
325.698
325.731
325.763
325.792
325.821
325.851
325.881
325.91
325.939
325.968
325.996
326.028
326.058
326.086
326.111
326.135
326.156
326.177
326.198
326.22
326.243
326.267
326.292
326.32
326.365
325.697
325.719
325.752
325.784
325.815
325.845
325.876
325.906
325.936
325.965
325.994
326.022
326.052
326.081
326.109
326.135
326.159
326.182
326.204
326.225
326.247
326.27
326.294
326.318
326.345
326.386
327.596
327.689
327.782
327.755
327.697
326.835
312.147
311.204
311.102
311.731
324.754
325.214
325.011
324.857
324.709
324.639
324.628
324.661
324.731
324.834
324.961
325.1
325.24
325.376
325.505
325.636
327.532
327.555
327.556
327.417
327.389
326.573
312.242
311.328
311.282
312.077
326.211
326.939
326.733
326.52
326.26
326.052
325.878
325.74
325.646
325.601
325.599
325.627
325.674
325.733
325.803
325.891
327.312
327.18
326.993
326.791
327.027
326.297
311.707
310.739
310.711
311.626
326.48
327.346
326.964
326.779
326.596
326.481
326.38
326.286
326.21
326.153
326.114
326.089
326.076
326.08
326.107
326.158
326.815
326.504
326.109
325.905
326.147
325.475
312.924
312.005
311.981
312.927
326.73
328.035
327.912
327.757
327.398
327.038
326.775
326.577
326.461
326.405
326.381
326.352
326.307
326.262
326.268
326.363
325.976
325.664
325.247
324.268
302.039
299.406
297.796
297.37
297.376
297.836
299.601
302.554
327.586
328.112
327.558
327.07
326.746
326.513
326.44
326.431
326.46
326.516
326.591
326.665
326.727
326.823
325.068
325.071
325.117
324.284
299.565
296.527
295.698
295.46
295.465
295.724
296.623
299.934
327.035
328.025
327.666
327.298
327.018
326.858
326.805
326.858
326.978
327.112
327.212
327.3
327.365
327.433
324.451
324.78
325.16
324.541
299.106
295.938
295.194
294.999
295.003
295.213
296.011
299.42
326.851
327.896
327.606
327.283
327.028
326.863
326.78
326.773
326.814
326.874
326.929
326.965
326.975
326.986
324.254
324.691
325.206
324.734
299.007
295.795
295.06
294.874
294.877
295.076
295.861
299.298
326.791
327.827
327.521
327.139
326.826
326.605
326.471
326.408
326.395
326.406
326.444
326.479
326.5
326.522
324.117
324.56
325.072
324.63
298.971
295.767
295.038
294.855
294.858
295.054
295.837
299.284
326.828
327.87
327.535
327.15
326.798
326.53
326.344
326.234
326.189
326.185
326.211
326.243
326.277
326.315
324.119
324.466
324.838
324.284
298.966
295.812
295.098
294.92
294.921
295.113
295.89
299.338
327.045
328.208
327.844
327.453
327.038
326.724
326.497
326.346
326.279
326.253
326.256
326.281
326.32
326.367
324.589
324.615
324.653
323.88
299.112
296.071
295.39
295.218
295.215
295.393
296.14
299.539
327.408
328.856
328.57
327.925
327.378
327.022
326.786
326.632
326.539
326.492
326.484
326.506
326.55
326.605
325.411
325.105
324.661
323.606
300.105
297.384
296.783
296.618
296.595
296.729
297.368
300.456
327.606
328.63
328.186
327.716
327.338
327.079
326.909
326.802
326.743
326.722
326.734
326.774
326.835
326.905
326.192
325.793
325.131
324.028
310.024
308.833
308.429
308.184
308.006
307.925
308.109
309.428
325.71
326.73
326.783
326.735
326.702
326.698
326.715
326.745
326.788
326.842
326.909
326.988
327.078
327.166
326.702
326.417
325.832
324.58
310.679
309.659
309.368
309.22
309.133
309.117
309.278
310.264
324.781
325.859
326.136
326.287
326.417
326.543
326.663
326.775
326.882
326.985
327.086
327.186
327.287
327.376
326.948
326.797
326.394
325.181
310.683
309.679
309.428
309.307
309.238
309.228
309.365
310.287
324.951
326.021
326.307
326.469
326.602
326.728
326.848
326.961
327.069
327.173
327.272
327.365
327.454
327.495
327.069
326.992
326.731
325.652
310.75
309.741
309.509
309.401
309.344
309.34
309.47
310.37
325.158
326.182
326.442
326.592
326.719
326.841
326.957
327.07
327.18
327.288
327.391
327.483
327.558
327.557
327.148
327.099
326.918
326.007
312.144
311.208
311.001
310.908
310.862
310.863
310.981
311.807
325.538
326.464
326.69
326.822
326.934
327.039
327.141
327.239
327.338
327.438
327.535
327.616
327.651
327.381
327.209
327.173
327.05
326.371
315.708
314.979
314.82
314.753
314.722
314.725
314.819
315.465
326.061
326.782
326.959
327.066
327.159
327.247
327.332
327.415
327.501
327.589
327.676
327.743
327.722
327.1
327.243
327.222
327.152
326.754
320.626
320.191
320.098
320.064
320.052
320.061
320.127
320.526
326.645
327.095
327.219
327.3
327.373
327.444
327.512
327.581
327.653
327.728
327.803
327.853
327.781
326.867
327.251
327.245
327.222
327.072
325.013
324.847
324.816
324.813
324.82
324.835
324.878
325.053
327.139
327.341
327.417
327.474
327.53
327.585
327.64
327.695
327.754
327.817
327.88
327.916
327.817
326.782
327.243
327.249
327.256
327.259
327.541
327.541
327.552
327.569
327.589
327.609
327.636
327.674
327.437
327.486
327.53
327.572
327.617
327.662
327.709
327.756
327.805
327.857
327.906
327.929
327.817
326.84
327.23
327.243
327.265
327.323
328.225
328.286
328.315
328.342
328.368
328.391
328.411
328.4
327.549
327.545
327.575
327.61
327.649
327.69
327.732
327.774
327.817
327.86
327.9
327.912
327.793
326.831
327.221
327.236
327.262
327.318
327.929
327.987
328.02
328.05
328.078
328.101
328.121
328.114
327.556
327.557
327.584
327.616
327.652
327.691
327.731
327.771
327.81
327.848
327.88
327.885
327.764
326.821
327.216
327.232
327.259
327.298
327.488
327.527
327.559
327.588
327.615
327.64
327.662
327.673
327.537
327.558
327.586
327.617
327.651
327.688
327.727
327.766
327.803
327.837
327.865
327.868
327.756
326.886
327.214
327.232
327.259
327.289
327.266
327.292
327.322
327.35
327.377
327.403
327.428
327.451
327.53
327.563
327.591
327.622
327.654
327.689
327.726
327.763
327.799
327.832
327.858
327.864
327.776
327.078
327.213
327.233
327.262
327.291
327.243
327.266
327.295
327.322
327.349
327.377
327.404
327.432
327.539
327.574
327.602
327.63
327.661
327.694
327.729
327.764
327.799
327.831
327.858
327.869
327.818
327.369
327.213
327.234
327.266
327.299
327.289
327.314
327.342
327.369
327.397
327.426
327.455
327.483
327.553
327.587
327.613
327.64
327.669
327.7
327.732
327.766
327.799
327.83
327.858
327.877
327.863
327.662
327.213
327.236
327.27
327.307
327.326
327.352
327.38
327.407
327.435
327.465
327.495
327.523
327.566
327.599
327.623
327.648
327.675
327.704
327.735
327.766
327.798
327.829
327.858
327.883
327.897
327.872
327.213
327.238
327.275
327.313
327.34
327.366
327.394
327.421
327.449
327.479
327.51
327.538
327.576
327.609
327.633
327.655
327.68
327.708
327.737
327.767
327.797
327.827
327.856
327.884
327.914
327.971
327.214
327.241
327.279
327.318
327.342
327.367
327.396
327.424
327.452
327.482
327.512
327.542
327.583
327.618
327.641
327.663
327.686
327.712
327.739
327.767
327.796
327.825
327.854
327.884
327.919
327.991
327.216
327.245
327.283
327.322
327.343
327.368
327.397
327.426
327.455
327.484
327.515
327.545
327.589
327.625
327.649
327.671
327.693
327.716
327.742
327.768
327.796
327.824
327.853
327.883
327.917
327.976
327.218
327.248
327.287
327.324
327.346
327.371
327.4
327.43
327.46
327.489
327.519
327.549
327.594
327.63
327.656
327.678
327.699
327.721
327.745
327.77
327.796
327.824
327.852
327.881
327.914
327.96
327.22
327.25
327.288
327.325
327.348
327.374
327.404
327.435
327.465
327.495
327.525
327.554
327.597
327.633
327.66
327.683
327.705
327.726
327.748
327.772
327.797
327.824
327.851
327.88
327.911
327.952
327.221
327.251
327.288
327.324
327.35
327.377
327.408
327.439
327.47
327.5
327.529
327.559
327.599
327.634
327.662
327.687
327.709
327.73
327.752
327.774
327.799
327.824
327.851
327.879
327.909
327.949
327.222
327.252
327.288
327.323
327.351
327.38
327.412
327.443
327.474
327.504
327.534
327.564
327.6
327.634
327.663
327.689
327.713
327.735
327.756
327.778
327.802
327.827
327.853
327.88
327.909
327.949
327.225
327.254
327.289
327.325
327.355
327.385
327.418
327.449
327.481
327.511
327.541
327.571
327.605
327.637
327.666
327.693
327.718
327.741
327.763
327.785
327.809
327.833
327.858
327.884
327.913
327.952
327.237
327.267
327.302
327.338
327.37
327.402
327.435
327.467
327.498
327.529
327.559
327.589
327.621
327.652
327.681
327.709
327.735
327.759
327.782
327.805
327.828
327.852
327.877
327.902
327.929
327.966
)
;

boundaryField
{
    concrete_to_air
    {
        type            compressible::turbulentTemperatureRadCoupledMixed;
        refValue        nonuniform List<scalar> 
898
(
313.299
313.345
313.373
313.38
313.403
313.423
313.191
312.89
312.564
312.285
312.243
312.217
312.2
312.19
312.186
312.186
312.19
312.197
312.208
312.22
312.235
312.252
312.271
312.291
312.312
312.335
313.247
313.249
313.213
313.152
313.153
313.179
313.024
312.883
312.743
312.612
312.679
312.738
312.778
312.797
312.794
312.772
312.734
312.689
312.645
312.607
312.576
312.553
312.54
312.534
312.535
312.543
313.107
313.041
312.933
312.834
312.857
312.905
312.731
312.578
312.449
312.345
312.483
312.612
312.718
312.806
312.875
312.922
312.941
312.936
312.914
312.882
312.848
312.816
312.79
312.772
312.764
312.766
312.839
312.724
312.597
312.553
312.66
312.795
312.584
312.394
312.25
312.166
312.521
312.842
313.093
313.256
313.339
313.357
313.336
313.293
313.239
313.182
313.128
313.08
313.04
313.012
312.999
313.004
312.473
312.389
312.335
312.42
313.87
313.603
313.411
313.311
313.283
313.322
313.324
313.305
313.282
313.265
313.26
313.271
313.303
313.351
312.122
312.132
312.201
312.432
313.508
313.201
313.041
312.978
312.976
313.013
313.077
313.138
313.181
313.21
313.193
313.122
313.018
312.922
311.857
311.956
312.125
312.495
313.309
312.935
312.743
312.631
312.567
312.532
312.514
312.506
312.5
312.488
312.466
312.439
312.418
312.399
311.643
311.787
312.019
312.495
313.198
312.785
312.568
312.418
312.317
312.249
312.204
312.176
312.159
312.146
312.139
312.138
312.138
312.138
311.444
311.606
311.855
312.366
313.152
312.721
312.491
312.351
312.238
312.152
312.09
312.049
312.028
312.018
312.019
312.026
312.035
312.048
311.418
311.565
311.782
312.224
313.255
312.818
312.574
312.445
312.303
312.198
312.122
312.069
312.048
312.039
312.041
312.05
312.065
312.086
311.578
311.645
311.77
312.087
313.495
313.177
312.904
312.64
312.435
312.313
312.237
312.192
312.169
312.16
312.164
312.179
312.201
312.231
311.857
311.839
311.85
312.032
313.518
313.043
312.729
312.532
312.404
312.333
312.298
312.286
312.289
312.304
312.328
312.361
312.402
312.449
312.149
312.097
312.035
312.071
311.889
311.674
311.457
311.25
311.061
310.897
310.768
310.721
311.216
311.519
311.727
311.884
312.009
312.112
312.201
312.279
312.351
312.419
312.487
312.557
312.629
312.703
312.394
312.367
312.302
312.253
312.063
311.893
311.741
311.607
311.49
311.388
311.303
311.241
311.448
311.636
311.801
311.949
312.083
312.205
312.318
312.424
312.524
312.621
312.716
312.811
312.904
312.988
312.595
312.606
312.577
312.525
312.322
312.149
311.999
311.868
311.753
311.653
311.566
311.501
311.669
311.835
311.992
312.14
312.279
312.412
312.538
312.657
312.772
312.882
312.99
313.094
313.188
313.244
312.792
312.823
312.83
312.81
312.613
312.436
312.282
312.147
312.029
311.925
311.835
311.765
311.913
312.065
312.213
312.357
312.497
312.632
312.763
312.89
313.012
313.13
313.245
313.349
313.426
313.402
312.992
313.029
313.056
313.065
312.896
312.74
312.6
312.477
312.368
312.273
312.192
312.129
312.262
312.402
312.541
312.677
312.811
312.941
313.067
313.189
313.306
313.419
313.524
313.606
313.634
313.454
313.158
313.201
313.239
313.267
313.153
313.043
312.944
312.857
312.781
312.717
312.665
312.629
312.743
312.864
312.984
313.103
313.22
313.334
313.444
313.55
313.651
313.747
313.835
313.895
313.889
313.642
313.256
313.307
313.355
313.398
313.355
313.311
313.272
313.24
313.215
313.198
313.19
313.194
313.284
313.379
313.473
313.566
313.658
313.747
313.833
313.915
313.994
314.068
314.137
314.176
314.146
313.86
313.288
313.345
313.401
313.455
313.476
313.495
313.514
313.534
313.558
313.586
313.619
313.658
313.726
313.797
313.867
313.936
314.004
314.07
314.134
314.196
314.255
314.311
314.363
314.393
314.357
314.071
313.281
313.342
313.402
313.462
313.521
313.578
313.634
313.688
313.743
313.799
313.856
313.914
313.97
314.025
314.079
314.133
314.186
314.237
314.287
314.336
314.383
314.429
314.473
314.515
314.53
314.449
313.265
313.327
313.388
313.449
313.52
313.589
313.657
313.723
313.789
313.853
313.917
313.98
314.03
314.08
314.128
314.176
314.223
314.269
314.314
314.358
314.401
314.444
314.485
314.526
314.559
314.556
313.253
313.314
313.375
313.435
313.503
313.569
313.635
313.7
313.763
313.825
313.886
313.945
313.996
314.045
314.093
314.141
314.187
314.233
314.278
314.322
314.365
314.407
314.449
314.489
314.527
314.553
313.247
313.308
313.368
313.427
313.488
313.548
313.608
313.667
313.725
313.783
313.839
313.894
313.945
313.996
314.045
314.094
314.142
314.189
314.235
314.28
314.324
314.367
314.409
314.451
314.49
314.52
313.244
313.304
313.363
313.422
313.479
313.535
313.592
313.647
313.702
313.756
313.809
313.862
313.914
313.965
314.015
314.065
314.113
314.161
314.207
314.253
314.298
314.342
314.385
314.427
314.467
314.5
313.242
313.301
313.36
313.418
313.474
313.53
313.585
313.639
313.693
313.746
313.798
313.85
313.902
313.953
314.003
314.052
314.101
314.148
314.195
314.241
314.286
314.33
314.374
314.416
314.457
314.493
313.239
313.298
313.357
313.414
313.471
313.527
313.582
313.636
313.69
313.743
313.795
313.846
313.898
313.949
313.998
314.047
314.096
314.143
314.19
314.235
314.281
314.325
314.368
314.411
314.453
314.492
313.237
313.296
313.354
313.411
313.468
313.524
313.579
313.633
313.687
313.74
313.792
313.844
313.895
313.945
313.995
314.043
314.091
314.139
314.185
314.231
314.276
314.32
314.364
314.407
314.449
314.49
313.235
313.293
313.351
313.409
313.465
313.521
313.575
313.63
313.683
313.736
313.788
313.84
313.89
313.941
313.99
314.039
314.087
314.134
314.18
314.226
314.271
314.315
314.359
314.402
314.444
314.486
313.233
313.291
313.349
313.406
313.462
313.518
313.572
313.626
313.68
313.732
313.784
313.835
313.886
313.936
313.985
314.034
314.082
314.129
314.175
314.221
314.266
314.31
314.354
314.397
314.439
314.482
313.231
313.29
313.347
313.404
313.46
313.515
313.57
313.623
313.676
313.729
313.781
313.832
313.882
313.932
313.981
314.03
314.078
314.125
314.171
314.216
314.261
314.306
314.349
314.392
314.435
314.477
313.23
313.288
313.346
313.402
313.458
313.513
313.567
313.621
313.674
313.726
313.778
313.829
313.879
313.929
313.978
314.026
314.074
314.121
314.167
314.213
314.258
314.302
314.346
314.389
314.431
314.473
313.229
313.287
313.344
313.401
313.456
313.511
313.565
313.619
313.672
313.724
313.775
313.826
313.876
313.926
313.975
314.024
314.071
314.118
314.164
314.21
314.255
314.299
314.342
314.386
314.428
314.47
313.227
313.285
313.343
313.399
313.455
313.51
313.564
313.617
313.67
313.722
313.773
313.824
313.874
313.924
313.973
314.021
314.069
314.115
314.162
314.207
314.252
314.296
314.34
314.383
314.425
314.468
313.226
313.284
313.342
313.398
313.453
313.508
313.562
313.615
313.668
313.72
313.771
313.822
313.872
313.922
313.97
314.019
314.066
314.113
314.159
314.205
314.249
314.294
314.337
314.38
314.423
314.465
313.226
313.283
313.341
313.397
313.452
313.507
313.561
313.614
313.667
313.719
313.77
313.82
313.87
313.92
313.969
314.017
314.064
314.111
314.157
314.203
314.248
314.292
314.336
314.379
314.421
314.464
313.225
313.283
313.34
313.396
313.452
313.506
313.56
313.614
313.666
313.718
313.769
313.82
313.87
313.919
313.968
314.016
314.064
314.111
314.157
314.202
314.247
314.292
314.335
314.379
314.421
314.464
)
;
        refGradient     nonuniform List<scalar> 
898
(
58.4224
58.7252
59.5123
60.5453
62.0909
65.6968
-3.33301
-0.10764
0.380129
-1.52946
76.2638
74.679
74.0075
73.9247
73.3482
72.7994
72.2431
71.6589
71.0582
70.4808
69.9308
69.3892
68.8382
68.2735
67.6998
67.1055
58.6275
59.2716
60.8721
62.9711
65.3636
69.0613
-1.64402
1.21697
1.55881
-0.648547
71.447
68.4995
66.7594
66.3657
65.9749
66.0148
66.2725
66.5829
66.8501
67.0417
67.1363
67.1135
66.9662
66.7051
66.3442
65.8821
59.3386
60.5035
63.1604
66.3804
70.7301
74.1869
-3.27743
-0.95599
-0.570244
-2.32333
74.4825
70.7918
66.3898
65.0924
64.2123
63.9063
63.9007
64.0606
64.3141
64.6055
64.8761
65.0648
65.1202
65.0276
64.8424
64.5518
61.3885
63.1097
66.2985
69.6927
82.5335
85.2188
13.4375
14.6561
14.9094
13.8381
80.8452
75.9566
61.2993
59.5731
59.8706
60.8535
61.8298
62.4428
62.7077
62.9833
63.4465
63.9982
64.3779
64.2649
63.657
63.012
64.7743
66.1219
68.1227
71.8932
57.5547
55.5118
57.9863
60.3328
61.6757
62.4949
62.6762
62.6698
62.6039
62.5569
62.6556
62.8241
62.5618
61.3409
69.2196
69.1393
68.9921
71.6058
60.3008
56.5311
57.8548
59.2419
60.3222
60.9974
61.1946
60.9468
60.4494
59.8479
59.3874
59.0085
58.5166
58.1279
71.9543
70.2778
68.502
70.0718
60.8701
57.0544
58.0394
59.2154
60.2392
60.9849
61.3611
61.4015
61.2577
61.0671
60.876
60.7418
60.6315
60.5586
72.6396
70.4825
68.0363
68.9025
60.9562
57.2842
58.3192
59.8169
61.1781
62.1976
62.8363
63.141
63.2251
63.2129
63.0979
62.9833
62.895
62.7975
73.1278
70.9811
68.4924
69.1743
60.6572
56.9353
58.1112
59.6789
61.2903
62.5691
63.4555
63.9494
64.1397
64.151
64.0611
63.9711
63.8747
63.7403
73.0732
71.4059
69.5245
70.6696
59.6052
55.1642
56.5106
58.1658
60.1251
61.6501
62.7406
63.4115
63.6625
63.755
63.7552
63.7178
63.6539
63.5423
70.8834
70.7642
70.457
72.5679
57.8155
51.6388
52.7533
55.7872
58.4255
60.1761
61.3164
62.0134
62.4004
62.583
62.629
62.609
62.5631
62.4849
67.0055
68.5182
70.631
74.1577
56.5278
52.5333
54.52
56.7253
58.5463
59.8249
60.6556
61.1489
61.4027
61.4768
61.4113
61.2779
61.148
61.0315
63.4363
65.3404
68.3397
72.0389
-3.00802
-0.215298
0.664044
1.28074
1.81276
2.19157
2.03015
-1.0961
64.0462
61.2829
61.2539
61.4789
61.6213
61.6452
61.5639
61.4045
61.1903
60.9152
60.5636
60.1825
59.8693
59.6474
61.0006
62.3162
64.864
69.433
-4.14206
-1.55749
-0.966173
-0.657851
-0.412327
-0.237432
-0.385452
-2.83609
68.3884
65.1103
64.1005
63.4348
62.8466
62.2938
61.7571
61.2371
60.7416
60.2486
59.7174
59.1778
58.7602
58.5059
59.8281
60.4956
62.1776
66.6633
-5.83472
-3.11052
-2.51808
-2.25051
-2.03742
-1.8798
-2.05317
-4.54535
67.5504
64.1227
63.0534
62.3892
61.8274
61.3111
60.8122
60.3242
59.8548
59.3848
58.8711
58.3342
57.9395
57.8585
59.3177
59.6109
60.6214
64.5165
-7.20387
-4.40016
-3.81224
-3.58438
-3.40296
-3.26478
-3.46887
-5.99597
66.6963
63.3762
62.4106
61.8389
61.3405
60.8565
60.3708
59.8843
59.406
58.9278
58.4137
57.8722
57.4775
57.5514
59.0767
59.213
59.8517
63.052
-2.49242
0.155351
0.726237
0.9439
1.10841
1.22012
0.996002
-1.39755
65.1604
62.1363
61.3
60.8343
60.4292
60.0192
59.5931
59.1561
58.7177
58.2785
57.8227
57.3657
57.1142
58.2253
58.952
59.0133
59.4128
61.7511
12.2199
14.3632
14.8666
15.0758
15.2143
15.2764
15.046
13.0798
63.184
60.8136
60.148
59.7753
59.4474
59.1043
58.737
58.3529
57.9613
57.5683
57.1795
56.8369
56.7958
59.0688
58.9194
58.9279
59.1301
60.4857
32.9693
34.3151
34.6592
34.808
34.8844
34.8793
34.6667
33.3693
61.0315
59.5324
59.0492
58.7484
58.4761
58.1891
57.8794
57.5536
57.2194
56.8826
56.5586
56.3293
56.5279
59.8148
58.9539
58.919
58.9608
59.4569
51.0644
51.5961
51.7391
51.7883
51.7823
51.7129
51.5333
50.9116
59.2044
58.5128
58.2015
57.9669
57.7436
57.5073
57.2508
56.9785
56.6976
56.4136
56.1416
55.9791
56.3261
60.093
59.0138
58.9475
58.8839
58.8507
60.9129
60.8992
60.8863
60.8499
60.7797
60.6688
60.5192
60.3415
58.0798
57.8933
57.6963
57.5071
57.3174
57.1176
56.9016
56.6704
56.4316
56.1953
55.9793
55.8629
56.2353
59.6442
59.062
58.9761
58.8612
58.6356
63.0068
62.7857
62.696
62.613
62.51
62.3817
62.2474
62.2252
57.6229
57.6172
57.4723
57.3089
57.141
56.9672
56.7821
56.5827
56.3733
56.1659
55.985
55.9102
56.2973
59.5987
59.0851
58.9884
58.858
58.6401
61.2722
61.0573
60.9506
60.8525
60.7413
60.6131
60.4837
60.4405
57.5678
57.5477
57.4121
57.2582
57.1004
56.9403
56.7745
56.5982
56.4123
56.2277
56.0714
56.0234
56.4234
59.6602
59.0864
58.9839
58.8526
58.6961
59.2386
59.0865
58.9826
58.8798
58.7676
58.6441
58.5152
58.4069
57.6167
57.5303
57.3878
57.2365
57.0838
56.9313
56.7779
56.6193
56.4534
56.2875
56.1459
56.1016
56.4667
59.4556
59.0739
58.9676
58.838
58.7218
58.2912
58.1765
58.0722
57.9627
57.848
57.7281
57.6004
57.4527
57.6294
57.5001
57.3506
57.2007
57.0518
56.9043
56.7588
56.6128
56.4633
56.3136
56.1822
56.1297
56.4103
58.8136
59.0538
58.9447
58.8155
58.7095
58.2064
58.0936
57.9812
57.8615
57.7409
57.6215
57.4959
57.3401
57.5849
57.445
57.2918
57.1424
56.9969
56.8534
56.7131
56.5755
56.438
56.3009
56.1757
56.1055
56.2627
57.8118
59.0309
58.9204
58.7912
58.6815
58.3795
58.252
58.1284
57.9987
57.8717
57.7504
57.6268
57.4779
57.5198
57.3857
57.2311
57.0812
56.9378
56.7978
56.6614
56.5293
56.4001
56.2725
56.1519
56.0629
56.0946
56.7871
59.0101
58.8997
58.7709
58.6559
58.4842
58.341
58.2077
58.0708
57.9384
57.8141
57.691
57.5498
57.4609
57.3351
57.1799
57.0282
56.885
56.7472
56.6138
56.4852
56.361
56.2395
56.1222
56.0188
55.9574
56.043
58.9948
58.8859
58.7577
58.639
58.4877
58.333
58.1931
58.0521
57.9161
57.7883
57.6642
57.527
57.4173
57.2984
57.1439
56.9902
56.8455
56.7084
56.577
56.4509
56.3293
56.2114
56.0967
55.9867
55.8777
55.6816
58.9867
58.8799
58.7514
58.6289
58.4547
58.2924
58.1485
58.0059
57.8676
57.7364
57.61
57.4738
57.3855
57.272
57.1202
56.9655
56.8186
56.6802
56.5493
56.4242
56.3038
56.1877
56.0753
55.9651
55.8441
55.6
58.9856
58.8804
58.7501
58.6224
58.4292
58.2621
58.1161
57.9731
57.8336
57.6993
57.5701
57.4335
57.3612
57.2521
57.105
56.9517
56.8031
56.6625
56.5302
56.4048
56.2847
56.1696
56.0593
55.9519
55.836
55.638
58.9912
58.8863
58.7523
58.6179
58.42
58.2504
58.1033
57.9605
57.8202
57.6838
57.5518
57.4144
57.3428
57.2365
57.0954
56.9459
56.7973
56.6543
56.5195
56.3927
56.2723
56.1577
56.0488
55.9442
55.8354
55.6843
59.003
58.8966
58.7576
58.616
58.4218
58.252
58.1044
57.9618
57.8212
57.6833
57.5493
57.4112
57.3311
57.2252
57.0903
56.9464
56.8003
56.6563
56.5189
56.39
56.2688
56.1545
56.0463
55.9427
55.8373
55.7058
59.0201
58.9104
58.7656
58.6172
58.4297
58.2618
58.1139
57.9711
57.8303
57.6918
57.5564
57.4182
57.3267
57.2186
57.0889
56.9515
56.8097
56.6668
56.5282
56.3974
56.2753
56.1608
56.0525
55.9482
55.8423
55.7109
59.0389
58.9242
58.7737
58.6196
58.4394
58.2746
58.1265
57.9834
57.8424
57.7037
57.5676
57.4299
57.3269
57.2148
57.0885
56.957
56.8208
56.6812
56.5433
56.4119
56.2892
56.1742
56.065
55.959
55.8508
55.7139
59.0515
58.9298
58.7739
58.6153
58.4424
58.2812
58.1328
57.9889
57.8476
57.7089
57.5727
57.4359
57.3225
57.2052
57.0806
56.9535
56.8227
56.688
56.553
56.4226
56.2998
56.1842
56.0738
55.9659
55.8553
55.7151
59.0312
58.8971
58.7356
58.5737
58.4071
58.249
58.1
57.9553
57.8135
57.6746
57.5384
57.4026
57.2805
57.1581
57.0335
56.9089
56.7825
56.653
56.5225
56.3947
56.2726
56.1566
56.0451
55.9357
55.8244
55.6882
)
;
        valueFraction   nonuniform List<scalar> 
898
(
0.123953
0.124168
0.125203
0.127519
0.129376
0.130606
0.137481
0.144773
0.156423
0.167153
0.170024
0.175929
0.179987
0.182261
0.183139
0.182894
0.181762
0.179927
0.177558
0.174859
0.17196
0.168974
0.166001
0.163112
0.160354
0.157747
0.124151
0.12549
0.128851
0.134535
0.137757
0.13922
0.144572
0.144887
0.145571
0.146494
0.142596
0.143618
0.145046
0.146858
0.149136
0.151744
0.154387
0.156677
0.158338
0.15926
0.159458
0.159025
0.15809
0.156783
0.155217
0.153474
0.126459
0.130147
0.137526
0.145989
0.148751
0.148827
0.153182
0.152265
0.151194
0.150075
0.144015
0.143372
0.143389
0.14355
0.143941
0.144571
0.145553
0.146772
0.148053
0.149221
0.150126
0.150669
0.150809
0.150545
0.149916
0.149008
0.133984
0.14068
0.151459
0.157393
0.159973
0.157262
0.156474
0.150148
0.143825
0.137999
0.128415
0.123585
0.118906
0.121308
0.127307
0.134342
0.139348
0.142563
0.144638
0.146061
0.147098
0.1478
0.148206
0.148271
0.147927
0.147111
0.148361
0.154433
0.161615
0.160095
0.0921611
0.107018
0.12143
0.132165
0.139387
0.145131
0.1469
0.147242
0.147023
0.146449
0.145488
0.143997
0.141779
0.138385
0.167203
0.166393
0.161723
0.150368
0.0973558
0.107379
0.117734
0.125345
0.13119
0.13488
0.136614
0.135877
0.133325
0.130136
0.127291
0.124247
0.121639
0.119849
0.179043
0.170617
0.158225
0.140664
0.0975321
0.107966
0.116883
0.123172
0.127846
0.13091
0.132426
0.132476
0.131514
0.130037
0.128474
0.127307
0.126859
0.126834
0.180182
0.169936
0.154972
0.13401
0.0972027
0.108245
0.117393
0.124828
0.130634
0.134692
0.137134
0.138167
0.138214
0.137836
0.136919
0.136112
0.135668
0.135447
0.18079
0.1708
0.156094
0.134769
0.095811
0.106964
0.116591
0.123945
0.1305
0.13552
0.139004
0.140953
0.141652
0.141566
0.141011
0.140456
0.13996
0.139533
0.180578
0.172725
0.160908
0.142335
0.0918111
0.100513
0.110678
0.11777
0.12544
0.131329
0.135632
0.138432
0.139525
0.139989
0.140021
0.139796
0.139421
0.138985
0.170611
0.170192
0.165844
0.152739
0.0856758
0.0879726
0.0957843
0.108137
0.118463
0.12521
0.12974
0.132648
0.134423
0.135399
0.135799
0.135799
0.135536
0.135148
0.153383
0.160368
0.168036
0.164165
0.0808276
0.0908917
0.102412
0.11136
0.118538
0.123654
0.127123
0.129354
0.130674
0.131322
0.131472
0.131272
0.130846
0.130347
0.138488
0.146839
0.159063
0.16395
0.172363
0.168528
0.160416
0.150236
0.139263
0.128954
0.121011
0.118324
0.11678
0.121921
0.125882
0.128456
0.129965
0.130712
0.130929
0.130776
0.130355
0.129734
0.128964
0.128105
0.127224
0.126474
0.129578
0.134985
0.144501
0.153686
0.161846
0.161364
0.159153
0.156366
0.153571
0.151139
0.149221
0.147597
0.141755
0.140717
0.139512
0.138012
0.136328
0.134584
0.13287
0.131235
0.129694
0.128247
0.126892
0.125649
0.124558
0.123828
0.126329
0.128876
0.134088
0.14156
0.150817
0.152669
0.152818
0.152018
0.150679
0.149078
0.147371
0.145493
0.13883
0.137159
0.135703
0.134283
0.13287
0.131464
0.130077
0.128724
0.127413
0.126149
0.124939
0.123822
0.122855
0.122448
0.125838
0.126841
0.129117
0.133161
0.141399
0.143677
0.144836
0.145258
0.145153
0.144684
0.143961
0.142922
0.136937
0.135788
0.134729
0.133605
0.132409
0.131155
0.129864
0.128554
0.127237
0.125922
0.124616
0.12336
0.122218
0.122148
0.12631
0.126714
0.127694
0.129609
0.136056
0.137785
0.138912
0.139587
0.139875
0.139847
0.139556
0.138918
0.133727
0.132916
0.132171
0.131355
0.130459
0.129492
0.128461
0.127372
0.126227
0.125021
0.123741
0.122411
0.12107
0.122301
0.126915
0.127096
0.127569
0.128511
0.132971
0.134017
0.134768
0.13529
0.135589
0.135681
0.135581
0.135207
0.131351
0.130804
0.130284
0.12968
0.128985
0.128203
0.127338
0.126392
0.125361
0.124235
0.122989
0.12163
0.120193
0.121627
0.127432
0.127509
0.127762
0.128264
0.130786
0.131391
0.131852
0.13219
0.132396
0.132464
0.132393
0.132127
0.12984
0.1294
0.128945
0.128412
0.127798
0.127106
0.126337
0.125489
0.124554
0.123518
0.122358
0.121063
0.119667
0.121078
0.127818
0.127823
0.127944
0.128198
0.129147
0.129475
0.129737
0.129929
0.130036
0.130052
0.12997
0.129769
0.128856
0.128502
0.128102
0.127634
0.127093
0.126481
0.125799
0.125041
0.1242
0.123265
0.122214
0.121034
0.119729
0.120744
0.128101
0.128047
0.128075
0.128175
0.128219
0.12838
0.12852
0.128617
0.128657
0.128632
0.128537
0.128369
0.128234
0.127927
0.127556
0.127123
0.126629
0.126074
0.12546
0.124787
0.124052
0.123255
0.122399
0.121516
0.120665
0.120337
0.128304
0.1282
0.128156
0.128157
0.127905
0.127957
0.128005
0.128026
0.128008
0.127942
0.127824
0.127659
0.127723
0.127443
0.127103
0.126712
0.126269
0.125778
0.125239
0.124654
0.124025
0.123355
0.122656
0.121965
0.121352
0.121099
0.128451
0.128304
0.128205
0.128141
0.127918
0.127896
0.127876
0.127839
0.127776
0.127679
0.127542
0.127369
0.127336
0.12707
0.126756
0.126398
0.125998
0.125559
0.125083
0.124574
0.124038
0.123484
0.122927
0.122402
0.121973
0.121865
0.128555
0.128372
0.128228
0.128115
0.127977
0.127901
0.127826
0.127742
0.127639
0.127512
0.127355
0.127168
0.126994
0.126734
0.126438
0.126109
0.125747
0.125354
0.124934
0.124491
0.124032
0.123566
0.12311
0.12269
0.122357
0.122301
0.128627
0.128413
0.128233
0.128081
0.127968
0.12785
0.127733
0.127612
0.127479
0.127328
0.127156
0.126959
0.126716
0.126462
0.126183
0.125877
0.125545
0.12519
0.124814
0.124424
0.124025
0.123628
0.123246
0.1229
0.122628
0.122572
0.128675
0.128435
0.128224
0.128039
0.127899
0.127746
0.127596
0.127445
0.127287
0.127116
0.126929
0.126724
0.126472
0.126223
0.125956
0.125667
0.12536
0.125034
0.124695
0.124346
0.123994
0.123646
0.123316
0.123016
0.122773
0.122677
0.128705
0.128443
0.128207
0.127994
0.127812
0.127631
0.127456
0.127281
0.127103
0.126916
0.126718
0.126508
0.126268
0.126024
0.125767
0.125494
0.125206
0.124906
0.124596
0.12428
0.123964
0.123655
0.123361
0.123093
0.122866
0.122724
0.128721
0.128441
0.128184
0.127948
0.127734
0.12753
0.127333
0.127139
0.126944
0.126744
0.126537
0.126321
0.126089
0.125849
0.1256
0.125339
0.125067
0.124786
0.124499
0.124209
0.123921
0.12364
0.123373
0.123126
0.122908
0.12273
0.128728
0.128432
0.128157
0.127902
0.127667
0.127445
0.127231
0.127021
0.126813
0.126602
0.126387
0.126166
0.125935
0.125698
0.125455
0.125205
0.124947
0.124682
0.124414
0.124145
0.123878
0.123619
0.123371
0.12314
0.122929
0.122735
0.128727
0.128417
0.128128
0.127858
0.127608
0.127371
0.127142
0.12692
0.1267
0.12648
0.126258
0.126033
0.1258
0.125564
0.125326
0.125084
0.124836
0.124585
0.124331
0.124078
0.123828
0.123585
0.123351
0.123131
0.122926
0.12273
0.12872
0.128399
0.128097
0.127815
0.127554
0.127304
0.127063
0.126829
0.1266
0.126372
0.126145
0.125917
0.125682
0.125447
0.125213
0.124976
0.124737
0.124496
0.124254
0.124014
0.123777
0.123546
0.123323
0.123111
0.122911
0.122719
0.12871
0.128379
0.128067
0.127774
0.127503
0.127242
0.126991
0.126748
0.12651
0.126277
0.126045
0.125814
0.125578
0.125344
0.125111
0.124879
0.124647
0.124413
0.124181
0.12395
0.123723
0.123501
0.123286
0.12308
0.122883
0.122695
0.128697
0.128358
0.128038
0.127736
0.127455
0.127186
0.126926
0.126675
0.126431
0.126191
0.125955
0.125722
0.125485
0.125252
0.125021
0.124792
0.124564
0.124337
0.124112
0.123888
0.123668
0.123454
0.123245
0.123043
0.12285
0.122663
0.128683
0.128337
0.12801
0.127701
0.127411
0.127134
0.126867
0.12661
0.126359
0.126115
0.125876
0.12564
0.125404
0.12517
0.124941
0.124714
0.124489
0.124266
0.124046
0.123828
0.123614
0.123405
0.1232
0.123002
0.122811
0.122625
0.128668
0.128316
0.127983
0.127668
0.127371
0.127087
0.126814
0.126551
0.126296
0.126047
0.125805
0.125567
0.12533
0.125097
0.124868
0.124643
0.12442
0.124201
0.123984
0.123771
0.123561
0.123355
0.123154
0.122959
0.122769
0.122584
0.128653
0.128296
0.127957
0.127637
0.127334
0.127044
0.126765
0.126497
0.126238
0.125986
0.125741
0.125501
0.125263
0.125031
0.124802
0.124577
0.124356
0.124139
0.123925
0.123714
0.123507
0.123305
0.123106
0.122913
0.122725
0.122539
0.128634
0.128273
0.12793
0.127604
0.127296
0.127001
0.126718
0.126445
0.126182
0.125928
0.12568
0.125438
0.1252
0.124967
0.124739
0.124515
0.124294
0.124078
0.123866
0.123658
0.123453
0.123252
0.123056
0.122864
0.122677
0.122492
)
;
        value           nonuniform List<scalar> 
898
(
328.407
328.505
328.605
328.582
328.563
327.95
312.149
311.444
311.347
311.76
325.792
326.006
325.745
325.576
325.416
325.342
325.33
325.364
325.437
325.544
325.676
325.822
325.968
326.109
326.243
326.375
328.348
328.375
328.381
328.238
328.254
327.685
312.285
311.605
311.561
312.127
327.345
327.834
327.572
327.344
327.068
326.849
326.664
326.515
326.412
326.361
326.356
326.382
326.428
326.487
326.557
326.643
328.127
327.993
327.801
327.599
327.934
327.463
311.724
310.977
310.949
311.635
327.652
328.267
327.773
327.569
327.38
327.268
327.169
327.075
326.996
326.936
326.895
326.867
326.85
326.851
326.876
326.921
327.617
327.294
326.889
326.748
327.457
327.072
313.437
312.686
312.657
313.417
328.428
329.487
328.865
328.629
328.235
327.853
327.578
327.368
327.244
327.189
327.169
327.14
327.089
327.029
327.022
327.113
326.743
326.423
326.027
325.397
328.951
329.043
328.388
327.867
327.527
327.275
327.197
327.19
327.223
327.286
327.369
327.447
327.5
327.577
325.794
325.81
325.932
325.552
328.46
328.971
328.513
328.113
327.817
327.649
327.593
327.651
327.784
327.933
328.041
328.139
328.209
328.28
325.157
325.516
325.992
325.868
328.297
328.841
328.45
328.097
327.829
327.658
327.573
327.567
327.615
327.684
327.746
327.787
327.797
327.805
324.966
325.433
326.05
326.091
328.241
328.768
328.359
327.942
327.611
327.382
327.243
327.181
327.171
327.185
327.227
327.266
327.288
327.307
324.828
325.299
325.911
325.984
328.281
328.811
328.371
327.954
327.583
327.305
327.111
326.998
326.952
326.95
326.978
327.012
327.047
327.082
324.825
325.198
325.665
325.61
328.509
329.172
328.697
328.28
327.842
327.514
327.277
327.118
327.049
327.021
327.024
327.049
327.087
327.132
325.316
325.351
325.464
325.162
328.893
329.881
329.502
328.795
328.21
327.835
327.587
327.425
327.326
327.275
327.263
327.284
327.327
327.379
326.18
325.864
325.454
324.813
329.113
329.654
329.091
328.577
328.174
327.9
327.721
327.607
327.543
327.518
327.527
327.565
327.626
327.692
326.995
326.582
325.931
325.087
310.223
309.305
308.945
308.702
308.514
308.409
308.527
309.541
326.871
327.59
327.587
327.526
327.493
327.49
327.509
327.541
327.586
327.642
327.708
327.786
327.876
327.962
327.521
327.232
326.664
325.633
310.732
309.956
309.707
309.566
309.478
309.451
309.566
310.29
325.838
326.669
326.908
327.058
327.192
327.326
327.453
327.571
327.682
327.789
327.891
327.99
328.091
328.178
327.767
327.621
327.249
326.263
310.686
309.927
309.717
309.603
309.533
309.512
309.605
310.273
326.029
326.856
327.105
327.261
327.396
327.526
327.65
327.767
327.878
327.985
328.085
328.176
328.265
328.309
327.883
327.815
327.593
326.753
310.709
309.944
309.751
309.65
309.591
309.578
309.666
310.317
326.235
327.018
327.24
327.385
327.513
327.638
327.758
327.875
327.989
328.1
328.205
328.297
328.375
328.375
327.958
327.919
327.775
327.089
312.144
311.431
311.259
311.172
311.124
311.117
311.197
311.796
326.598
327.304
327.495
327.622
327.735
327.843
327.947
328.049
328.151
328.254
328.354
328.438
328.484
328.254
328.016
327.989
327.896
327.393
315.905
315.348
315.216
315.154
315.122
315.118
315.183
315.654
327.07
327.619
327.769
327.872
327.967
328.057
328.143
328.23
328.318
328.409
328.501
328.574
328.577
328.077
328.047
328.034
327.984
327.692
321.117
320.786
320.711
320.681
320.669
320.673
320.721
321.014
327.58
327.926
328.033
328.112
328.186
328.259
328.329
328.4
328.473
328.551
328.631
328.692
328.656
327.939
328.052
328.052
328.039
327.932
325.758
325.634
325.612
325.612
325.619
325.633
325.667
325.801
328.004
328.165
328.233
328.289
328.346
328.403
328.459
328.516
328.577
328.642
328.709
328.758
328.703
327.906
328.041
328.051
328.063
328.07
328.412
328.416
328.43
328.449
328.469
328.489
328.516
328.551
328.255
328.302
328.345
328.388
328.433
328.48
328.528
328.576
328.627
328.681
328.735
328.77
328.704
327.989
328.026
328.042
328.065
328.114
329.106
329.157
329.186
329.215
329.241
329.265
329.287
329.288
328.349
328.357
328.388
328.424
328.464
328.506
328.549
328.593
328.637
328.682
328.726
328.75
328.677
327.979
328.014
328.033
328.06
328.108
328.769
328.819
328.852
328.883
328.911
328.936
328.958
328.96
328.354
328.365
328.395
328.428
328.465
328.505
328.546
328.587
328.628
328.667
328.703
328.719
328.642
327.96
328.007
328.028
328.056
328.093
328.293
328.328
328.361
328.391
328.419
328.445
328.468
328.483
328.339
328.365
328.394
328.427
328.462
328.5
328.54
328.58
328.618
328.654
328.686
328.698
328.626
327.998
328.003
328.026
328.055
328.086
328.056
328.083
328.114
328.143
328.171
328.197
328.223
328.247
328.335
328.369
328.398
328.429
328.463
328.499
328.537
328.575
328.613
328.647
328.676
328.689
328.634
328.131
328.001
328.025
328.056
328.088
328.033
328.058
328.088
328.116
328.144
328.172
328.2
328.228
328.343
328.379
328.407
328.436
328.468
328.502
328.538
328.575
328.611
328.644
328.673
328.69
328.661
328.34
327.999
328.025
328.059
328.094
328.082
328.108
328.138
328.165
328.194
328.223
328.253
328.282
328.356
328.39
328.416
328.444
328.474
328.506
328.539
328.574
328.608
328.641
328.67
328.693
328.691
328.552
327.997
328.025
328.061
328.1
328.12
328.147
328.176
328.204
328.232
328.263
328.294
328.323
328.367
328.401
328.425
328.451
328.479
328.509
328.54
328.573
328.606
328.638
328.668
328.694
328.713
328.703
327.996
328.026
328.064
328.104
328.132
328.159
328.188
328.216
328.245
328.276
328.307
328.337
328.375
328.409
328.434
328.457
328.483
328.511
328.541
328.572
328.603
328.634
328.664
328.693
328.723
328.773
327.995
328.028
328.068
328.108
328.133
328.159
328.188
328.217
328.246
328.277
328.309
328.339
328.381
328.417
328.441
328.464
328.487
328.514
328.542
328.571
328.601
328.631
328.661
328.691
328.725
328.786
327.996
328.03
328.071
328.111
328.133
328.158
328.188
328.218
328.248
328.278
328.31
328.34
328.386
328.423
328.448
328.47
328.493
328.517
328.543
328.571
328.599
328.628
328.658
328.688
328.721
328.773
327.997
328.032
328.073
328.112
328.134
328.16
328.19
328.221
328.251
328.282
328.313
328.343
328.39
328.427
328.453
328.476
328.498
328.521
328.545
328.571
328.598
328.626
328.655
328.685
328.717
328.76
327.998
328.033
328.073
328.112
328.135
328.162
328.193
328.224
328.255
328.286
328.317
328.347
328.391
328.428
328.456
328.48
328.502
328.524
328.547
328.571
328.597
328.625
328.653
328.682
328.713
328.751
327.998
328.033
328.072
328.109
328.135
328.163
328.195
328.227
328.259
328.289
328.32
328.35
328.391
328.428
328.457
328.482
328.505
328.527
328.549
328.572
328.597
328.624
328.651
328.679
328.71
328.747
327.997
328.032
328.07
328.107
328.135
328.165
328.197
328.23
328.262
328.293
328.323
328.353
328.392
328.427
328.456
328.483
328.507
328.529
328.551
328.574
328.598
328.624
328.651
328.678
328.708
328.745
327.999
328.032
328.069
328.106
328.137
328.168
328.201
328.234
328.266
328.298
328.329
328.359
328.394
328.427
328.457
328.485
328.511
328.534
328.557
328.579
328.603
328.629
328.655
328.681
328.71
328.746
328.007
328.041
328.078
328.114
328.147
328.181
328.214
328.247
328.28
328.311
328.343
328.373
328.406
328.437
328.467
328.496
328.523
328.548
328.571
328.595
328.619
328.644
328.669
328.695
328.722
328.756
)
;
        Tnbr            T;
        qrNbr           qr;
        qr              none;
        thermalInertia  false;
        thicknessLayers List<scalar> 0();
        kappaLayers     List<scalar> 0();
        kappaMethod     solidThermo;
        kappa           none;
        alphaAni        none;
        alpha           none;
    }
    concrete_to_asphalt
    {
        type            compressible::turbulentTemperatureRadCoupledMixed;
        refValue        nonuniform List<scalar> 
52
(
325.847
325.88
325.914
325.948
325.98
326.011
326.043
326.073
326.103
326.133
326.162
326.19
326.218
326.247
326.274
326.3
326.326
326.35
326.373
326.395
326.418
326.441
326.464
326.487
326.512
326.539
327.253
327.289
327.326
327.361
327.395
327.428
327.461
327.493
327.525
327.556
327.586
327.616
327.646
327.676
327.704
327.732
327.759
327.784
327.809
327.832
327.856
327.88
327.905
327.929
327.954
327.982
)
;
        refGradient     uniform 0;
        valueFraction   nonuniform List<scalar> 
52
(
0.529412
0.529412
0.529412
0.529412
0.529412
0.529412
0.529412
0.529412
0.529412
0.529412
0.529412
0.529412
0.529412
0.529412
0.529412
0.529412
0.529412
0.529412
0.529412
0.529412
0.529412
0.529412
0.529412
0.529412
0.529412
0.529412
0.529412
0.529412
0.529412
0.529412
0.529412
0.529412
0.529412
0.529412
0.529412
0.529412
0.529412
0.529412
0.529412
0.529412
0.529412
0.529412
0.529412
0.529412
0.529412
0.529412
0.529412
0.529412
0.529412
0.529412
0.529412
0.529412
)
;
        value           nonuniform List<scalar> 
52
(
325.776
325.804
325.838
325.871
325.902
325.933
325.964
325.995
326.025
326.054
326.083
326.111
326.14
326.169
326.196
326.223
326.248
326.271
326.293
326.315
326.338
326.361
326.384
326.408
326.433
326.467
327.246
327.279
327.315
327.35
327.383
327.416
327.449
327.481
327.513
327.544
327.574
327.604
327.635
327.665
327.694
327.722
327.748
327.773
327.797
327.82
327.843
327.868
327.892
327.917
327.943
327.975
)
;
        Tnbr            T;
        qrNbr           none;
        qr              none;
        thermalInertia  false;
        thicknessLayers List<scalar> 0();
        kappaLayers     List<scalar> 0();
        kappaMethod     solidThermo;
        kappa           none;
        alphaAni        none;
        alpha           none;
    }
    concrete_to_soil2
    {
        type            compressible::turbulentTemperatureRadCoupledMixed;
        refValue        nonuniform List<scalar> 
200
(
326.145
326.254
326.361
326.388
326.295
325.024
312.301
310.975
310.765
311.461
321.095
322.04
322.26
322.45
322.598
322.753
322.912
323.069
323.225
323.382
323.539
323.692
323.836
323.969
324.091
324.206
326.039
324.408
326.016
324.625
325.896
324.85
325.549
325.141
324.817
325.657
323.803
325.95
322.918
325.506
322.586
325.113
322.398
324.956
322.44
325.021
323.131
325.244
324.066
325.532
324.783
325.76
325.174
325.988
325.373
325.647
325.516
326.227
325.643
323.503
325.741
318.277
325.793
313.843
325.803
311.867
325.792
311.492
325.778
311.465
325.769
311.543
325.766
312.515
325.767
315.16
325.769
319.143
325.771
323.118
325.772
325.842
325.774
327.001
325.776
327.095
325.778
326.816
325.781
326.588
325.784
326.51
325.788
326.517
325.791
326.54
325.795
326.555
325.803
326.563
327.612
327.728
327.848
327.891
327.87
326.912
312.377
311.367
311.164
311.592
322.575
323.268
323.453
323.661
323.826
323.999
324.173
324.343
324.51
324.678
324.846
325.01
325.163
325.304
325.434
325.554
327.506
325.761
327.489
325.993
327.373
326.229
327.014
326.51
326.231
327.029
325.131
327.484
324.186
326.99
323.88
326.538
323.706
326.348
323.753
326.405
324.519
326.642
325.547
326.951
326.319
327.191
326.718
327.456
326.901
327.044
327.019
327.876
327.124
324.878
327.205
319.005
327.246
314.068
327.25
311.943
327.235
311.595
327.218
311.576
327.206
311.621
327.2
312.641
327.197
315.54
327.196
319.948
327.195
324.343
327.193
327.328
327.192
328.564
327.192
328.627
327.192
328.297
327.194
328.04
327.195
327.954
327.197
327.963
327.198
327.988
327.201
328.002
327.207
328.008
)
;
        refGradient     uniform 0;
        valueFraction   nonuniform List<scalar> 
200
(
0.529412
0.529412
0.529412
0.529412
0.529412
0.529412
0.529412
0.529412
0.529412
0.529412
0.529412
0.529412
0.529412
0.529412
0.529412
0.529412
0.529412
0.529412
0.529412
0.529412
0.529412
0.529412
0.529412
0.529412
0.529412
0.529412
0.529412
0.529412
0.529412
0.529412
0.529412
0.529412
0.529412
0.529412
0.529412
0.529412
0.529412
0.529412
0.529412
0.529412
0.529412
0.529412
0.529412
0.529412
0.529412
0.529412
0.529412
0.529412
0.529412
0.529412
0.529412
0.529412
0.529412
0.529412
0.529412
0.529412
0.529412
0.529412
0.529412
0.529412
0.529412
0.529412
0.529412
0.529412
0.529412
0.529412
0.529412
0.529412
0.529412
0.529412
0.529412
0.529412
0.529412
0.529412
0.529412
0.529412
0.529412
0.529412
0.529412
0.529412
0.529412
0.529412
0.529412
0.529412
0.529412
0.529412
0.529412
0.529412
0.529412
0.529412
0.529412
0.529412
0.529412
0.529412
0.529412
0.529412
0.529412
0.529412
0.529412
0.529412
0.529412
0.529412
0.529412
0.529412
0.529412
0.529412
0.529412
0.529412
0.529412
0.529412
0.529412
0.529412
0.529412
0.529412
0.529412
0.529412
0.529412
0.529412
0.529412
0.529412
0.529412
0.529412
0.529412
0.529412
0.529412
0.529412
0.529412
0.529412
0.529412
0.529412
0.529412
0.529412
0.529412
0.529412
0.529412
0.529412
0.529412
0.529412
0.529412
0.529412
0.529412
0.529412
0.529412
0.529412
0.529412
0.529412
0.529412
0.529412
0.529412
0.529412
0.529412
0.529412
0.529412
0.529412
0.529412
0.529412
0.529412
0.529412
0.529412
0.529412
0.529412
0.529412
0.529412
0.529412
0.529412
0.529412
0.529412
0.529412
0.529412
0.529412
0.529412
0.529412
0.529412
0.529412
0.529412
0.529412
0.529412
0.529412
0.529412
0.529412
0.529412
0.529412
0.529412
0.529412
0.529412
0.529412
0.529412
0.529412
0.529412
0.529412
0.529412
0.529412
0.529412
0.529412
0.529412
0.529412
0.529412
0.529412
0.529412
0.529412
)
;
        value           nonuniform List<scalar> 
200
(
326.071
326.169
326.263
326.26
326.147
324.896
312.16
310.85
310.688
311.501
321.902
322.792
322.863
322.904
322.921
322.975
323.055
323.153
323.266
323.394
323.532
323.674
323.812
323.941
324.063
324.185
326.015
324.292
325.967
324.516
325.802
324.75
325.396
325.017
324.643
325.489
323.714
325.862
322.973
325.436
322.7
325.039
322.538
324.876
322.563
324.937
323.131
325.159
323.978
325.442
324.696
325.679
325.128
325.892
325.349
325.759
325.485
326.089
325.593
324.525
325.676
321.553
325.723
319.027
325.735
317.9
325.727
317.709
325.716
317.691
325.708
317.735
325.706
318.302
325.708
319.835
325.711
322.139
325.713
324.439
325.715
326.023
325.718
326.705
325.72
326.77
325.724
326.615
325.727
326.485
325.73
326.439
325.733
326.442
325.736
326.456
325.74
326.466
325.753
326.48
327.617
327.723
327.83
327.837
327.795
326.882
312.27
311.291
311.135
311.658
323.6
324.185
324.189
324.226
324.244
324.304
324.391
324.497
324.619
324.756
324.905
325.057
325.205
325.344
325.473
325.599
327.561
325.708
327.521
325.952
327.355
326.202
326.929
326.456
326.117
326.919
325.106
327.475
324.315
327.002
324.06
326.541
323.903
326.341
323.928
326.395
324.556
326.632
325.489
326.939
326.267
327.19
326.72
327.43
326.933
327.267
327.052
327.737
327.145
326.067
327.216
322.825
327.253
320.101
327.259
318.935
327.246
318.778
327.231
318.763
327.22
318.782
327.214
319.353
327.212
320.977
327.211
323.448
327.21
325.913
327.209
327.592
327.208
328.293
327.208
328.335
327.209
328.153
327.21
328.008
327.211
327.958
327.211
327.96
327.212
327.972
327.214
327.98
327.221
327.988
)
;
        Tnbr            T;
        qrNbr           none;
        qr              none;
        thermalInertia  false;
        thicknessLayers List<scalar> 0();
        kappaLayers     List<scalar> 0();
        kappaMethod     solidThermo;
        kappa           none;
        alphaAni        none;
        alpha           none;
    }
    concrete_to_buildings
    {
        type            externalWallHeatFluxTemperature;
        mode            coefficient;
        kappaMethod     solidThermo;
        kappa           none;
        alphaAni        none;
        alpha           none;
        h               constant 10;
        Ta              constant 293.15;
        thicknessLayers List<scalar> 1(0.3);
        kappaLayers     List<scalar> 1(1.6);
        qr              none;
        refValue        uniform 293.15;
        refGradient     uniform 0;
        valueFraction   nonuniform List<scalar> 
64
(
0.0980392
0.0980392
0.0980392
0.0980392
0.0980392
0.0980392
0.0980392
0.0980392
0.0980392
0.0980392
0.0980392
0.0980392
0.0980392
0.0980392
0.0980392
0.0980392
0.0980392
0.0980392
0.0980392
0.0980392
0.0980392
0.0980392
0.0980392
0.0980392
0.0980392
0.0980392
0.0980392
0.0980392
0.0980392
0.0980392
0.0980392
0.0980392
0.0980392
0.0980392
0.0980392
0.0980392
0.0980392
0.0980392
0.0980392
0.0980392
0.0980392
0.0980392
0.0980392
0.0980392
0.0980392
0.0980392
0.0980392
0.0980392
0.0980392
0.0980392
0.0980392
0.0980392
0.0980392
0.0980392
0.0980392
0.0980392
0.0980392
0.0980392
0.0980392
0.0980392
0.0980392
0.0980392
0.0980392
0.0980392
)
;
        value           nonuniform List<scalar> 
64
(
301.167
298.793
297.34
296.956
296.962
297.377
298.968
301.632
298.936
296.196
295.448
295.233
295.238
295.471
296.282
299.269
298.522
295.665
294.994
294.818
294.821
295.01
295.73
298.805
298.433
295.536
294.872
294.705
294.708
294.887
295.596
298.696
298.401
295.511
294.853
294.688
294.691
294.867
295.574
298.683
298.396
295.551
294.907
294.746
294.748
294.92
295.621
298.732
298.527
295.784
295.17
295.015
295.013
295.173
295.847
298.913
299.423
296.969
296.427
296.278
296.257
296.378
296.955
299.74
)
;
    }
    concrete_to_soil1
    {
        type            compressible::turbulentTemperatureRadCoupledMixed;
        refValue        nonuniform List<scalar> 
962
(
324.451
324.525
324.594
324.55
324.353
322.875
311.754
310.23
310.115
311.275
321.072
322.157
322.147
322.047
321.935
321.88
321.873
321.902
321.962
322.05
322.159
322.277
322.398
322.514
322.628
322.754
324.369
324.379
324.365
324.231
324.044
322.606
311.725
310.239
310.188
311.54
322.193
323.518
323.513
323.357
323.149
322.982
322.846
322.741
322.675
322.649
322.658
322.691
322.738
322.796
322.866
322.963
324.158
324.037
323.862
323.643
323.54
322.152
311.224
309.732
309.708
311.17
322.299
323.795
323.791
323.69
323.536
323.419
323.318
323.231
323.164
323.117
323.088
323.073
323.071
323.086
323.122
323.191
323.712
323.441
323.069
322.638
321.691
320.258
311.056
309.758
309.747
311.113
321.191
323.124
324.255
324.396
324.165
323.887
323.665
323.508
323.419
323.369
323.333
323.297
323.268
323.266
323.319
323.437
322.996
322.709
322.209
320.396
304.324
301.139
299.181
298.625
298.633
299.235
301.379
304.941
322.955
324.541
324.325
323.957
323.696
323.53
323.473
323.465
323.484
323.521
323.567
323.622
323.701
323.85
322.23
322.183
321.973
319.986
301.371
297.687
296.608
296.293
296.299
296.642
297.811
301.826
322.206
324.402
324.387
324.137
323.92
323.789
323.748
323.784
323.862
323.95
324.016
324.069
324.12
324.182
321.689
321.908
321.951
320.05
300.77
296.92
295.949
295.69
295.695
295.973
297.016
301.158
321.954
324.276
324.336
324.126
323.922
323.78
323.706
323.692
323.711
323.743
323.771
323.789
323.798
323.82
321.477
321.803
321.96
320.15
300.635
296.731
295.77
295.524
295.529
295.792
296.819
300.998
321.879
324.216
324.271
324.021
323.77
323.582
323.462
323.4
323.378
323.378
323.398
323.419
323.437
323.47
321.346
321.683
321.843
320.057
300.589
296.694
295.742
295.5
295.504
295.763
296.787
300.979
321.908
324.259
324.292
324.028
323.741
323.514
323.354
323.258
323.214
323.207
323.224
323.249
323.28
323.328
321.356
321.607
321.653
319.799
300.587
296.755
295.822
295.585
295.588
295.842
296.856
301.048
322.085
324.525
324.538
324.254
323.918
323.655
323.465
323.341
323.284
323.263
323.269
323.293
323.331
323.39
321.749
321.741
321.521
319.536
300.782
297.091
296.202
295.975
295.972
296.208
297.183
301.305
322.387
324.993
325.033
324.588
324.166
323.876
323.682
323.557
323.484
323.452
323.454
323.482
323.528
323.595
322.429
322.155
321.581
319.498
301.97
298.676
297.891
297.674
297.646
297.827
298.664
302.395
322.557
324.786
324.733
324.41
324.116
323.909
323.773
323.688
323.645
323.636
323.658
323.706
323.77
323.852
323.088
322.736
322.03
320.256
309.156
307.268
306.715
306.461
306.319
306.316
306.721
308.816
321.601
323.405
323.656
323.653
323.627
323.62
323.631
323.655
323.691
323.742
323.81
323.893
323.985
324.08
323.539
323.27
322.626
320.828
310.151
308.513
308.082
307.905
307.823
307.848
308.172
309.825
321.01
322.713
323.119
323.281
323.393
323.496
323.595
323.688
323.777
323.868
323.965
324.068
324.17
324.263
323.78
323.615
323.108
321.34
310.31
308.696
308.308
308.161
308.098
308.126
308.415
309.974
321.133
322.804
323.218
323.397
323.523
323.635
323.74
323.839
323.933
324.027
324.124
324.222
324.31
324.346
323.914
323.806
323.417
321.755
310.506
308.897
308.532
308.4
308.348
308.38
308.654
310.172
321.34
322.958
323.346
323.515
323.636
323.745
323.848
323.947
324.042
324.137
324.233
324.325
324.391
324.378
324.007
323.922
323.617
322.156
311.742
310.264
309.938
309.825
309.783
309.815
310.062
311.446
321.76
323.227
323.568
323.717
323.825
323.92
324.011
324.098
324.185
324.272
324.358
324.429
324.427
324.061
324.078
324.009
323.785
322.673
314.643
313.494
313.242
313.158
313.13
313.157
313.352
314.432
322.407
323.549
323.818
323.938
324.027
324.107
324.182
324.257
324.332
324.409
324.481
324.523
324.422
323.519
324.123
324.072
323.936
323.268
318.582
317.886
317.732
317.686
317.675
317.698
317.827
318.492
323.171
323.88
324.06
324.149
324.218
324.282
324.344
324.405
324.468
324.533
324.591
324.605
324.411
323.042
324.142
324.112
324.054
323.786
322.117
321.838
321.776
321.765
321.769
321.79
321.86
322.147
323.839
324.15
324.25
324.31
324.362
324.412
324.461
324.511
324.563
324.616
324.662
324.656
324.408
322.81
324.143
324.129
324.124
324.107
324.215
324.196
324.195
324.207
324.223
324.243
324.275
324.325
324.256
324.317
324.365
324.406
324.446
324.487
324.528
324.57
324.614
324.657
324.691
324.672
324.404
322.792
324.139
324.134
324.153
324.228
324.854
324.931
324.959
324.982
325.004
325.024
325.039
325.003
324.422
324.394
324.418
324.449
324.483
324.519
324.556
324.594
324.631
324.668
324.693
324.664
324.389
322.784
324.136
324.135
324.16
324.232
324.684
324.759
324.792
324.819
324.843
324.862
324.875
324.845
324.438
324.415
324.435
324.463
324.495
324.529
324.564
324.599
324.633
324.664
324.684
324.65
324.378
322.803
324.138
324.138
324.161
324.204
324.361
324.405
324.435
324.461
324.485
324.506
324.523
324.522
324.414
324.422
324.444
324.472
324.501
324.534
324.568
324.602
324.634
324.663
324.679
324.647
324.398
322.948
324.143
324.144
324.166
324.191
324.187
324.21
324.237
324.262
324.286
324.308
324.329
324.35
324.403
324.431
324.456
324.483
324.511
324.542
324.574
324.607
324.638
324.665
324.682
324.658
324.46
323.293
324.148
324.151
324.174
324.196
324.166
324.184
324.209
324.233
324.257
324.281
324.305
324.332
324.413
324.447
324.472
324.497
324.524
324.553
324.584
324.615
324.645
324.672
324.691
324.681
324.554
323.793
324.154
324.159
324.183
324.209
324.205
324.225
324.249
324.273
324.297
324.322
324.348
324.375
324.433
324.464
324.488
324.511
324.537
324.564
324.593
324.622
324.651
324.679
324.7
324.706
324.651
324.295
324.16
324.166
324.193
324.223
324.24
324.262
324.286
324.31
324.335
324.36
324.387
324.413
324.451
324.481
324.503
324.525
324.548
324.574
324.601
324.629
324.657
324.684
324.708
324.726
324.725
324.659
324.165
324.173
324.202
324.234
324.257
324.279
324.304
324.328
324.353
324.379
324.406
324.432
324.466
324.495
324.517
324.537
324.559
324.583
324.608
324.634
324.661
324.688
324.714
324.738
324.766
324.838
324.17
324.18
324.21
324.243
324.265
324.286
324.311
324.336
324.361
324.387
324.414
324.441
324.477
324.508
324.529
324.548
324.569
324.591
324.615
324.64
324.665
324.691
324.717
324.745
324.782
324.882
324.176
324.187
324.218
324.251
324.27
324.292
324.317
324.342
324.368
324.394
324.421
324.449
324.487
324.518
324.541
324.56
324.579
324.599
324.622
324.645
324.67
324.695
324.721
324.749
324.785
324.866
324.182
324.194
324.225
324.257
324.277
324.299
324.324
324.35
324.376
324.403
324.429
324.457
324.495
324.528
324.551
324.57
324.589
324.608
324.629
324.652
324.675
324.699
324.724
324.752
324.785
324.845
324.187
324.2
324.23
324.262
324.283
324.306
324.332
324.359
324.386
324.412
324.438
324.466
324.503
324.535
324.559
324.58
324.599
324.617
324.637
324.658
324.68
324.704
324.728
324.755
324.786
324.837
324.192
324.204
324.234
324.265
324.288
324.312
324.34
324.367
324.394
324.421
324.447
324.474
324.509
324.54
324.566
324.587
324.607
324.626
324.645
324.665
324.686
324.709
324.733
324.759
324.789
324.838
324.197
324.209
324.238
324.269
324.294
324.319
324.347
324.375
324.403
324.429
324.456
324.483
324.515
324.545
324.571
324.594
324.615
324.634
324.653
324.673
324.694
324.716
324.74
324.764
324.794
324.843
324.204
324.216
324.245
324.276
324.303
324.33
324.358
324.387
324.414
324.442
324.468
324.495
324.525
324.554
324.58
324.604
324.626
324.646
324.666
324.686
324.706
324.728
324.751
324.775
324.803
324.852
324.228
324.243
324.273
324.304
324.333
324.361
324.39
324.419
324.447
324.474
324.501
324.528
324.556
324.584
324.61
324.634
324.657
324.679
324.699
324.72
324.741
324.762
324.784
324.808
324.834
324.878
)
;
        refGradient     uniform 0;
        valueFraction   nonuniform List<scalar> 
962
(
0.52519
0.52519
0.52519
0.52519
0.52519
0.52519
0.52519
0.52519
0.52519
0.52519
0.52519
0.52519
0.52519
0.52519
0.52519
0.52519
0.52519
0.52519
0.52519
0.52519
0.52519
0.52519
0.52519
0.52519
0.52519
0.52519
0.52519
0.52519
0.52519
0.52519
0.52519
0.52519
0.52519
0.52519
0.52519
0.52519
0.52519
0.52519
0.52519
0.52519
0.52519
0.52519
0.52519
0.52519
0.52519
0.52519
0.52519
0.52519
0.52519
0.52519
0.52519
0.52519
0.52519
0.52519
0.52519
0.52519
0.52519
0.52519
0.52519
0.52519
0.52519
0.52519
0.52519
0.52519
0.52519
0.52519
0.52519
0.52519
0.52519
0.52519
0.52519
0.52519
0.52519
0.52519
0.52519
0.52519
0.52519
0.52519
0.52519
0.52519
0.52519
0.52519
0.52519
0.52519
0.52519
0.52519
0.52519
0.52519
0.52519
0.52519
0.52519
0.52519
0.52519
0.52519
0.52519
0.52519
0.52519
0.52519
0.52519
0.52519
0.52519
0.52519
0.52519
0.52519
0.52519
0.52519
0.52519
0.52519
0.52519
0.52519
0.52519
0.52519
0.52519
0.52519
0.52519
0.52519
0.52519
0.52519
0.52519
0.52519
0.52519
0.52519
0.52519
0.52519
0.52519
0.52519
0.52519
0.52519
0.52519
0.52519
0.52519
0.52519
0.52519
0.52519
0.52519
0.52519
0.52519
0.52519
0.52519
0.52519
0.52519
0.52519
0.52519
0.52519
0.52519
0.52519
0.52519
0.52519
0.52519
0.52519
0.52519
0.52519
0.52519
0.52519
0.52519
0.52519
0.52519
0.52519
0.52519
0.52519
0.52519
0.52519
0.52519
0.52519
0.52519
0.52519
0.52519
0.52519
0.52519
0.52519
0.52519
0.52519
0.52519
0.52519
0.52519
0.52519
0.52519
0.52519
0.52519
0.52519
0.52519
0.52519
0.52519
0.52519
0.52519
0.52519
0.52519
0.52519
0.52519
0.52519
0.52519
0.52519
0.52519
0.52519
0.52519
0.52519
0.52519
0.52519
0.52519
0.52519
0.52519
0.52519
0.52519
0.52519
0.52519
0.52519
0.52519
0.52519
0.52519
0.52519
0.52519
0.52519
0.52519
0.52519
0.52519
0.52519
0.52519
0.52519
0.52519
0.52519
0.52519
0.52519
0.52519
0.52519
0.52519
0.52519
0.52519
0.52519
0.52519
0.52519
0.52519
0.52519
0.52519
0.52519
0.52519
0.52519
0.52519
0.52519
0.52519
0.52519
0.52519
0.52519
0.52519
0.52519
0.52519
0.52519
0.52519
0.52519
0.52519
0.52519
0.52519
0.52519
0.52519
0.52519
0.52519
0.52519
0.52519
0.52519
0.52519
0.52519
0.52519
0.52519
0.52519
0.52519
0.52519
0.52519
0.52519
0.52519
0.52519
0.52519
0.52519
0.52519
0.52519
0.52519
0.52519
0.52519
0.52519
0.52519
0.52519
0.52519
0.52519
0.52519
0.52519
0.52519
0.52519
0.52519
0.52519
0.52519
0.52519
0.52519
0.52519
0.52519
0.52519
0.52519
0.52519
0.52519
0.52519
0.52519
0.52519
0.52519
0.52519
0.52519
0.52519
0.52519
0.52519
0.52519
0.52519
0.52519
0.52519
0.52519
0.52519
0.52519
0.52519
0.52519
0.52519
0.52519
0.52519
0.52519
0.52519
0.52519
0.52519
0.52519
0.52519
0.52519
0.52519
0.52519
0.52519
0.52519
0.52519
0.52519
0.52519
0.52519
0.52519
0.52519
0.52519
0.52519
0.52519
0.52519
0.52519
0.52519
0.52519
0.52519
0.52519
0.52519
0.52519
0.52519
0.52519
0.52519
0.52519
0.52519
0.52519
0.52519
0.52519
0.52519
0.52519
0.52519
0.52519
0.52519
0.52519
0.52519
0.52519
0.52519
0.52519
0.52519
0.52519
0.52519
0.52519
0.52519
0.52519
0.52519
0.52519
0.52519
0.52519
0.52519
0.52519
0.52519
0.52519
0.52519
0.52519
0.52519
0.52519
0.52519
0.52519
0.52519
0.52519
0.52519
0.52519
0.52519
0.52519
0.52519
0.52519
0.52519
0.52519
0.52519
0.52519
0.52519
0.52519
0.52519
0.52519
0.52519
0.52519
0.52519
0.52519
0.52519
0.52519
0.52519
0.52519
0.52519
0.52519
0.52519
0.52519
0.52519
0.52519
0.52519
0.52519
0.52519
0.52519
0.52519
0.52519
0.52519
0.52519
0.52519
0.52519
0.52519
0.52519
0.52519
0.52519
0.52519
0.52519
0.52519
0.52519
0.52519
0.52519
0.52519
0.52519
0.52519
0.52519
0.52519
0.52519
0.52519
0.52519
0.52519
0.52519
0.52519
0.52519
0.52519
0.52519
0.52519
0.52519
0.52519
0.52519
0.52519
0.52519
0.52519
0.52519
0.52519
0.52519
0.52519
0.52519
0.52519
0.52519
0.52519
0.52519
0.52519
0.52519
0.52519
0.52519
0.52519
0.52519
0.52519
0.52519
0.52519
0.52519
0.52519
0.52519
0.52519
0.52519
0.52519
0.52519
0.52519
0.52519
0.52519
0.52519
0.52519
0.52519
0.52519
0.52519
0.52519
0.52519
0.52519
0.52519
0.52519
0.52519
0.52519
0.52519
0.52519
0.52519
0.52519
0.52519
0.52519
0.52519
0.52519
0.52519
0.52519
0.52519
0.52519
0.52519
0.52519
0.52519
0.52519
0.52519
0.52519
0.52519
0.52519
0.52519
0.52519
0.52519
0.52519
0.52519
0.52519
0.52519
0.52519
0.52519
0.52519
0.52519
0.52519
0.52519
0.52519
0.52519
0.52519
0.52519
0.52519
0.52519
0.52519
0.52519
0.52519
0.52519
0.52519
0.52519
0.52519
0.52519
0.52519
0.52519
0.52519
0.52519
0.52519
0.52519
0.52519
0.52519
0.52519
0.52519
0.52519
0.52519
0.52519
0.52519
0.52519
0.52519
0.52519
0.52519
0.52519
0.52519
0.52519
0.52519
0.52519
0.52519
0.52519
0.52519
0.52519
0.52519
0.52519
0.52519
0.52519
0.52519
0.52519
0.52519
0.52519
0.52519
0.52519
0.52519
0.52519
0.52519
0.52519
0.52519
0.52519
0.52519
0.52519
0.52519
0.52519
0.52519
0.52519
0.52519
0.52519
0.52519
0.52519
0.52519
0.52519
0.52519
0.52519
0.52519
0.52519
0.52519
0.52519
0.52519
0.52519
0.52519
0.52519
0.52519
0.52519
0.52519
0.52519
0.52519
0.52519
0.52519
0.52519
0.52519
0.52519
0.52519
0.52519
0.52519
0.52519
0.52519
0.52519
0.52519
0.52519
0.52519
0.52519
0.52519
0.52519
0.52519
0.52519
0.52519
0.52519
0.52519
0.52519
0.52519
0.52519
0.52519
0.52519
0.52519
0.52519
0.52519
0.52519
0.52519
0.52519
0.52519
0.52519
0.52519
0.52519
0.52519
0.52519
0.52519
0.52519
0.52519
0.52519
0.52519
0.52519
0.52519
0.52519
0.52519
0.52519
0.52519
0.52519
0.52519
0.52519
0.52519
0.52519
0.52519
0.52519
0.52519
0.52519
0.52519
0.52519
0.52519
0.52519
0.52519
0.52519
0.52519
0.52519
0.52519
0.52519
0.52519
0.52519
0.52519
0.52519
0.52519
0.52519
0.52519
0.52519
0.52519
0.52519
0.52519
0.52519
0.52519
0.52519
0.52519
0.52519
0.52519
0.52519
0.52519
0.52519
0.52519
0.52519
0.52519
0.52519
0.52519
0.52519
0.52519
0.52519
0.52519
0.52519
0.52519
0.52519
0.52519
0.52519
0.52519
0.52519
0.52519
0.52519
0.52519
0.52519
0.52519
0.52519
0.52519
0.52519
0.52519
0.52519
0.52519
0.52519
0.52519
0.52519
0.52519
0.52519
0.52519
0.52519
0.52519
0.52519
0.52519
0.52519
0.52519
0.52519
0.52519
0.52519
0.52519
0.52519
0.52519
0.52519
0.52519
0.52519
0.52519
0.52519
0.52519
0.52519
0.52519
0.52519
0.52519
0.52519
0.52519
0.52519
0.52519
0.52519
0.52519
0.52519
0.52519
0.52519
0.52519
0.52519
0.52519
0.52519
0.52519
0.52519
0.52519
0.52519
0.52519
0.52519
0.52519
0.52519
0.52519
0.52519
0.52519
0.52519
0.52519
0.52519
0.52519
0.52519
0.52519
0.52519
0.52519
0.52519
0.52519
0.52519
0.52519
0.52519
0.52519
0.52519
0.52519
0.52519
0.52519
0.52519
0.52519
0.52519
0.52519
0.52519
0.52519
0.52519
0.52519
0.52519
0.52519
0.52519
0.52519
0.52519
0.52519
0.52519
0.52519
0.52519
0.52519
0.52519
0.52519
0.52519
0.52519
0.52519
0.52519
0.52519
0.52519
0.52519
0.52519
0.52519
0.52519
0.52519
0.52519
0.52519
0.52519
0.52519
0.52519
0.52519
0.52519
0.52519
0.52519
0.52519
0.52519
0.52519
0.52519
0.52519
0.52519
0.52519
0.52519
0.52519
0.52519
0.52519
0.52519
0.52519
0.52519
0.52519
0.52519
0.52519
0.52519
0.52519
0.52519
0.52519
0.52519
0.52519
0.52519
0.52519
0.52519
0.52519
0.52519
0.52519
0.52519
0.52519
0.52519
0.52519
0.52519
0.52519
0.52519
0.52519
0.52519
0.52519
0.52519
0.52519
0.52519
0.52519
0.52519
0.52519
0.52519
0.52519
0.52519
0.52519
0.52519
0.52519
0.52519
0.52519
0.52519
0.52519
0.52519
0.52519
0.52519
0.52519
0.52519
0.52519
0.52519
0.52519
0.52519
0.52519
0.52519
0.52519
0.52519
0.52519
0.52519
0.52519
0.52519
0.52519
0.52519
0.52519
0.52519
0.52519
0.52519
0.52519
0.52519
0.52519
0.52519
0.52519
0.52519
0.52519
0.52519
0.52519
0.52519
0.52519
0.52519
0.52519
0.52519
0.52519
0.52519
0.52519
0.52519
0.52519
0.52519
0.52519
0.52519
0.52519
0.52519
0.52519
0.52519
0.52519
0.52519
0.52519
0.52519
0.52519
0.52519
0.52519
0.52519
0.52519
0.52519
0.52519
0.52519
0.52519
0.52519
0.52519
0.52519
0.52519
0.52519
0.52519
0.52519
0.52519
)
;
        value           nonuniform List<scalar> 
962
(
325.181
325.26
325.334
325.293
325.126
323.767
311.872
310.458
310.346
311.404
321.897
322.86
322.809
322.696
322.576
322.518
322.511
322.541
322.603
322.695
322.808
322.931
323.056
323.177
323.295
323.422
325.102
325.116
325.105
324.969
324.817
323.499
311.868
310.492
310.442
311.687
323.093
324.302
324.254
324.084
323.864
323.689
323.545
323.433
323.36
323.331
323.338
323.37
323.418
323.476
323.546
323.642
324.888
324.765
324.587
324.372
324.342
323.082
311.363
309.969
309.945
311.303
323.237
324.611
324.525
324.404
324.243
324.126
324.025
323.937
323.868
323.819
323.788
323.77
323.765
323.778
323.812
323.878
324.43
324.15
323.774
323.391
322.676
321.395
311.478
310.249
310.236
311.524
322.397
324.207
325.096
325.17
324.91
324.616
324.384
324.217
324.124
324.074
324.041
324.003
323.967
323.955
324.002
324.121
323.685
323.394
322.912
321.256
303.871
300.783
298.888
298.359
298.367
298.939
301.015
304.47
323.98
325.36
325.07
324.673
324.4
324.222
324.164
324.157
324.18
324.223
324.274
324.329
324.4
324.539
322.887
322.852
322.698
320.936
300.998
297.429
296.403
296.104
296.11
296.435
297.548
301.436
323.273
325.233
325.144
324.869
324.64
324.503
324.46
324.5
324.587
324.685
324.757
324.815
324.869
324.933
322.328
322.573
322.69
321.042
300.427
296.7
295.776
295.532
295.536
295.8
296.79
300.8
323.036
325.107
325.092
324.858
324.643
324.495
324.419
324.407
324.431
324.468
324.5
324.521
324.53
324.55
322.119
322.471
322.708
321.162
300.3
296.52
295.608
295.375
295.379
295.628
296.603
300.649
322.964
325.045
325.022
324.744
324.479
324.284
324.16
324.098
324.078
324.08
324.102
324.126
324.145
324.175
321.986
322.348
322.587
321.067
300.256
296.486
295.58
295.351
295.355
295.6
296.573
300.63
322.996
325.089
325.042
324.752
324.45
324.213
324.047
323.948
323.903
323.897
323.916
323.943
323.973
324.02
321.995
322.268
322.387
320.79
300.253
296.543
295.656
295.432
295.434
295.674
296.639
300.696
323.181
325.373
325.304
324.994
324.64
324.365
324.167
324.037
323.977
323.955
323.961
323.986
324.023
324.08
322.405
322.405
322.242
320.495
300.437
296.862
296.017
295.802
295.799
296.022
296.949
300.942
323.499
325.883
325.849
325.358
324.908
324.603
324.4
324.268
324.191
324.156
324.156
324.183
324.228
324.292
323.117
322.836
322.291
320.407
301.591
298.399
297.653
297.446
297.42
297.59
298.385
302.002
323.674
325.671
325.531
325.173
324.86
324.641
324.497
324.408
324.361
324.35
324.37
324.417
324.481
324.559
323.805
323.442
322.745
321.101
309.361
307.608
307.088
306.835
306.685
306.666
307.023
308.967
322.523
324.172
324.379
324.366
324.339
324.332
324.344
324.369
324.407
324.459
324.528
324.611
324.703
324.796
324.269
323.996
323.364
321.67
310.292
308.774
308.373
308.202
308.119
308.134
308.423
309.946
321.856
323.439
323.817
323.976
324.092
324.201
324.305
324.402
324.495
324.589
324.687
324.791
324.894
324.986
324.512
324.349
323.865
322.202
310.419
308.922
308.564
308.422
308.357
308.377
308.633
310.069
321.989
323.545
323.931
324.107
324.234
324.35
324.459
324.561
324.658
324.754
324.852
324.951
325.04
325.077
324.643
324.542
324.181
322.629
310.588
309.094
308.758
308.631
308.578
308.602
308.844
310.244
322.196
323.701
324.061
324.226
324.349
324.461
324.567
324.669
324.768
324.866
324.964
325.057
325.126
325.116
324.734
324.656
324.378
323.022
311.86
310.486
310.186
310.077
310.034
310.059
310.278
311.555
322.609
323.973
324.289
324.435
324.544
324.642
324.735
324.825
324.914
325.005
325.093
325.167
325.174
324.827
324.803
324.74
324.538
323.509
314.909
313.839
313.607
313.527
313.498
313.52
313.693
314.69
323.233
324.295
324.544
324.661
324.751
324.833
324.911
324.988
325.066
325.145
325.22
325.268
325.185
324.335
324.845
324.801
324.679
324.063
319.063
318.417
318.277
318.233
318.222
318.241
318.357
318.971
323.963
324.622
324.79
324.877
324.948
325.013
325.076
325.14
325.205
325.272
325.334
325.356
325.189
323.905
324.861
324.836
324.786
324.542
322.786
322.529
322.474
322.465
322.47
322.49
322.554
322.818
324.598
324.887
324.982
325.042
325.094
325.145
325.196
325.247
325.301
325.357
325.406
325.41
325.194
323.702
324.861
324.851
324.849
324.836
324.98
324.965
324.968
324.981
324.998
325.017
325.048
325.095
324.991
325.05
325.097
325.138
325.179
325.221
325.264
325.307
325.352
325.398
325.435
325.425
325.191
323.7
324.854
324.853
324.873
324.946
325.63
325.705
325.733
325.758
325.78
325.801
325.817
325.785
325.147
325.123
325.148
325.18
325.215
325.253
325.291
325.33
325.368
325.406
325.435
325.415
325.174
323.692
324.85
324.853
324.878
324.947
325.434
325.505
325.539
325.567
325.591
325.612
325.626
325.6
325.161
325.142
325.164
325.193
325.225
325.26
325.297
325.333
325.368
325.401
325.423
325.398
325.159
323.704
324.851
324.855
324.878
324.921
325.085
325.128
325.158
325.186
325.21
325.232
325.25
325.252
325.137
325.148
325.172
325.2
325.231
325.264
325.299
325.334
325.368
325.398
325.417
325.392
325.173
323.833
324.854
324.859
324.882
324.908
324.9
324.924
324.951
324.977
325.002
325.025
325.047
325.068
325.127
325.157
325.182
325.21
325.239
325.271
325.304
325.338
325.37
325.399
325.418
325.401
325.226
324.148
324.859
324.865
324.889
324.913
324.879
324.898
324.924
324.949
324.974
324.999
325.023
325.051
325.137
325.172
325.197
325.223
325.251
325.281
325.313
325.345
325.376
325.404
325.425
325.42
325.31
324.607
324.864
324.872
324.898
324.926
324.92
324.941
324.966
324.991
325.016
325.042
325.068
325.096
325.156
325.188
325.212
325.237
325.263
325.291
325.321
325.351
325.381
325.409
325.433
325.441
325.395
325.07
324.868
324.878
324.907
324.938
324.956
324.978
325.004
325.028
325.054
325.08
325.108
325.134
325.174
325.204
325.227
325.249
325.274
325.3
325.328
325.357
325.386
325.414
325.439
325.458
325.461
325.403
324.872
324.884
324.915
324.948
324.972
324.995
325.021
325.046
325.071
325.098
325.126
325.153
325.187
325.218
325.24
325.26
325.283
325.308
325.334
325.361
325.389
325.416
325.443
325.468
325.497
325.567
324.876
324.89
324.922
324.956
324.979
325.001
325.027
325.052
325.078
325.105
325.133
325.161
325.198
325.229
325.251
325.271
325.292
325.315
325.34
325.366
325.392
325.419
325.445
325.473
325.51
325.605
324.881
324.897
324.929
324.963
324.983
325.006
325.032
325.058
325.084
325.111
325.139
325.167
325.207
325.239
325.262
325.282
325.301
325.323
325.346
325.37
325.395
325.421
325.448
325.476
325.512
325.589
324.886
324.902
324.935
324.969
324.989
325.011
325.038
325.065
325.092
325.119
325.146
325.174
325.214
325.248
325.271
325.291
325.311
325.331
325.352
325.375
325.399
325.424
325.45
325.478
325.511
325.569
324.891
324.907
324.94
324.972
324.994
325.017
325.045
325.072
325.1
325.127
325.154
325.182
325.221
325.254
325.279
325.3
325.319
325.338
325.359
325.38
325.403
325.428
325.453
325.48
325.511
325.56
324.895
324.911
324.943
324.975
324.998
325.023
325.051
325.079
325.107
325.135
325.162
325.19
325.225
325.258
325.284
325.306
325.326
325.346
325.365
325.386
325.408
325.432
325.456
325.482
325.513
325.56
324.898
324.914
324.945
324.977
325.002
325.029
325.057
325.086
325.115
325.142
325.17
325.197
325.23
325.261
325.288
325.312
325.333
325.353
325.372
325.393
325.414
325.437
325.461
325.487
325.516
325.564
324.904
324.92
324.951
324.982
325.01
325.038
325.067
325.096
325.125
325.153
325.18
325.208
325.239
325.268
325.295
325.32
325.343
325.364
325.384
325.404
325.425
325.448
325.471
325.496
325.524
325.571
324.925
324.944
324.975
325.007
325.036
325.066
325.096
325.125
325.154
325.182
325.21
325.237
325.266
325.295
325.321
325.347
325.371
325.393
325.414
325.435
325.456
325.478
325.501
325.525
325.551
325.594
)
;
        Tnbr            T;
        qrNbr           none;
        qr              none;
        thermalInertia  false;
        thicknessLayers List<scalar> 0();
        kappaLayers     List<scalar> 0();
        kappaMethod     solidThermo;
        kappa           none;
        alphaAni        none;
        alpha           none;
    }
}


// ************************************************************************* //
