/*--------------------------------*- C++ -*----------------------------------*\
| =========                 |                                                 |
| \\      /  F ield         | OpenFOAM: The Open Source CFD Toolbox           |
|  \\    /   O peration     | Version:  v2012                                 |
|   \\  /    A nd           | Website:  www.openfoam.com                      |
|    \\/     M anipulation  |                                                 |
\*---------------------------------------------------------------------------*/
FoamFile
{
    version     2.0;
    format      ascii;
    class       volScalarField;
    location    "400/concrete";
    object      T;
}
// * * * * * * * * * * * * * * * * * * * * * * * * * * * * * * * * * * * * * //

dimensions      [0 0 0 1 0 0 0];


internalField   nonuniform List<scalar> 
1924
(
326.048
326.12
326.187
326.147
326.013
324.78
312.037
310.745
310.637
311.588
322.866
323.709
323.62
323.506
323.388
323.334
323.328
323.358
323.419
323.507
323.615
323.735
323.857
323.976
324.092
324.215
325.974
325.98
325.962
325.822
325.708
324.521
312.065
310.808
310.761
311.893
324.144
325.241
325.154
324.989
324.772
324.599
324.457
324.342
324.261
324.217
324.208
324.225
324.26
324.308
324.367
324.448
325.76
325.624
325.434
325.219
325.271
324.15
311.555
310.268
310.244
311.492
324.326
325.58
325.413
325.288
325.126
325.011
324.916
324.831
324.76
324.707
324.671
324.648
324.637
324.64
324.662
324.713
325.291
324.993
324.601
324.266
323.808
322.687
311.975
310.822
310.806
312.014
323.775
325.468
326.078
326.075
325.769
325.446
325.183
325.005
324.898
324.844
324.824
324.818
324.819
324.824
324.844
324.902
324.522
324.216
323.744
322.252
303.418
300.418
298.581
298.078
298.086
298.632
300.652
304.025
325.086
326.238
325.87
325.483
325.179
324.971
324.873
324.836
324.855
324.909
324.978
325.054
325.132
325.224
323.691
323.662
323.558
322.029
300.633
297.167
296.185
295.9
295.907
296.22
297.292
301.086
324.515
326.23
326.04
325.712
325.428
325.23
325.125
325.093
325.127
325.218
325.364
325.49
325.594
325.707
323.115
323.383
323.57
322.182
300.095
296.477
295.592
295.358
295.363
295.619
296.575
300.483
324.319
326.146
326.029
325.737
325.473
325.28
325.167
325.124
325.135
325.186
325.265
325.358
325.43
325.498
322.912
323.29
323.602
322.325
299.979
296.308
295.433
295.21
295.215
295.457
296.398
300.338
324.256
326.106
325.996
325.67
325.372
325.147
324.998
324.918
324.894
324.907
324.958
325.016
325.067
325.12
322.783
323.172
323.485
322.234
299.942
296.279
295.41
295.191
295.195
295.434
296.373
300.324
324.299
326.185
326.067
325.758
325.44
325.184
324.997
324.878
324.82
324.803
324.819
324.847
324.879
324.923
322.794
323.092
323.282
321.945
299.948
296.342
295.491
295.277
295.281
295.515
296.445
300.397
324.496
326.503
326.381
326.077
325.71
325.413
325.192
325.036
324.955
324.912
324.898
324.904
324.923
324.96
323.226
323.236
323.13
321.629
300.141
296.669
295.859
295.654
295.654
295.872
296.765
300.653
324.822
327.029
327.027
326.463
325.983
325.652
325.427
325.277
325.182
325.128
325.106
325.107
325.127
325.168
323.972
323.686
323.17
321.499
301.297
298.203
297.494
297.301
297.28
297.447
298.21
301.729
325.047
326.81
326.577
326.189
325.853
325.618
325.465
325.37
325.318
325.298
325.304
325.329
325.369
325.427
324.685
324.315
323.633
322.137
309.715
308.122
307.645
307.402
307.251
307.218
307.523
309.295
323.669
325.155
325.313
325.284
325.25
325.241
325.255
325.284
325.325
325.376
325.436
325.502
325.574
325.65
325.166
324.894
324.283
322.712
310.591
309.218
308.861
308.704
308.625
308.632
308.877
310.246
322.917
324.36
324.703
324.858
324.975
325.086
325.194
325.296
325.393
325.489
325.581
325.67
325.755
325.831
325.412
325.256
324.802
323.263
310.675
309.317
309
308.872
308.809
308.818
309.033
310.326
323.054
324.477
324.83
324.999
325.124
325.239
325.348
325.452
325.552
325.649
325.743
325.829
325.902
325.925
325.537
325.447
325.12
323.697
310.807
309.447
309.15
309.035
308.983
308.996
309.199
310.463
323.256
324.63
324.958
325.116
325.236
325.347
325.454
325.558
325.659
325.759
325.855
325.939
325.996
325.972
325.618
325.553
325.308
324.073
312.112
310.858
310.591
310.493
310.45
310.465
310.65
311.806
323.652
324.898
325.185
325.324
325.43
325.527
325.62
325.712
325.804
325.895
325.984
326.055
326.059
325.715
325.677
325.626
325.45
324.517
315.31
314.334
314.127
314.054
314.025
314.04
314.188
315.091
324.239
325.208
325.434
325.547
325.635
325.717
325.795
325.873
325.953
326.034
326.111
326.161
326.089
325.283
325.709
325.674
325.571
325.015
319.686
319.099
318.975
318.935
318.923
318.94
319.041
319.597
324.921
325.521
325.675
325.76
325.83
325.896
325.96
326.025
326.091
326.16
326.224
326.253
326.11
324.912
325.717
325.699
325.659
325.443
323.601
323.372
323.324
323.316
323.322
323.342
323.401
323.641
325.509
325.772
325.861
325.92
325.973
326.026
326.078
326.13
326.186
326.243
326.295
326.307
326.125
324.747
325.709
325.705
325.706
325.701
325.889
325.882
325.886
325.899
325.917
325.939
325.971
326.015
325.87
325.923
325.969
326.011
326.054
326.097
326.141
326.186
326.232
326.279
326.32
326.319
326.121
324.764
325.696
325.7
325.721
325.791
326.545
326.618
326.646
326.67
326.694
326.717
326.737
326.712
326.007
325.986
326.013
326.047
326.084
326.122
326.162
326.202
326.242
326.281
326.313
326.303
326.099
324.754
325.685
325.692
325.718
325.785
326.313
326.382
326.415
326.442
326.468
326.491
326.509
326.49
326.012
325.998
326.021
326.052
326.086
326.122
326.159
326.197
326.233
326.268
326.293
326.277
326.074
324.754
325.678
325.686
325.712
325.754
325.93
325.972
326.003
326.03
326.055
326.079
326.1
326.107
325.982
325.995
326.02
326.05
326.082
326.117
326.153
326.189
326.223
326.254
326.276
326.26
326.074
324.857
325.673
325.683
325.707
325.734
325.726
325.751
325.779
325.805
325.83
325.855
325.88
325.903
325.965
325.995
326.022
326.051
326.081
326.114
326.148
326.183
326.216
326.246
326.267
326.257
326.109
325.13
325.67
325.681
325.706
325.731
325.697
325.718
325.744
325.77
325.796
325.822
325.848
325.877
325.967
326.001
326.028
326.055
326.085
326.116
326.148
326.181
326.213
326.242
326.264
326.264
326.172
325.536
325.668
325.68
325.708
325.736
325.733
325.756
325.782
325.808
325.834
325.861
325.889
325.917
325.978
326.009
326.035
326.061
326.089
326.118
326.149
326.18
326.21
326.239
326.264
326.275
326.238
325.946
325.666
325.68
325.71
325.742
325.764
325.789
325.815
325.841
325.867
325.895
325.923
325.951
325.988
326.018
326.043
326.067
326.093
326.121
326.149
326.179
326.209
326.237
326.263
326.283
326.289
326.24
325.666
325.681
325.713
325.747
325.775
325.801
325.827
325.853
325.88
325.908
325.937
325.964
325.996
326.026
326.05
326.073
326.097
326.123
326.15
326.178
326.207
326.235
326.261
326.287
326.315
326.381
325.666
325.683
325.716
325.75
325.777
325.802
325.829
325.856
325.883
325.911
325.939
325.967
326.002
326.033
326.056
326.078
326.101
326.126
326.152
326.178
326.205
326.232
326.259
326.287
326.322
326.409
325.667
325.686
325.719
325.754
325.777
325.802
325.83
325.857
325.885
325.912
325.941
325.97
326.007
326.039
326.063
326.085
326.106
326.129
326.154
326.179
326.205
326.231
326.258
326.286
326.32
326.391
325.669
325.689
325.722
325.756
325.78
325.805
325.833
325.861
325.889
325.917
325.945
325.974
326.011
326.044
326.069
326.091
326.112
326.134
326.157
326.181
326.206
326.231
326.257
326.285
326.316
326.369
325.672
325.691
325.725
325.758
325.783
325.809
325.838
325.866
325.895
325.923
325.951
325.979
326.016
326.048
326.074
326.097
326.118
326.139
326.161
326.184
326.208
326.232
326.258
326.285
326.315
326.36
325.675
325.694
325.727
325.76
325.786
325.813
325.843
325.872
325.901
325.929
325.957
325.985
326.02
326.051
326.078
326.102
326.124
326.145
326.166
326.188
326.211
326.235
326.26
326.286
326.315
326.359
325.678
325.697
325.73
325.762
325.79
325.819
325.848
325.878
325.907
325.936
325.964
325.992
326.024
326.055
326.082
326.107
326.13
326.151
326.172
326.194
326.216
326.24
326.264
326.29
326.318
326.363
325.684
325.703
325.735
325.768
325.797
325.827
325.857
325.887
325.916
325.945
325.974
326.001
326.032
326.062
326.089
326.115
326.139
326.161
326.182
326.203
326.226
326.249
326.273
326.297
326.325
326.369
325.702
325.724
325.756
325.789
325.82
325.851
325.882
325.912
325.942
325.971
325.999
326.027
326.057
326.085
326.112
326.138
326.163
326.186
326.208
326.23
326.253
326.276
326.299
326.323
326.349
326.39
327.615
327.702
327.786
327.761
327.716
326.855
312.174
311.231
311.13
311.762
324.793
325.265
325.065
324.917
324.777
324.714
324.708
324.741
324.808
324.904
325.022
325.152
325.284
325.413
325.537
325.662
327.553
327.572
327.568
327.432
327.417
326.603
312.274
311.36
311.315
312.112
326.249
326.986
326.783
326.583
326.335
326.144
325.985
325.855
325.762
325.709
325.695
325.709
325.743
325.79
325.849
325.925
327.337
327.203
327.011
326.811
327.06
326.33
311.739
310.771
310.744
311.662
326.519
327.392
327.009
326.835
326.654
326.542
326.449
326.365
326.292
326.235
326.194
326.167
326.153
326.153
326.17
326.213
326.846
326.534
326.133
325.927
326.178
325.503
312.95
312.03
312.008
312.957
326.765
328.076
327.924
327.751
327.37
327.005
326.717
326.524
326.407
326.348
326.326
326.323
326.329
326.336
326.35
326.395
326.017
325.704
325.279
324.293
302.079
299.428
297.809
297.38
297.386
297.853
299.634
302.615
327.477
327.998
327.46
327.023
326.69
326.453
326.358
326.315
326.331
326.388
326.467
326.557
326.648
326.74
325.114
325.117
325.153
324.306
299.604
296.546
295.706
295.463
295.469
295.735
296.653
300
327.041
328.043
327.673
327.29
326.98
326.762
326.645
326.606
326.631
326.723
326.888
327.038
327.156
327.269
324.501
324.831
325.199
324.562
299.145
295.955
295.199
295
295.005
295.222
296.039
299.484
326.893
327.97
327.669
327.32
327.03
326.818
326.695
326.646
326.654
326.706
326.79
326.896
326.975
327.041
324.306
324.746
325.251
324.754
299.047
295.812
295.064
294.875
294.879
295.085
295.889
299.361
326.843
327.934
327.636
327.247
326.919
326.677
326.515
326.427
326.398
326.41
326.465
326.531
326.585
326.636
324.173
324.62
325.124
324.656
299.016
295.787
295.045
294.858
294.862
295.065
295.867
299.349
326.893
328.02
327.711
327.348
327.004
326.73
326.529
326.401
326.337
326.317
326.333
326.361
326.393
326.431
324.176
324.527
324.895
324.319
299.019
295.841
295.114
294.932
294.935
295.134
295.929
299.412
327.102
328.365
328.047
327.704
327.307
326.99
326.752
326.583
326.496
326.448
326.43
326.432
326.448
326.478
324.645
324.675
324.712
323.925
299.183
296.12
295.428
295.254
295.254
295.439
296.202
299.632
327.444
328.962
328.808
328.136
327.608
327.25
327.008
326.847
326.743
326.682
326.655
326.653
326.669
326.702
325.464
325.162
324.719
323.661
300.207
297.476
296.87
296.706
296.687
296.828
297.479
300.588
327.684
328.732
328.29
327.833
327.46
327.204
327.039
326.936
326.879
326.856
326.86
326.884
326.923
326.976
326.236
325.843
325.188
324.088
310.113
308.931
308.534
308.295
308.124
308.046
308.229
309.54
325.78
326.808
326.861
326.81
326.774
326.77
326.789
326.823
326.869
326.926
326.989
327.059
327.133
327.209
326.745
326.467
325.892
324.648
310.779
309.771
309.49
309.348
309.265
309.25
309.407
310.383
324.854
325.927
326.2
326.35
326.476
326.599
326.718
326.83
326.937
327.04
327.139
327.233
327.323
327.401
326.992
326.846
326.45
325.245
310.776
309.78
309.537
309.423
309.357
309.344
309.477
310.393
325.022
326.086
326.37
326.528
326.657
326.778
326.894
327.004
327.11
327.213
327.312
327.403
327.483
327.514
327.111
327.037
326.781
325.708
310.835
309.832
309.607
309.506
309.45
309.444
309.569
310.466
325.224
326.244
326.502
326.649
326.772
326.888
327.002
327.112
327.22
327.326
327.428
327.519
327.588
327.576
327.186
327.139
326.962
326.056
312.221
311.291
311.089
311.002
310.957
310.955
311.07
311.894
325.597
326.519
326.743
326.872
326.98
327.081
327.179
327.277
327.374
327.472
327.567
327.649
327.681
327.402
327.24
327.207
327.086
326.412
315.774
315.05
314.893
314.829
314.799
314.801
314.894
315.539
326.11
326.828
327.004
327.108
327.198
327.283
327.366
327.448
327.533
327.619
327.704
327.77
327.748
327.123
327.269
327.25
327.182
326.786
320.677
320.245
320.153
320.119
320.108
320.116
320.184
320.582
326.685
327.131
327.254
327.334
327.406
327.475
327.543
327.611
327.681
327.755
327.827
327.876
327.803
326.89
327.273
327.268
327.246
327.097
325.049
324.885
324.854
324.85
324.857
324.874
324.918
325.094
327.171
327.37
327.445
327.503
327.558
327.613
327.668
327.723
327.782
327.843
327.904
327.938
327.836
326.804
327.262
327.268
327.277
327.28
327.568
327.569
327.579
327.595
327.615
327.637
327.666
327.705
327.464
327.51
327.555
327.598
327.642
327.688
327.734
327.781
327.83
327.881
327.929
327.951
327.837
326.861
327.248
327.26
327.283
327.341
328.247
328.308
328.337
328.363
328.388
328.413
328.436
328.427
327.573
327.567
327.597
327.633
327.671
327.712
327.754
327.796
327.839
327.882
327.921
327.932
327.813
326.854
327.235
327.251
327.278
327.334
327.948
328.007
328.039
328.068
328.095
328.12
328.142
328.137
327.576
327.576
327.603
327.636
327.671
327.71
327.75
327.789
327.828
327.866
327.897
327.902
327.78
326.84
327.227
327.244
327.271
327.31
327.504
327.543
327.574
327.602
327.629
327.655
327.679
327.692
327.553
327.572
327.601
327.632
327.666
327.703
327.741
327.779
327.816
327.85
327.878
327.88
327.767
326.9
327.221
327.239
327.267
327.296
327.277
327.304
327.332
327.36
327.387
327.414
327.44
327.465
327.541
327.572
327.601
327.632
327.665
327.699
327.736
327.772
327.808
327.84
327.866
327.871
327.783
327.086
327.217
327.237
327.266
327.294
327.249
327.273
327.301
327.328
327.355
327.383
327.412
327.441
327.544
327.578
327.607
327.636
327.667
327.7
327.734
327.769
327.803
327.835
327.861
327.872
327.82
327.372
327.214
327.235
327.266
327.298
327.292
327.318
327.346
327.373
327.4
327.429
327.459
327.488
327.554
327.587
327.614
327.642
327.671
327.702
327.734
327.767
327.8
327.831
327.858
327.876
327.862
327.661
327.212
327.235
327.268
327.303
327.326
327.353
327.381
327.409
327.437
327.466
327.496
327.525
327.564
327.596
327.621
327.647
327.675
327.704
327.735
327.766
327.797
327.828
327.856
327.88
327.893
327.867
327.211
327.235
327.27
327.307
327.338
327.365
327.393
327.421
327.449
327.479
327.509
327.539
327.571
327.603
327.628
327.652
327.678
327.706
327.735
327.765
327.795
327.824
327.853
327.88
327.908
327.964
327.211
327.237
327.273
327.311
327.339
327.365
327.394
327.422
327.451
327.481
327.511
327.541
327.577
327.61
327.635
327.658
327.683
327.709
327.736
327.764
327.793
327.822
327.85
327.879
327.912
327.983
327.212
327.239
327.276
327.314
327.339
327.365
327.395
327.424
327.453
327.482
327.513
327.542
327.582
327.616
327.641
327.664
327.688
327.712
327.738
327.765
327.792
327.82
327.848
327.877
327.91
327.968
327.214
327.242
327.28
327.317
327.341
327.368
327.398
327.428
327.457
327.487
327.517
327.547
327.587
327.621
327.647
327.671
327.693
327.717
327.741
327.767
327.793
327.82
327.847
327.876
327.907
327.952
327.217
327.246
327.283
327.319
327.345
327.372
327.403
327.433
327.463
327.493
327.523
327.553
327.591
327.625
327.653
327.677
327.7
327.722
327.745
327.77
327.795
327.821
327.848
327.876
327.906
327.946
327.22
327.249
327.285
327.321
327.348
327.377
327.408
327.44
327.47
327.5
327.53
327.559
327.596
327.629
327.658
327.683
327.706
327.728
327.751
327.774
327.799
327.824
327.851
327.878
327.907
327.946
327.224
327.252
327.288
327.323
327.352
327.383
327.414
327.446
327.477
327.507
327.537
327.566
327.601
327.633
327.662
327.688
327.713
327.735
327.757
327.78
327.804
327.829
327.855
327.881
327.91
327.949
327.229
327.257
327.292
327.327
327.358
327.39
327.422
327.454
327.485
327.516
327.546
327.575
327.608
327.639
327.668
327.695
327.72
327.744
327.767
327.789
327.813
327.838
327.863
327.889
327.916
327.955
327.242
327.271
327.307
327.342
327.375
327.407
327.44
327.472
327.504
327.535
327.565
327.594
327.625
327.655
327.684
327.712
327.738
327.763
327.786
327.81
327.833
327.858
327.882
327.907
327.934
327.97
)
;

boundaryField
{
    concrete_to_air
    {
        type            compressible::turbulentTemperatureRadCoupledMixed;
        refValue        nonuniform List<scalar> 
898
(
313.31
313.356
313.384
313.392
313.416
313.437
313.205
312.905
312.58
312.301
312.261
312.236
312.22
312.213
312.211
312.215
312.223
312.233
312.246
312.261
312.278
312.295
312.313
312.332
312.351
312.37
313.258
313.26
313.224
313.165
313.167
313.194
313.04
312.9
312.761
312.631
312.699
312.76
312.802
312.824
312.827
312.812
312.783
312.746
312.708
312.671
312.641
312.617
312.6
312.589
312.584
312.584
313.118
313.052
312.945
312.848
312.872
312.921
312.748
312.595
312.467
312.365
312.503
312.633
312.74
312.829
312.9
312.952
312.983
312.991
312.981
312.958
312.93
312.901
312.874
312.851
312.834
312.823
312.85
312.736
312.609
312.567
312.676
312.811
312.601
312.412
312.27
312.186
312.542
312.864
313.111
313.266
313.351
313.382
313.379
313.354
313.316
313.272
313.227
313.185
313.146
313.114
313.089
313.073
312.484
312.401
312.348
312.436
313.876
313.585
313.374
313.258
313.2
313.187
313.229
313.265
313.294
313.307
313.312
313.316
313.325
313.341
312.134
312.145
312.216
312.447
313.512
313.175
312.979
312.87
312.814
312.796
312.806
312.829
312.863
312.913
312.965
313.003
313.025
313.032
311.87
311.97
312.141
312.512
313.323
312.937
312.728
312.598
312.511
312.454
312.424
312.414
312.417
312.427
312.443
312.467
312.488
312.504
311.656
311.803
312.036
312.513
313.212
312.811
312.592
312.436
312.33
312.255
312.204
312.173
312.16
312.158
312.17
312.189
312.208
312.226
311.459
311.623
311.874
312.386
313.195
312.771
312.549
312.42
312.31
312.222
312.155
312.11
312.088
312.078
312.082
312.092
312.106
312.122
311.433
311.581
311.801
312.244
313.299
312.893
312.656
312.555
312.421
312.313
312.232
312.171
312.145
312.131
312.127
312.132
312.144
312.16
311.592
311.66
311.788
312.107
313.536
313.264
313.081
312.762
312.559
312.432
312.352
312.303
312.275
312.263
312.262
312.271
312.287
312.31
311.87
311.852
311.866
312.051
313.67
313.173
312.832
312.625
312.49
312.416
312.38
312.37
312.375
312.39
312.414
312.444
312.481
312.524
312.161
312.11
312.05
312.089
311.909
311.696
311.482
311.279
311.094
310.933
310.808
310.762
311.264
311.571
311.78
311.937
312.062
312.167
312.257
312.338
312.412
312.483
312.552
312.621
312.692
312.763
312.407
312.381
312.317
312.27
312.082
311.914
311.764
311.633
311.518
311.419
311.336
311.276
311.482
311.669
311.835
311.984
312.119
312.244
312.359
312.468
312.57
312.668
312.764
312.859
312.951
313.034
312.608
312.619
312.592
312.541
312.34
312.169
312.021
311.892
311.78
311.681
311.596
311.532
311.701
311.867
312.025
312.174
312.315
312.449
312.576
312.697
312.812
312.923
313.03
313.134
313.227
313.282
312.805
312.837
312.845
312.826
312.63
312.456
312.303
312.17
312.054
311.951
311.863
311.795
311.943
312.096
312.245
312.391
312.532
312.669
312.802
312.93
313.053
313.171
313.285
313.388
313.463
313.438
313.004
313.042
313.069
313.079
312.912
312.758
312.62
312.498
312.392
312.298
312.218
312.157
312.292
312.432
312.572
312.71
312.845
312.976
313.104
313.226
313.344
313.457
313.56
313.641
313.668
313.486
313.169
313.212
313.251
313.28
313.168
313.06
312.962
312.876
312.802
312.74
312.689
312.655
312.77
312.891
313.013
313.133
313.251
313.366
313.477
313.583
313.685
313.781
313.867
313.926
313.918
313.671
313.266
313.317
313.365
313.409
313.368
313.326
313.288
313.256
313.233
313.217
313.211
313.216
313.307
313.402
313.497
313.592
313.684
313.774
313.86
313.943
314.022
314.097
314.164
314.203
314.172
313.885
313.296
313.354
313.411
313.465
313.488
313.507
313.527
313.548
313.573
313.602
313.636
313.676
313.745
313.816
313.887
313.957
314.025
314.092
314.156
314.218
314.278
314.334
314.387
314.417
314.38
314.094
313.288
313.35
313.411
313.471
313.531
313.589
313.645
313.7
313.756
313.812
313.87
313.929
313.985
314.041
314.096
314.15
314.203
314.255
314.305
314.355
314.403
314.449
314.494
314.536
314.551
314.469
313.272
313.334
313.396
313.457
313.528
313.598
313.667
313.734
313.799
313.865
313.929
313.992
314.043
314.093
314.142
314.191
314.238
314.284
314.33
314.374
314.418
314.461
314.503
314.544
314.578
314.575
313.259
313.321
313.382
313.443
313.51
313.577
313.643
313.708
313.772
313.835
313.896
313.956
314.007
314.057
314.105
314.153
314.2
314.246
314.292
314.336
314.38
314.422
314.464
314.505
314.544
314.571
313.253
313.313
313.373
313.433
313.494
313.555
313.615
313.675
313.733
313.791
313.847
313.903
313.955
314.006
314.056
314.105
314.153
314.2
314.246
314.292
314.336
314.38
314.423
314.465
314.505
314.536
313.249
313.309
313.368
313.427
313.484
313.541
313.597
313.653
313.708
313.763
313.817
313.869
313.922
313.973
314.024
314.073
314.122
314.17
314.217
314.263
314.308
314.352
314.396
314.438
314.479
314.512
313.245
313.305
313.364
313.422
313.478
313.534
313.589
313.644
313.698
313.751
313.804
313.856
313.908
313.959
314.01
314.059
314.108
314.156
314.203
314.249
314.294
314.339
314.383
314.426
314.467
314.503
313.242
313.301
313.36
313.417
313.474
313.53
313.585
313.639
313.693
313.747
313.799
313.851
313.902
313.953
314.003
314.053
314.101
314.149
314.195
314.241
314.287
314.331
314.375
314.418
314.46
314.499
313.239
313.298
313.356
313.414
313.47
313.526
313.581
313.636
313.69
313.743
313.795
313.847
313.898
313.949
313.998
314.047
314.095
314.143
314.189
314.235
314.28
314.325
314.369
314.412
314.454
314.496
313.236
313.295
313.353
313.41
313.467
313.522
313.577
313.632
313.685
313.738
313.79
313.842
313.893
313.943
313.993
314.041
314.089
314.137
314.183
314.229
314.274
314.318
314.362
314.405
314.448
314.49
313.234
313.293
313.35
313.407
313.464
313.519
313.574
313.628
313.681
313.734
313.786
313.837
313.888
313.938
313.987
314.036
314.084
314.131
314.177
314.223
314.268
314.312
314.356
314.399
314.442
314.485
313.232
313.291
313.348
313.405
313.461
313.516
313.571
313.624
313.678
313.73
313.782
313.833
313.883
313.933
313.983
314.031
314.079
314.126
314.172
314.218
314.263
314.307
314.351
314.394
314.437
314.479
313.231
313.289
313.346
313.403
313.459
313.514
313.568
313.622
313.675
313.727
313.779
313.829
313.88
313.93
313.979
314.027
314.075
314.122
314.168
314.214
314.259
314.303
314.347
314.39
314.432
314.475
313.229
313.287
313.345
313.401
313.457
313.512
313.566
313.619
313.672
313.724
313.776
313.827
313.877
313.927
313.976
314.024
314.072
314.118
314.165
314.21
314.255
314.299
314.343
314.386
314.429
314.471
313.228
313.286
313.343
313.4
313.455
313.51
313.564
313.618
313.67
313.722
313.774
313.824
313.874
313.924
313.973
314.021
314.069
314.116
314.162
314.207
314.252
314.296
314.34
314.383
314.426
314.468
313.227
313.285
313.342
313.398
313.454
313.509
313.563
313.616
313.669
313.72
313.772
313.822
313.872
313.922
313.971
314.019
314.066
314.113
314.159
314.205
314.249
314.294
314.337
314.38
314.423
314.465
313.226
313.284
313.341
313.397
313.453
313.507
313.561
313.615
313.667
313.719
313.77
313.821
313.871
313.92
313.969
314.017
314.064
314.111
314.157
314.203
314.248
314.292
314.335
314.379
314.421
314.463
313.226
313.283
313.341
313.397
313.452
313.507
313.561
313.614
313.667
313.719
313.77
313.82
313.87
313.92
313.968
314.016
314.064
314.111
314.157
314.202
314.247
314.291
314.335
314.378
314.421
314.463
)
;
        refGradient     nonuniform List<scalar> 
898
(
58.2807
58.6663
59.4302
60.4267
62.1393
65.7727
-3.33692
-0.117036
0.357206
-1.59142
76.0863
74.5319
73.8781
73.6919
73.0749
72.5346
71.9879
71.4032
70.8042
70.2319
69.6924
69.165
68.6318
68.0889
67.542
66.9824
58.4808
59.2517
60.8393
62.9072
65.4413
69.1283
-1.63348
1.22491
1.5639
-0.684564
71.25
68.2532
66.5185
65.9895
65.5407
65.5763
65.8149
66.0981
66.3598
66.5716
66.7027
66.7252
66.6291
66.4261
66.1357
65.7575
59.1759
60.4839
63.1179
66.3036
70.7524
74.1859
-3.27804
-0.951341
-0.558898
-2.32281
74.3851
70.5969
66.1911
64.7884
63.8838
63.6311
63.63
63.7637
63.9788
64.2301
64.4612
64.6267
64.6993
64.6649
64.5316
64.3063
61.2326
63.0896
66.2443
69.6015
82.4905
85.1829
13.4207
14.6437
14.899
13.8263
80.7986
75.803
61.1426
59.4475
59.9014
61.0398
62.1051
62.8531
63.2746
63.475
63.5717
63.6662
63.764
63.7973
63.6385
63.2557
64.6739
66.14
68.1005
71.7955
57.834
55.9214
58.5065
60.6205
62.1063
62.9684
63.5856
63.7564
63.5709
63.2246
62.8722
62.602
62.4017
62.0721
69.1715
69.1973
69.0141
71.5339
60.0694
56.2978
57.7758
59.3809
60.7326
61.6872
62.18
62.4131
62.1799
61.6195
60.7597
60.1697
59.6141
58.9775
71.934
70.3611
68.5619
70.0061
60.4893
56.6001
57.7476
59.1554
60.3914
61.3073
61.8548
62.0781
62.0267
61.7647
61.3532
60.8409
60.4456
60.1003
72.6128
70.5568
68.1184
68.8553
60.5201
56.6965
57.8429
59.4807
60.9422
62.0534
62.7958
63.1875
63.2882
63.2146
62.9336
62.6269
62.3727
62.1467
73.0767
71.0104
68.5653
69.1387
60.1495
56.1545
57.3713
58.8969
60.469
61.7637
62.7147
63.3061
63.5749
63.6475
63.5621
63.4424
63.3092
63.1561
72.9955
71.3762
69.5567
70.6342
59.0606
54.2484
55.5475
57.003
58.8815
60.4176
61.5666
62.3643
62.7413
62.9461
63.0388
63.0547
63.0126
62.9226
70.7796
70.6831
70.4291
72.5177
57.2679
50.7816
51.2909
54.6016
57.2368
59.003
60.1934
60.9597
61.4328
61.7151
61.8654
61.9155
61.8875
61.808
66.8739
68.398
70.5339
74.0498
55.634
51.6815
53.8638
56.0608
57.8689
59.1247
59.9358
60.4204
60.6808
60.793
60.8017
60.73
60.597
60.4358
63.2582
65.181
68.1918
71.8935
-3.10073
-0.289483
0.589801
1.18997
1.69584
2.04331
1.84815
-1.31537
63.6818
60.9181
60.9151
61.1487
61.2771
61.272
61.157
60.9627
60.7194
60.4502
60.1652
59.8662
59.5598
59.2797
60.81
62.1444
64.714
69.2894
-4.22902
-1.62991
-1.02785
-0.723181
-0.489702
-0.333934
-0.509332
-2.98499
68.2279
64.9683
63.9593
63.2786
62.6583
62.066
61.4921
60.9357
60.4059
59.9121
59.4563
59.0354
58.6548
58.3563
59.6401
60.316
62.0093
66.4998
-5.96794
-3.24136
-2.63717
-2.36449
-2.15796
-2.01833
-2.21379
-4.71415
67.383
63.9703
62.9078
62.2388
61.6569
61.1126
60.5876
60.0716
59.5695
59.092
58.648
58.247
57.9155
57.8119
59.1308
59.4296
60.443
64.3333
-7.37341
-4.57132
-3.96927
-3.7272
-3.54855
-3.43082
-3.65549
-6.18316
66.5159
63.2051
62.2438
61.6645
61.1461
60.6376
60.1289
59.6185
59.1123
58.6201
58.1536
57.7404
57.4404
57.538
58.8818
59.0234
59.6624
62.8565
-2.67633
-0.0297661
0.551486
0.78161
0.943145
1.03656
0.797312
-1.59454
64.9613
61.9403
61.1051
60.6297
60.2062
59.7766
59.3339
58.8814
58.4242
57.9686
57.5313
57.1649
57.0325
58.242
58.7459
58.8118
59.2112
61.5456
12.0258
14.1681
14.6724
14.8839
15.0177
15.0697
14.834
12.8707
62.9694
60.5972
59.9315
59.5509
59.2091
58.8522
58.4738
58.0805
57.6782
57.2709
56.8755
56.5694
56.6321
59.0633
58.7058
58.7168
58.9188
60.2722
32.7652
34.1097
34.448
34.5915
34.6633
34.6561
34.4453
33.1514
60.8078
59.304
58.8213
58.5165
58.2366
57.9421
57.6262
57.295
56.9546
56.6085
56.2706
56.0365
56.2823
59.7098
58.7401
58.7054
58.7468
59.2411
50.8593
51.3901
51.5257
51.5676
51.5588
51.4918
51.3169
50.6989
58.9821
58.2841
57.9734
57.7378
57.5115
57.2719
57.0123
56.7363
56.4503
56.1601
55.8796
55.7056
56.0524
59.8685
58.8079
58.7406
58.6765
58.6415
60.7201
60.7062
60.6862
60.6432
60.5714
60.4647
60.321
60.1479
57.8699
57.6757
57.4788
57.2893
57.0982
56.8964
56.6782
56.4441
56.2008
55.9586
55.7375
55.6164
55.9811
59.3782
58.8709
58.7838
58.6688
58.4415
62.8339
62.6127
62.5162
62.4268
62.3224
62.1987
62.071
62.0551
57.4322
57.4183
57.2729
57.1089
56.9395
56.7633
56.5754
56.3732
56.1606
55.9486
55.7616
55.6813
56.0659
59.3678
58.9141
58.8167
58.6865
58.4667
61.1205
60.9052
60.7912
60.6869
60.5741
60.4498
60.3273
60.2919
57.3992
57.3714
57.2353
57.0806
56.9209
56.7579
56.5886
56.4092
56.2207
56.033
55.8721
55.8173
56.2091
59.439
58.94
58.837
58.7061
58.5469
59.1079
58.955
58.844
58.7356
58.6218
58.5011
58.3781
58.2785
57.4719
57.379
57.2369
57.0852
56.9307
56.7755
56.6186
56.4564
56.2877
56.1195
55.9748
55.926
56.2846
59.2662
58.9558
58.849
58.7192
58.5991
58.1833
58.0677
57.9575
57.8441
57.7281
57.6097
57.4862
57.3468
57.5106
57.3763
57.2286
57.0791
56.9291
56.7796
56.6311
56.4817
56.3293
56.1775
56.044
55.988
56.263
58.6598
58.9662
58.8563
58.7261
58.6147
58.1243
58.0114
57.8948
57.7732
57.6522
57.533
57.4096
57.2611
57.4942
57.3504
57.2006
57.0529
56.907
56.7623
56.6198
56.4793
56.3391
56.2
56.0732
56.0004
56.153
57.6969
58.9734
58.8615
58.7302
58.6137
58.3244
58.1984
58.0725
57.9426
57.8158
57.6942
57.5711
57.4281
57.457
57.3193
57.1697
57.023
56.8804
56.7399
56.6021
56.4679
56.3363
56.2068
56.0846
55.9933
56.0215
56.71
58.9789
58.8663
58.7343
58.6117
58.454
58.3142
58.1801
58.0439
57.9123
57.7875
57.6641
57.5273
57.4229
57.2933
57.1442
56.9973
56.8561
56.7187
56.5847
56.4547
56.3285
56.2053
56.0863
55.9809
55.9164
55.9991
58.9842
58.8721
58.7397
58.6133
58.4773
58.3278
58.1881
58.0484
57.9134
57.7854
57.6606
57.5267
57.3992
57.2756
57.1277
56.9801
56.8389
56.7033
56.5721
56.4452
56.3223
56.2029
56.0866
55.9747
55.863
55.6645
58.9907
58.8799
58.7468
58.6171
58.4588
58.303
58.16
58.0187
57.8816
57.7505
57.6235
57.49
57.3828
57.2635
57.1179
56.9703
56.8283
56.6927
56.5629
56.4378
56.3167
56.1994
56.0856
55.9735
55.85
55.6039
59.0002
58.8906
58.7557
58.6218
58.4444
58.2846
58.1397
57.9979
57.8595
57.7259
57.5964
57.4621
57.3712
57.2555
57.1137
56.9675
56.8249
56.6883
56.5584
56.4339
56.3137
56.1979
56.0865
55.9774
55.8591
55.6593
59.0142
58.9048
58.767
58.6278
58.4446
58.2824
58.1367
57.9948
57.8557
57.7201
57.5884
57.4532
57.3645
57.2513
57.1142
56.9713
56.8292
56.6914
56.5601
56.4351
56.3154
56.2007
56.0911
55.9851
55.8744
55.7215
59.033
58.9227
58.7808
58.6359
58.4547
58.2921
58.1459
58.0041
57.8646
57.7279
57.5944
57.4587
57.3641
57.2516
57.1194
56.981
56.8411
56.7029
56.5701
56.444
56.3243
56.2105
56.1021
55.9977
55.891
55.7579
59.0552
58.9425
58.796
58.6457
58.4692
58.3076
58.1611
58.0192
57.8795
57.7423
57.6078
57.472
57.3691
57.2555
57.1274
56.9942
56.8579
56.7208
56.5873
56.4602
56.3404
56.227
56.1191
56.0147
55.9083
55.7757
59.0766
58.9601
58.8088
58.6541
58.4827
58.3232
58.1765
58.0342
57.8944
57.757
57.6221
57.4866
57.3757
57.2594
57.1341
57.0055
56.8736
56.7393
56.6066
56.4794
56.3595
56.2463
56.1382
56.0329
55.9249
55.7874
59.0893
58.9669
58.8111
58.6529
58.4865
58.3294
58.1823
58.0395
57.8994
57.7619
57.627
57.4922
57.374
57.2541
57.1301
57.005
56.8774
56.747
56.6167
56.4906
56.3709
56.2577
56.149
56.0424
55.9328
55.7925
59.0666
58.9328
58.772
58.611
58.4489
58.2938
58.1461
58.0025
57.8619
57.7243
57.5892
57.4553
57.3309
57.2072
57.0833
56.9601
56.8359
56.7097
56.583
56.4591
56.3404
56.2269
56.1175
56.01
55.9003
55.7647
)
;
        valueFraction   nonuniform List<scalar> 
898
(
0.123978
0.124191
0.125218
0.127516
0.129357
0.130581
0.137447
0.144717
0.156322
0.166996
0.169831
0.175698
0.179722
0.181937
0.182726
0.182387
0.181192
0.179351
0.177035
0.174409
0.171621
0.168758
0.165901
0.163114
0.160446
0.157931
0.12417
0.125499
0.12884
0.134499
0.137705
0.139164
0.144513
0.14483
0.145508
0.146412
0.142479
0.143438
0.144769
0.146419
0.148461
0.150745
0.153092
0.155197
0.156824
0.157843
0.158232
0.158039
0.157358
0.156294
0.154957
0.15344
0.126463
0.13013
0.13748
0.145932
0.148688
0.148768
0.153129
0.152215
0.151143
0.150018
0.143945
0.143273
0.143253
0.143363
0.143701
0.144281
0.145132
0.146215
0.147391
0.148486
0.149358
0.149911
0.150099
0.14992
0.149407
0.148608
0.133964
0.140639
0.1514
0.157354
0.159927
0.157233
0.156468
0.150165
0.143854
0.138027
0.128435
0.123617
0.119289
0.122355
0.129067
0.136328
0.142317
0.146084
0.14816
0.149105
0.149405
0.14932
0.148972
0.148405
0.14763
0.146647
0.148331
0.154396
0.161579
0.160089
0.0960085
0.111352
0.125408
0.134748
0.142086
0.147014
0.149433
0.150721
0.15057
0.149398
0.147789
0.146021
0.14415
0.142151
0.167211
0.166402
0.161736
0.150426
0.0980847
0.108048
0.118198
0.125608
0.131651
0.136164
0.138814
0.140019
0.139833
0.137876
0.134406
0.131206
0.128481
0.125999
0.179094
0.17066
0.158263
0.14071
0.0973954
0.107564
0.116415
0.122846
0.128077
0.131977
0.134344
0.135352
0.135242
0.134221
0.132538
0.130228
0.128564
0.127448
0.180237
0.16998
0.155008
0.134096
0.0967452
0.107213
0.115986
0.1233
0.129251
0.133715
0.13674
0.138363
0.138854
0.138622
0.137451
0.136148
0.135119
0.13438
0.180847
0.170845
0.156129
0.134851
0.095253
0.105005
0.114038
0.120728
0.126924
0.131934
0.135659
0.138007
0.139145
0.139511
0.139191
0.138756
0.138311
0.137922
0.180638
0.172773
0.160941
0.14239
0.0914674
0.0983582
0.107694
0.113655
0.120752
0.126512
0.130923
0.134079
0.135613
0.13653
0.136997
0.13717
0.137161
0.137069
0.170661
0.170233
0.165874
0.152789
0.085749
0.0865652
0.0918648
0.105007
0.114802
0.121388
0.125914
0.128932
0.130908
0.132152
0.132868
0.133209
0.1333
0.133267
0.153421
0.1604
0.168062
0.16418
0.0799544
0.0895322
0.101601
0.110311
0.117276
0.122165
0.125436
0.127521
0.128761
0.129401
0.129614
0.129534
0.129273
0.128967
0.138525
0.14687
0.159087
0.163979
0.172391
0.168585
0.160527
0.150426
0.139556
0.129355
0.121462
0.118746
0.116594
0.121727
0.125775
0.128375
0.129835
0.130473
0.13055
0.130252
0.129706
0.128996
0.128178
0.127315
0.126466
0.125772
0.129617
0.135018
0.144523
0.153708
0.161866
0.161402
0.159214
0.156457
0.153693
0.151291
0.149401
0.147805
0.142026
0.14102
0.139813
0.138281
0.136542
0.134729
0.132938
0.131225
0.129613
0.128107
0.126708
0.125439
0.124337
0.123601
0.126369
0.128914
0.134118
0.141583
0.150833
0.152693
0.152854
0.15207
0.15075
0.149171
0.147487
0.145634
0.139007
0.137364
0.135932
0.134524
0.13311
0.131691
0.130285
0.128902
0.127552
0.126244
0.124993
0.123841
0.122846
0.122413
0.125878
0.126883
0.129158
0.133196
0.141421
0.143699
0.144862
0.145291
0.145197
0.144744
0.144039
0.143019
0.137063
0.135934
0.13489
0.133774
0.132576
0.131312
0.130003
0.128669
0.127325
0.125982
0.12465
0.123376
0.122222
0.122148
0.126349
0.126757
0.127739
0.129653
0.136089
0.137818
0.138946
0.139623
0.139917
0.139897
0.139616
0.138988
0.133819
0.133021
0.132286
0.131475
0.130579
0.129605
0.128561
0.127455
0.12629
0.125064
0.123765
0.122422
0.121077
0.122323
0.126954
0.127138
0.127614
0.128558
0.13301
0.134058
0.134811
0.135335
0.135638
0.135735
0.135641
0.135273
0.131433
0.130895
0.130379
0.129778
0.129081
0.128293
0.127418
0.126458
0.125411
0.124269
0.123009
0.121642
0.120204
0.121666
0.12747
0.12755
0.127806
0.128311
0.130829
0.131437
0.1319
0.132243
0.132452
0.132524
0.132457
0.132195
0.129919
0.129484
0.129031
0.128498
0.127882
0.127185
0.126408
0.12555
0.124604
0.123557
0.122386
0.121085
0.119688
0.121128
0.127854
0.127862
0.127986
0.128243
0.129192
0.129522
0.129788
0.129984
0.130094
0.130113
0.130034
0.129836
0.12893
0.128579
0.128181
0.127712
0.127169
0.126554
0.125865
0.125099
0.12425
0.123306
0.122249
0.121063
0.119756
0.120796
0.128135
0.128084
0.128115
0.128218
0.128263
0.128427
0.128571
0.128671
0.128715
0.128693
0.128599
0.128433
0.128302
0.127997
0.127628
0.127194
0.126697
0.126139
0.125521
0.124842
0.124101
0.123298
0.122436
0.121549
0.120693
0.120366
0.128338
0.128236
0.128195
0.128198
0.127948
0.128002
0.128054
0.128078
0.128063
0.127999
0.127883
0.127719
0.127786
0.127508
0.127169
0.126777
0.126333
0.12584
0.125297
0.124708
0.124075
0.123401
0.122698
0.122003
0.121387
0.12113
0.128484
0.128339
0.128243
0.12818
0.127959
0.12794
0.127923
0.127889
0.127828
0.127733
0.127598
0.127426
0.127395
0.127131
0.126817
0.126459
0.126059
0.125618
0.12514
0.124629
0.12409
0.123532
0.122973
0.122446
0.122014
0.121904
0.128587
0.128406
0.128265
0.128154
0.128017
0.127943
0.127871
0.127789
0.127689
0.127564
0.127408
0.127222
0.127051
0.126792
0.126498
0.126169
0.125806
0.125413
0.124991
0.124547
0.124086
0.123619
0.123161
0.12274
0.122407
0.12235
0.128659
0.128447
0.128269
0.128119
0.128007
0.127891
0.127778
0.127659
0.127528
0.127379
0.127208
0.127012
0.126772
0.12652
0.126241
0.125936
0.125604
0.125249
0.124873
0.124482
0.124083
0.123685
0.123303
0.122957
0.122686
0.12263
0.128707
0.128469
0.12826
0.128077
0.127938
0.127787
0.12764
0.127491
0.127335
0.127166
0.126981
0.126777
0.126528
0.126281
0.126014
0.125727
0.125419
0.125095
0.124756
0.124407
0.124055
0.123708
0.123378
0.12308
0.122839
0.122745
0.128736
0.128476
0.128243
0.128032
0.127851
0.127672
0.127498
0.127326
0.12715
0.126965
0.126769
0.12656
0.126323
0.126081
0.125825
0.125553
0.125267
0.124967
0.124658
0.124344
0.124029
0.123721
0.123429
0.123163
0.122939
0.122799
0.128752
0.128474
0.128219
0.127985
0.127772
0.12757
0.127375
0.127183
0.12699
0.126792
0.126587
0.126373
0.126144
0.125906
0.125658
0.125398
0.125128
0.124849
0.124563
0.124275
0.123989
0.12371
0.123445
0.123201
0.122986
0.122812
0.128758
0.128464
0.128191
0.127939
0.127705
0.127484
0.127272
0.127064
0.126858
0.126649
0.126436
0.126217
0.12599
0.125755
0.125514
0.125265
0.125008
0.124745
0.124479
0.124212
0.123948
0.123691
0.123447
0.123219
0.123011
0.122823
0.128756
0.128448
0.128161
0.127893
0.127645
0.127409
0.127182
0.126961
0.126743
0.126526
0.126306
0.126083
0.125854
0.125621
0.125385
0.125144
0.124898
0.124648
0.124397
0.124146
0.123899
0.123659
0.123429
0.123213
0.123012
0.122821
0.128749
0.128429
0.12813
0.12785
0.127589
0.127341
0.127102
0.12687
0.126642
0.126417
0.126192
0.125966
0.125735
0.125503
0.125271
0.125036
0.124799
0.12456
0.124321
0.124083
0.123849
0.123621
0.123402
0.123195
0.122999
0.122813
0.128737
0.128408
0.128099
0.127808
0.127537
0.127278
0.127029
0.126787
0.126552
0.12632
0.12609
0.125862
0.125629
0.125398
0.125168
0.124938
0.124707
0.124477
0.124247
0.124019
0.123795
0.123577
0.123366
0.123164
0.122973
0.12279
0.128723
0.128386
0.128067
0.127768
0.127487
0.12722
0.126962
0.126712
0.12647
0.126233
0.125999
0.125768
0.125535
0.125305
0.125077
0.12485
0.124624
0.1244
0.124177
0.123957
0.12374
0.123529
0.123325
0.123128
0.12294
0.122759
0.128707
0.128363
0.128037
0.12773
0.127442
0.127166
0.126901
0.126645
0.126397
0.126155
0.125918
0.125684
0.125451
0.125221
0.124994
0.12477
0.124547
0.124327
0.12411
0.123896
0.123685
0.123479
0.12328
0.123087
0.122901
0.12272
0.12869
0.12834
0.128008
0.127695
0.127399
0.127117
0.126845
0.126584
0.126331
0.126085
0.125845
0.125609
0.125375
0.125146
0.124919
0.124696
0.124477
0.12426
0.124047
0.123837
0.123631
0.123429
0.123233
0.123043
0.122858
0.122679
0.128673
0.128317
0.127981
0.127662
0.12736
0.127071
0.126795
0.126529
0.126271
0.126022
0.125779
0.125541
0.125307
0.125077
0.124851
0.124629
0.124411
0.124197
0.123986
0.123779
0.123576
0.123378
0.123184
0.122996
0.122813
0.122634
0.128653
0.128293
0.127952
0.127628
0.127321
0.127028
0.126746
0.126476
0.126215
0.125962
0.125717
0.125477
0.125242
0.125012
0.124787
0.124566
0.124349
0.124136
0.123927
0.123722
0.123521
0.123325
0.123134
0.122947
0.122765
0.122587
)
;
        value           nonuniform List<scalar> 
898
(
328.4
328.494
328.588
328.57
328.572
327.962
312.172
311.468
311.371
311.785
325.824
326.048
325.787
325.621
325.468
325.401
325.394
325.428
325.498
325.599
325.723
325.859
325.997
326.131
326.259
326.386
328.344
328.371
328.374
328.239
328.276
327.712
312.314
311.635
311.592
312.158
327.375
327.871
327.606
327.389
327.124
326.922
326.753
326.615
326.515
326.457
326.439
326.452
326.485
326.532
326.591
326.664
328.128
327.996
327.803
327.607
327.961
327.493
311.755
311.008
310.981
311.668
327.686
328.303
327.803
327.606
327.417
327.307
327.218
327.135
327.061
327.002
326.959
326.929
326.913
326.91
326.926
326.964
327.626
327.306
326.899
326.759
327.484
327.097
313.461
312.71
312.683
313.446
328.459
329.518
328.856
328.595
328.175
327.788
327.485
327.285
327.162
327.1
327.078
327.078
327.086
327.092
327.102
327.141
326.766
326.447
326.046
325.411
328.799
328.887
328.254
327.79
327.445
327.191
327.098
327.052
327.068
327.128
327.213
327.311
327.407
327.497
325.825
325.842
325.954
325.563
328.437
328.961
328.494
328.082
327.757
327.529
327.406
327.364
327.385
327.477
327.655
327.818
327.941
328.054
325.191
325.554
326.019
325.877
328.316
328.893
328.492
328.115
327.81
327.589
327.461
327.409
327.416
327.469
327.555
327.668
327.75
327.815
325.002
325.474
326.081
326.097
328.274
328.859
328.459
328.036
327.694
327.442
327.274
327.181
327.151
327.161
327.22
327.288
327.345
327.395
324.867
325.343
325.949
325.995
328.327
328.948
328.536
328.145
327.786
327.504
327.296
327.163
327.096
327.073
327.09
327.118
327.15
327.185
324.865
325.243
325.706
325.631
328.544
329.309
328.883
328.52
328.108
327.781
327.534
327.358
327.268
327.217
327.196
327.197
327.211
327.237
325.353
325.393
325.506
325.193
328.897
329.951
329.716
328.98
328.425
328.053
327.802
327.634
327.526
327.462
327.431
327.427
327.442
327.471
326.211
325.9
325.494
324.851
329.154
329.717
329.156
328.661
328.268
328.001
327.828
327.722
327.662
327.637
327.64
327.663
327.702
327.753
327.015
326.609
325.967
325.127
310.294
309.385
309.032
308.795
308.611
308.509
308.625
309.629
326.909
327.636
327.634
327.572
327.536
327.534
327.556
327.594
327.643
327.701
327.767
327.838
327.914
327.99
327.538
327.257
326.701
325.679
310.813
310.048
309.809
309.675
309.59
309.564
309.674
310.388
325.885
326.71
326.946
327.093
327.225
327.355
327.48
327.598
327.71
327.817
327.919
328.015
328.108
328.187
327.785
327.644
327.28
326.303
310.759
310.007
309.805
309.698
309.63
309.607
309.695
310.358
326.074
326.896
327.142
327.295
327.425
327.549
327.669
327.782
327.891
327.997
328.098
328.191
328.275
328.312
327.9
327.835
327.618
326.785
310.773
310.013
309.828
309.734
309.677
309.66
309.743
310.391
326.277
327.055
327.275
327.417
327.54
327.66
327.776
327.89
328.002
328.111
328.217
328.311
328.386
328.377
327.971
327.935
327.795
327.113
312.201
311.493
311.326
311.245
311.199
311.188
311.265
311.863
326.633
327.334
327.524
327.647
327.756
327.86
327.96
328.06
328.16
328.261
328.361
328.447
328.494
328.258
328.023
328
327.908
327.41
315.95
315.398
315.269
315.21
315.178
315.173
315.237
315.707
327.095
327.641
327.79
327.89
327.981
328.068
328.153
328.238
328.324
328.414
328.503
328.577
328.582
328.082
328.05
328.039
327.99
327.701
321.147
320.819
320.745
320.715
320.703
320.708
320.757
321.05
327.596
327.939
328.045
328.123
328.196
328.266
328.336
328.406
328.478
328.554
328.631
328.69
328.655
327.943
328.052
328.054
328.041
327.936
325.774
325.652
325.629
325.628
325.636
325.651
325.687
325.821
328.014
328.172
328.239
328.296
328.352
328.408
328.464
328.521
328.581
328.645
328.71
328.756
328.699
327.906
328.04
328.051
328.063
328.071
328.419
328.424
328.436
328.454
328.474
328.497
328.525
328.561
328.262
328.306
328.349
328.392
328.438
328.485
328.532
328.58
328.631
328.684
328.736
328.769
328.701
327.988
328.024
328.041
328.065
328.114
329.109
329.16
329.189
329.216
329.242
329.268
329.293
329.295
328.354
328.359
328.391
328.427
328.467
328.509
328.552
328.595
328.639
328.684
328.726
328.749
328.675
327.981
328.011
328.031
328.058
328.106
328.771
328.821
328.853
328.883
328.911
328.937
328.961
328.965
328.357
328.366
328.395
328.429
328.466
328.505
328.546
328.587
328.627
328.666
328.701
328.717
328.638
327.96
328.003
328.024
328.052
328.088
328.292
328.329
328.359
328.389
328.417
328.443
328.468
328.486
328.338
328.362
328.392
328.425
328.46
328.497
328.537
328.576
328.614
328.65
328.681
328.693
328.62
327.994
327.996
328.019
328.048
328.078
328.053
328.08
328.109
328.138
328.165
328.193
328.22
328.246
328.33
328.362
328.392
328.424
328.457
328.493
328.53
328.568
328.605
328.639
328.667
328.68
328.624
328.123
327.992
328.016
328.046
328.077
328.026
328.052
328.08
328.108
328.136
328.165
328.194
328.223
328.334
328.369
328.398
328.428
328.46
328.494
328.529
328.565
328.6
328.633
328.661
328.678
328.648
328.328
327.988
328.014
328.047
328.08
328.073
328.1
328.128
328.156
328.185
328.214
328.245
328.274
328.344
328.377
328.404
328.433
328.463
328.495
328.528
328.562
328.596
328.628
328.657
328.678
328.676
328.537
327.985
328.013
328.048
328.085
328.109
328.137
328.166
328.194
328.222
328.253
328.284
328.313
328.353
328.385
328.412
328.438
328.467
328.497
328.528
328.56
328.593
328.624
328.653
328.679
328.697
328.686
327.984
328.013
328.05
328.088
328.12
328.148
328.177
328.206
328.235
328.266
328.297
328.327
328.36
328.393
328.418
328.443
328.47
328.499
328.528
328.559
328.59
328.62
328.65
328.678
328.706
328.755
327.983
328.014
328.053
328.092
328.12
328.148
328.178
328.207
328.236
328.267
328.298
328.328
328.366
328.399
328.425
328.449
328.474
328.501
328.529
328.558
328.588
328.617
328.646
328.675
328.708
328.767
327.984
328.017
328.056
328.095
328.12
328.148
328.178
328.208
328.238
328.268
328.299
328.329
328.371
328.405
328.431
328.455
328.479
328.504
328.531
328.559
328.587
328.615
328.644
328.673
328.705
328.756
327.987
328.02
328.059
328.097
328.122
328.15
328.181
328.212
328.242
328.272
328.303
328.334
328.375
328.41
328.438
328.462
328.485
328.509
328.534
328.56
328.587
328.615
328.643
328.672
328.703
328.744
327.989
328.023
328.062
328.1
328.126
328.154
328.186
328.217
328.248
328.279
328.309
328.34
328.38
328.415
328.443
328.468
328.491
328.514
328.538
328.563
328.589
328.616
328.644
328.672
328.702
328.739
327.993
328.026
328.065
328.102
328.13
328.159
328.191
328.224
328.255
328.286
328.316
328.346
328.384
328.419
328.448
328.474
328.498
328.521
328.544
328.568
328.593
328.619
328.646
328.674
328.703
328.74
327.996
328.03
328.067
328.104
328.134
328.165
328.197
328.23
328.262
328.293
328.323
328.353
328.389
328.422
328.452
328.479
328.504
328.527
328.55
328.574
328.598
328.624
328.65
328.677
328.706
328.743
328.001
328.034
328.071
328.107
328.139
328.171
328.205
328.237
328.27
328.301
328.332
328.362
328.395
328.427
328.457
328.485
328.511
328.535
328.559
328.582
328.607
328.632
328.658
328.684
328.712
328.747
328.011
328.045
328.082
328.118
328.152
328.186
328.219
328.252
328.285
328.316
328.347
328.378
328.409
328.44
328.47
328.498
328.526
328.551
328.575
328.599
328.623
328.648
328.674
328.699
328.726
328.76
)
;
        Tnbr            T;
        qrNbr           qr;
        qr              none;
        thermalInertia  false;
        thicknessLayers List<scalar> 0();
        kappaLayers     List<scalar> 0();
        kappaMethod     solidThermo;
        kappa           none;
        alphaAni        none;
        alpha           none;
    }
    concrete_to_asphalt
    {
        type            compressible::turbulentTemperatureRadCoupledMixed;
        refValue        nonuniform List<scalar> 
52
(
325.851
325.884
325.918
325.952
325.984
326.016
326.047
326.078
326.108
326.137
326.166
326.194
326.222
326.25
326.277
326.303
326.329
326.353
326.376
326.399
326.422
326.444
326.467
326.491
326.515
326.542
327.256
327.293
327.329
327.364
327.399
327.432
327.465
327.497
327.529
327.56
327.59
327.62
327.649
327.678
327.707
327.735
327.761
327.787
327.812
327.836
327.86
327.884
327.908
327.932
327.957
327.984
)
;
        refGradient     uniform 0;
        valueFraction   nonuniform List<scalar> 
52
(
0.529412
0.529412
0.529412
0.529412
0.529412
0.529412
0.529412
0.529412
0.529412
0.529412
0.529412
0.529412
0.529412
0.529412
0.529412
0.529412
0.529412
0.529412
0.529412
0.529412
0.529412
0.529412
0.529412
0.529412
0.529412
0.529412
0.529412
0.529412
0.529412
0.529412
0.529412
0.529412
0.529412
0.529412
0.529412
0.529412
0.529412
0.529412
0.529412
0.529412
0.529412
0.529412
0.529412
0.529412
0.529412
0.529412
0.529412
0.529412
0.529412
0.529412
0.529412
0.529412
)
;
        value           nonuniform List<scalar> 
52
(
325.781
325.809
325.842
325.875
325.907
325.938
325.969
326
326.03
326.059
326.087
326.115
326.144
326.172
326.199
326.226
326.251
326.274
326.297
326.32
326.342
326.365
326.388
326.412
326.437
326.47
327.249
327.282
327.318
327.353
327.387
327.42
327.453
327.485
327.517
327.548
327.578
327.607
327.638
327.667
327.696
327.724
327.75
327.775
327.799
327.823
327.847
327.871
327.895
327.92
327.946
327.977
)
;
        Tnbr            T;
        qrNbr           none;
        qr              none;
        thermalInertia  false;
        thicknessLayers List<scalar> 0();
        kappaLayers     List<scalar> 0();
        kappaMethod     solidThermo;
        kappa           none;
        alphaAni        none;
        alpha           none;
    }
    concrete_to_soil2
    {
        type            compressible::turbulentTemperatureRadCoupledMixed;
        refValue        nonuniform List<scalar> 
200
(
326.215
326.314
326.409
326.432
326.336
325.055
312.339
311.011
310.801
311.503
321.147
322.104
322.331
322.531
322.687
322.847
323.007
323.163
323.316
323.468
323.621
323.769
323.91
324.04
324.16
324.273
326.111
324.456
326.087
324.669
325.969
324.912
325.624
325.126
324.894
325.472
323.879
325.956
322.994
325.696
322.664
325.303
322.48
325.099
322.526
325.131
323.22
325.339
324.156
325.612
324.871
325.822
325.264
326.037
325.465
325.695
325.604
326.279
325.725
323.556
325.815
318.337
325.86
313.914
325.865
311.947
325.85
311.575
325.831
311.547
325.817
311.619
325.809
312.582
325.803
315.215
325.799
319.186
325.796
323.148
325.793
325.862
325.791
327.015
325.79
327.105
325.79
326.823
325.79
326.594
325.792
326.514
325.794
326.52
325.797
326.544
325.801
326.558
325.808
326.566
327.643
327.751
327.859
327.901
327.889
326.93
312.406
311.396
311.193
311.624
322.613
323.317
323.505
323.718
323.888
324.065
324.24
324.409
324.574
324.738
324.901
325.059
325.209
325.348
325.475
325.593
327.537
325.786
327.521
326.017
327.407
326.277
327.053
326.486
326.275
326.85
325.178
327.385
324.234
327.108
323.93
326.689
323.759
326.474
323.808
326.513
324.575
326.736
325.601
327.026
326.367
327.243
326.768
327.494
326.952
327.08
327.069
327.916
327.168
324.919
327.242
319.05
327.278
314.119
327.279
311.998
327.262
311.647
327.242
311.628
327.228
311.669
327.218
312.683
327.211
315.572
327.207
319.969
327.202
324.354
327.199
327.331
327.196
328.563
327.195
328.624
327.194
328.293
327.195
328.036
327.196
327.951
327.199
327.961
327.202
327.988
327.205
328.003
327.211
328.01
)
;
        refGradient     uniform 0;
        valueFraction   nonuniform List<scalar> 
200
(
0.529412
0.529412
0.529412
0.529412
0.529412
0.529412
0.529412
0.529412
0.529412
0.529412
0.529412
0.529412
0.529412
0.529412
0.529412
0.529412
0.529412
0.529412
0.529412
0.529412
0.529412
0.529412
0.529412
0.529412
0.529412
0.529412
0.529412
0.529412
0.529412
0.529412
0.529412
0.529412
0.529412
0.529412
0.529412
0.529412
0.529412
0.529412
0.529412
0.529412
0.529412
0.529412
0.529412
0.529412
0.529412
0.529412
0.529412
0.529412
0.529412
0.529412
0.529412
0.529412
0.529412
0.529412
0.529412
0.529412
0.529412
0.529412
0.529412
0.529412
0.529412
0.529412
0.529412
0.529412
0.529412
0.529412
0.529412
0.529412
0.529412
0.529412
0.529412
0.529412
0.529412
0.529412
0.529412
0.529412
0.529412
0.529412
0.529412
0.529412
0.529412
0.529412
0.529412
0.529412
0.529412
0.529412
0.529412
0.529412
0.529412
0.529412
0.529412
0.529412
0.529412
0.529412
0.529412
0.529412
0.529412
0.529412
0.529412
0.529412
0.529412
0.529412
0.529412
0.529412
0.529412
0.529412
0.529412
0.529412
0.529412
0.529412
0.529412
0.529412
0.529412
0.529412
0.529412
0.529412
0.529412
0.529412
0.529412
0.529412
0.529412
0.529412
0.529412
0.529412
0.529412
0.529412
0.529412
0.529412
0.529412
0.529412
0.529412
0.529412
0.529412
0.529412
0.529412
0.529412
0.529412
0.529412
0.529412
0.529412
0.529412
0.529412
0.529412
0.529412
0.529412
0.529412
0.529412
0.529412
0.529412
0.529412
0.529412
0.529412
0.529412
0.529412
0.529412
0.529412
0.529412
0.529412
0.529412
0.529412
0.529412
0.529412
0.529412
0.529412
0.529412
0.529412
0.529412
0.529412
0.529412
0.529412
0.529412
0.529412
0.529412
0.529412
0.529412
0.529412
0.529412
0.529412
0.529412
0.529412
0.529412
0.529412
0.529412
0.529412
0.529412
0.529412
0.529412
0.529412
0.529412
0.529412
0.529412
0.529412
0.529412
0.529412
0.529412
0.529412
0.529412
0.529412
0.529412
0.529412
)
;
        value           nonuniform List<scalar> 
200
(
326.137
326.223
326.305
326.298
326.184
324.926
312.196
310.886
310.724
311.543
321.956
322.859
322.937
322.99
323.017
323.076
323.158
323.255
323.364
323.486
323.618
323.753
323.885
324.01
324.128
324.245
326.082
324.343
326.035
324.565
325.871
324.818
325.468
325.021
324.719
325.355
323.79
325.841
323.051
325.604
322.78
325.217
322.623
325.015
322.652
325.05
323.222
325.258
324.069
325.525
324.784
325.742
325.218
325.941
325.44
325.804
325.573
326.135
325.675
324.573
325.75
321.606
325.789
319.09
325.796
317.971
325.784
317.782
325.768
317.762
325.756
317.801
325.748
318.359
325.742
319.882
325.739
322.174
325.736
324.465
325.734
326.041
325.732
326.717
325.732
326.778
325.732
326.62
325.734
326.489
325.736
326.442
325.738
326.445
325.741
326.459
325.746
326.469
325.758
326.483
327.633
327.73
327.828
327.838
327.808
326.895
312.296
311.318
311.163
311.689
323.64
324.234
324.239
324.283
324.307
324.371
324.461
324.566
324.685
324.817
324.959
325.104
325.246
325.38
325.506
325.627
327.577
325.729
327.539
325.975
327.377
326.248
326.957
326.443
326.155
326.798
325.148
327.331
324.36
327.079
324.107
326.667
323.954
326.457
323.982
326.5
324.609
326.725
325.537
327.007
326.307
327.23
326.76
327.453
326.974
327.286
327.091
327.757
327.179
326.089
327.244
322.85
327.276
320.131
327.279
318.968
327.264
318.81
327.247
318.796
327.234
318.811
327.225
319.376
327.218
320.993
327.214
323.455
327.21
325.913
327.207
327.586
327.205
328.283
327.204
328.324
327.204
328.142
327.205
327.998
327.207
327.949
327.209
327.955
327.212
327.97
327.216
327.98
327.225
327.991
)
;
        Tnbr            T;
        qrNbr           none;
        qr              none;
        thermalInertia  false;
        thicknessLayers List<scalar> 0();
        kappaLayers     List<scalar> 0();
        kappaMethod     solidThermo;
        kappa           none;
        alphaAni        none;
        alpha           none;
    }
    concrete_to_buildings
    {
        type            externalWallHeatFluxTemperature;
        mode            coefficient;
        kappaMethod     solidThermo;
        kappa           none;
        alphaAni        none;
        alpha           none;
        h               constant 10;
        Ta              constant 293.15;
        thicknessLayers List<scalar> 1(0.3);
        kappaLayers     List<scalar> 1(1.6);
        qr              none;
        refValue        uniform 293.15;
        refGradient     uniform 0;
        valueFraction   nonuniform List<scalar> 
64
(
0.0980392
0.0980392
0.0980392
0.0980392
0.0980392
0.0980392
0.0980392
0.0980392
0.0980392
0.0980392
0.0980392
0.0980392
0.0980392
0.0980392
0.0980392
0.0980392
0.0980392
0.0980392
0.0980392
0.0980392
0.0980392
0.0980392
0.0980392
0.0980392
0.0980392
0.0980392
0.0980392
0.0980392
0.0980392
0.0980392
0.0980392
0.0980392
0.0980392
0.0980392
0.0980392
0.0980392
0.0980392
0.0980392
0.0980392
0.0980392
0.0980392
0.0980392
0.0980392
0.0980392
0.0980392
0.0980392
0.0980392
0.0980392
0.0980392
0.0980392
0.0980392
0.0980392
0.0980392
0.0980392
0.0980392
0.0980392
0.0980392
0.0980392
0.0980392
0.0980392
0.0980392
0.0980392
0.0980392
0.0980392
)
;
        value           nonuniform List<scalar> 
64
(
301.203
298.813
297.352
296.965
296.971
297.392
298.998
301.687
298.971
296.213
295.455
295.237
295.242
295.482
296.309
299.329
298.557
295.68
294.998
294.819
294.823
295.019
295.756
298.863
298.469
295.551
294.877
294.705
294.709
294.895
295.62
298.752
298.441
295.529
294.859
294.691
294.694
294.878
295.601
298.741
298.444
295.577
294.921
294.757
294.76
294.939
295.656
298.798
298.591
295.829
295.205
295.048
295.047
295.214
295.903
298.996
299.515
297.052
296.505
296.357
296.34
296.467
297.054
299.859
)
;
    }
    concrete_to_soil1
    {
        type            compressible::turbulentTemperatureRadCoupledMixed;
        refValue        nonuniform List<scalar> 
962
(
324.552
324.61
324.664
324.61
324.401
322.914
311.795
310.269
310.155
311.323
321.137
322.24
322.244
322.16
322.061
322.013
322.009
322.036
322.092
322.172
322.272
322.381
322.494
322.605
322.713
322.832
324.469
324.463
324.435
324.29
324.092
322.648
311.766
310.279
310.229
311.587
322.257
323.603
323.615
323.483
323.293
323.138
323.01
322.907
322.837
322.801
322.796
322.815
322.85
322.897
322.956
323.04
324.258
324.121
323.933
323.702
323.589
322.195
311.264
309.769
309.746
311.213
322.356
323.873
323.89
323.812
323.667
323.554
323.457
323.373
323.306
323.256
323.223
323.204
323.196
323.203
323.227
323.285
323.812
323.527
323.142
322.697
321.739
320.296
311.088
309.788
309.778
311.149
321.24
323.198
324.339
324.485
324.245
323.961
323.721
323.558
323.46
323.41
323.389
323.381
323.379
323.385
323.41
323.478
323.098
322.799
322.286
320.457
304.376
301.168
299.198
298.637
298.646
299.256
301.421
305.023
322.986
324.571
324.352
324.014
323.734
323.551
323.455
323.423
323.443
323.491
323.55
323.614
323.683
323.779
322.332
322.276
322.052
320.047
301.422
297.711
296.618
296.298
296.306
296.657
297.851
301.913
322.307
324.518
324.484
324.208
323.951
323.771
323.676
323.649
323.688
323.777
323.903
324.01
324.105
324.216
321.792
322.005
322.034
320.112
300.821
296.943
295.956
295.692
295.698
295.986
297.053
301.243
322.071
324.424
324.469
324.228
323.99
323.813
323.71
323.671
323.685
323.734
323.807
323.89
323.956
324.025
321.585
321.906
322.05
320.214
300.688
296.753
295.777
295.525
295.531
295.804
296.855
301.08
321.997
324.382
324.435
324.168
323.897
323.69
323.552
323.479
323.458
323.472
323.519
323.572
323.618
323.673
321.459
321.795
321.942
320.128
300.648
296.72
295.751
295.504
295.509
295.778
296.826
301.063
322.034
324.454
324.503
324.244
323.953
323.714
323.54
323.43
323.377
323.363
323.379
323.405
323.437
323.485
321.475
321.727
321.761
319.881
300.657
296.792
295.843
295.601
295.605
295.869
296.907
301.144
322.219
324.744
324.793
324.531
324.193
323.916
323.71
323.567
323.492
323.454
323.443
323.451
323.472
323.516
321.872
321.865
321.637
319.632
300.875
297.156
296.253
296.023
296.022
296.267
297.264
301.427
322.527
325.206
325.34
324.873
324.439
324.134
323.925
323.786
323.7
323.652
323.634
323.638
323.66
323.706
322.554
322.281
321.704
319.611
302.104
298.795
298.005
297.789
297.766
297.955
298.808
302.568
322.745
325.003
324.95
324.626
324.325
324.11
323.969
323.881
323.833
323.816
323.824
323.85
323.89
323.951
323.212
322.863
322.16
320.386
309.307
307.427
306.883
306.637
306.503
306.508
306.916
309.007
321.774
323.584
323.832
323.825
323.794
323.782
323.792
323.816
323.853
323.9
323.957
324.02
324.088
324.164
323.666
323.402
322.762
320.971
310.318
308.693
308.273
308.105
308.029
308.056
308.377
310.02
321.172
322.87
323.273
323.432
323.542
323.642
323.74
323.832
323.921
324.009
324.096
324.18
324.26
324.335
323.909
323.747
323.245
321.483
310.474
308.868
308.49
308.349
308.29
308.318
308.602
310.155
321.288
322.954
323.366
323.542
323.665
323.773
323.876
323.973
324.067
324.158
324.247
324.329
324.397
324.413
324.039
323.935
323.55
321.892
310.662
309.06
308.702
308.577
308.528
308.557
308.827
310.341
321.489
323.103
323.488
323.655
323.773
323.878
323.979
324.076
324.171
324.265
324.354
324.432
324.479
324.444
324.124
324.044
323.741
322.285
311.89
310.418
310.097
309.989
309.95
309.979
310.222
311.604
321.9
323.362
323.702
323.849
323.953
324.046
324.134
324.22
324.307
324.393
324.474
324.536
324.518
324.128
324.186
324.12
323.899
322.791
314.779
313.635
313.386
313.304
313.277
313.304
313.497
314.575
322.535
323.673
323.94
324.059
324.146
324.223
324.298
324.372
324.447
324.522
324.592
324.628
324.515
323.592
324.222
324.174
324.04
323.375
318.702
318.01
317.857
317.812
317.801
317.825
317.954
318.619
323.286
323.991
324.172
324.26
324.328
324.391
324.452
324.513
324.576
324.64
324.696
324.707
324.507
323.125
324.233
324.204
324.148
323.883
322.222
321.945
321.883
321.872
321.877
321.899
321.971
322.258
323.943
324.251
324.351
324.412
324.463
324.513
324.563
324.613
324.665
324.717
324.762
324.754
324.504
322.902
324.227
324.214
324.21
324.195
324.307
324.29
324.289
324.301
324.317
324.339
324.372
324.424
324.351
324.41
324.458
324.5
324.541
324.582
324.623
324.666
324.709
324.752
324.786
324.765
324.496
322.886
324.216
324.213
324.233
324.309
324.938
325.016
325.043
325.066
325.089
325.11
325.127
325.093
324.509
324.479
324.504
324.536
324.57
324.607
324.644
324.682
324.72
324.756
324.78
324.751
324.476
322.874
324.207
324.207
324.232
324.305
324.761
324.836
324.869
324.895
324.919
324.94
324.955
324.926
324.518
324.493
324.514
324.542
324.574
324.608
324.644
324.679
324.713
324.744
324.763
324.729
324.457
322.886
324.2
324.202
324.225
324.269
324.429
324.474
324.503
324.529
324.553
324.575
324.594
324.595
324.484
324.491
324.514
324.542
324.572
324.604
324.638
324.672
324.704
324.733
324.749
324.717
324.468
323.021
324.197
324.199
324.221
324.246
324.246
324.27
324.296
324.321
324.345
324.368
324.391
324.413
324.463
324.491
324.516
324.543
324.572
324.603
324.635
324.668
324.699
324.726
324.742
324.719
324.52
323.354
324.194
324.198
324.22
324.242
324.216
324.235
324.259
324.284
324.308
324.333
324.358
324.386
324.464
324.497
324.522
324.548
324.576
324.605
324.635
324.666
324.696
324.723
324.742
324.732
324.605
323.844
324.193
324.198
324.222
324.248
324.246
324.267
324.292
324.316
324.34
324.366
324.392
324.42
324.475
324.506
324.53
324.555
324.581
324.608
324.637
324.666
324.695
324.722
324.743
324.749
324.693
324.337
324.192
324.198
324.225
324.254
324.274
324.298
324.322
324.347
324.371
324.398
324.424
324.451
324.486
324.515
324.538
324.561
324.585
324.611
324.638
324.666
324.694
324.721
324.744
324.762
324.76
324.693
324.192
324.2
324.228
324.26
324.286
324.31
324.335
324.359
324.384
324.411
324.438
324.464
324.494
324.522
324.545
324.567
324.59
324.614
324.64
324.666
324.693
324.719
324.744
324.768
324.795
324.866
324.192
324.202
324.231
324.263
324.288
324.312
324.337
324.362
324.388
324.414
324.441
324.468
324.5
324.529
324.552
324.573
324.594
324.617
324.641
324.666
324.692
324.717
324.743
324.77
324.806
324.904
324.194
324.205
324.235
324.267
324.289
324.313
324.338
324.364
324.39
324.416
324.443
324.47
324.505
324.535
324.558
324.579
324.599
324.621
324.644
324.668
324.692
324.717
324.742
324.769
324.804
324.884
324.196
324.208
324.238
324.27
324.292
324.316
324.342
324.368
324.394
324.421
324.447
324.475
324.51
324.54
324.564
324.585
324.605
324.625
324.647
324.67
324.693
324.717
324.742
324.768
324.8
324.859
324.199
324.211
324.241
324.272
324.295
324.32
324.346
324.373
324.4
324.426
324.453
324.48
324.514
324.545
324.569
324.591
324.611
324.631
324.651
324.673
324.695
324.718
324.743
324.768
324.798
324.848
324.202
324.213
324.243
324.274
324.298
324.324
324.351
324.379
324.406
324.433
324.459
324.486
324.518
324.548
324.574
324.596
324.617
324.636
324.656
324.677
324.698
324.721
324.745
324.77
324.799
324.847
324.205
324.217
324.246
324.276
324.302
324.329
324.357
324.385
324.413
324.439
324.466
324.493
324.523
324.552
324.578
324.601
324.623
324.643
324.662
324.683
324.704
324.726
324.749
324.774
324.802
324.851
324.211
324.223
324.252
324.283
324.31
324.338
324.367
324.395
324.423
324.45
324.477
324.503
324.532
324.56
324.586
324.61
324.632
324.653
324.673
324.693
324.714
324.736
324.759
324.782
324.81
324.858
324.234
324.249
324.279
324.31
324.339
324.368
324.397
324.426
324.454
324.481
324.508
324.534
324.562
324.589
324.614
324.639
324.662
324.684
324.705
324.726
324.747
324.768
324.791
324.813
324.839
324.883
)
;
        refGradient     uniform 0;
        valueFraction   nonuniform List<scalar> 
962
(
0.52519
0.52519
0.52519
0.52519
0.52519
0.52519
0.52519
0.52519
0.52519
0.52519
0.52519
0.52519
0.52519
0.52519
0.52519
0.52519
0.52519
0.52519
0.52519
0.52519
0.52519
0.52519
0.52519
0.52519
0.52519
0.52519
0.52519
0.52519
0.52519
0.52519
0.52519
0.52519
0.52519
0.52519
0.52519
0.52519
0.52519
0.52519
0.52519
0.52519
0.52519
0.52519
0.52519
0.52519
0.52519
0.52519
0.52519
0.52519
0.52519
0.52519
0.52519
0.52519
0.52519
0.52519
0.52519
0.52519
0.52519
0.52519
0.52519
0.52519
0.52519
0.52519
0.52519
0.52519
0.52519
0.52519
0.52519
0.52519
0.52519
0.52519
0.52519
0.52519
0.52519
0.52519
0.52519
0.52519
0.52519
0.52519
0.52519
0.52519
0.52519
0.52519
0.52519
0.52519
0.52519
0.52519
0.52519
0.52519
0.52519
0.52519
0.52519
0.52519
0.52519
0.52519
0.52519
0.52519
0.52519
0.52519
0.52519
0.52519
0.52519
0.52519
0.52519
0.52519
0.52519
0.52519
0.52519
0.52519
0.52519
0.52519
0.52519
0.52519
0.52519
0.52519
0.52519
0.52519
0.52519
0.52519
0.52519
0.52519
0.52519
0.52519
0.52519
0.52519
0.52519
0.52519
0.52519
0.52519
0.52519
0.52519
0.52519
0.52519
0.52519
0.52519
0.52519
0.52519
0.52519
0.52519
0.52519
0.52519
0.52519
0.52519
0.52519
0.52519
0.52519
0.52519
0.52519
0.52519
0.52519
0.52519
0.52519
0.52519
0.52519
0.52519
0.52519
0.52519
0.52519
0.52519
0.52519
0.52519
0.52519
0.52519
0.52519
0.52519
0.52519
0.52519
0.52519
0.52519
0.52519
0.52519
0.52519
0.52519
0.52519
0.52519
0.52519
0.52519
0.52519
0.52519
0.52519
0.52519
0.52519
0.52519
0.52519
0.52519
0.52519
0.52519
0.52519
0.52519
0.52519
0.52519
0.52519
0.52519
0.52519
0.52519
0.52519
0.52519
0.52519
0.52519
0.52519
0.52519
0.52519
0.52519
0.52519
0.52519
0.52519
0.52519
0.52519
0.52519
0.52519
0.52519
0.52519
0.52519
0.52519
0.52519
0.52519
0.52519
0.52519
0.52519
0.52519
0.52519
0.52519
0.52519
0.52519
0.52519
0.52519
0.52519
0.52519
0.52519
0.52519
0.52519
0.52519
0.52519
0.52519
0.52519
0.52519
0.52519
0.52519
0.52519
0.52519
0.52519
0.52519
0.52519
0.52519
0.52519
0.52519
0.52519
0.52519
0.52519
0.52519
0.52519
0.52519
0.52519
0.52519
0.52519
0.52519
0.52519
0.52519
0.52519
0.52519
0.52519
0.52519
0.52519
0.52519
0.52519
0.52519
0.52519
0.52519
0.52519
0.52519
0.52519
0.52519
0.52519
0.52519
0.52519
0.52519
0.52519
0.52519
0.52519
0.52519
0.52519
0.52519
0.52519
0.52519
0.52519
0.52519
0.52519
0.52519
0.52519
0.52519
0.52519
0.52519
0.52519
0.52519
0.52519
0.52519
0.52519
0.52519
0.52519
0.52519
0.52519
0.52519
0.52519
0.52519
0.52519
0.52519
0.52519
0.52519
0.52519
0.52519
0.52519
0.52519
0.52519
0.52519
0.52519
0.52519
0.52519
0.52519
0.52519
0.52519
0.52519
0.52519
0.52519
0.52519
0.52519
0.52519
0.52519
0.52519
0.52519
0.52519
0.52519
0.52519
0.52519
0.52519
0.52519
0.52519
0.52519
0.52519
0.52519
0.52519
0.52519
0.52519
0.52519
0.52519
0.52519
0.52519
0.52519
0.52519
0.52519
0.52519
0.52519
0.52519
0.52519
0.52519
0.52519
0.52519
0.52519
0.52519
0.52519
0.52519
0.52519
0.52519
0.52519
0.52519
0.52519
0.52519
0.52519
0.52519
0.52519
0.52519
0.52519
0.52519
0.52519
0.52519
0.52519
0.52519
0.52519
0.52519
0.52519
0.52519
0.52519
0.52519
0.52519
0.52519
0.52519
0.52519
0.52519
0.52519
0.52519
0.52519
0.52519
0.52519
0.52519
0.52519
0.52519
0.52519
0.52519
0.52519
0.52519
0.52519
0.52519
0.52519
0.52519
0.52519
0.52519
0.52519
0.52519
0.52519
0.52519
0.52519
0.52519
0.52519
0.52519
0.52519
0.52519
0.52519
0.52519
0.52519
0.52519
0.52519
0.52519
0.52519
0.52519
0.52519
0.52519
0.52519
0.52519
0.52519
0.52519
0.52519
0.52519
0.52519
0.52519
0.52519
0.52519
0.52519
0.52519
0.52519
0.52519
0.52519
0.52519
0.52519
0.52519
0.52519
0.52519
0.52519
0.52519
0.52519
0.52519
0.52519
0.52519
0.52519
0.52519
0.52519
0.52519
0.52519
0.52519
0.52519
0.52519
0.52519
0.52519
0.52519
0.52519
0.52519
0.52519
0.52519
0.52519
0.52519
0.52519
0.52519
0.52519
0.52519
0.52519
0.52519
0.52519
0.52519
0.52519
0.52519
0.52519
0.52519
0.52519
0.52519
0.52519
0.52519
0.52519
0.52519
0.52519
0.52519
0.52519
0.52519
0.52519
0.52519
0.52519
0.52519
0.52519
0.52519
0.52519
0.52519
0.52519
0.52519
0.52519
0.52519
0.52519
0.52519
0.52519
0.52519
0.52519
0.52519
0.52519
0.52519
0.52519
0.52519
0.52519
0.52519
0.52519
0.52519
0.52519
0.52519
0.52519
0.52519
0.52519
0.52519
0.52519
0.52519
0.52519
0.52519
0.52519
0.52519
0.52519
0.52519
0.52519
0.52519
0.52519
0.52519
0.52519
0.52519
0.52519
0.52519
0.52519
0.52519
0.52519
0.52519
0.52519
0.52519
0.52519
0.52519
0.52519
0.52519
0.52519
0.52519
0.52519
0.52519
0.52519
0.52519
0.52519
0.52519
0.52519
0.52519
0.52519
0.52519
0.52519
0.52519
0.52519
0.52519
0.52519
0.52519
0.52519
0.52519
0.52519
0.52519
0.52519
0.52519
0.52519
0.52519
0.52519
0.52519
0.52519
0.52519
0.52519
0.52519
0.52519
0.52519
0.52519
0.52519
0.52519
0.52519
0.52519
0.52519
0.52519
0.52519
0.52519
0.52519
0.52519
0.52519
0.52519
0.52519
0.52519
0.52519
0.52519
0.52519
0.52519
0.52519
0.52519
0.52519
0.52519
0.52519
0.52519
0.52519
0.52519
0.52519
0.52519
0.52519
0.52519
0.52519
0.52519
0.52519
0.52519
0.52519
0.52519
0.52519
0.52519
0.52519
0.52519
0.52519
0.52519
0.52519
0.52519
0.52519
0.52519
0.52519
0.52519
0.52519
0.52519
0.52519
0.52519
0.52519
0.52519
0.52519
0.52519
0.52519
0.52519
0.52519
0.52519
0.52519
0.52519
0.52519
0.52519
0.52519
0.52519
0.52519
0.52519
0.52519
0.52519
0.52519
0.52519
0.52519
0.52519
0.52519
0.52519
0.52519
0.52519
0.52519
0.52519
0.52519
0.52519
0.52519
0.52519
0.52519
0.52519
0.52519
0.52519
0.52519
0.52519
0.52519
0.52519
0.52519
0.52519
0.52519
0.52519
0.52519
0.52519
0.52519
0.52519
0.52519
0.52519
0.52519
0.52519
0.52519
0.52519
0.52519
0.52519
0.52519
0.52519
0.52519
0.52519
0.52519
0.52519
0.52519
0.52519
0.52519
0.52519
0.52519
0.52519
0.52519
0.52519
0.52519
0.52519
0.52519
0.52519
0.52519
0.52519
0.52519
0.52519
0.52519
0.52519
0.52519
0.52519
0.52519
0.52519
0.52519
0.52519
0.52519
0.52519
0.52519
0.52519
0.52519
0.52519
0.52519
0.52519
0.52519
0.52519
0.52519
0.52519
0.52519
0.52519
0.52519
0.52519
0.52519
0.52519
0.52519
0.52519
0.52519
0.52519
0.52519
0.52519
0.52519
0.52519
0.52519
0.52519
0.52519
0.52519
0.52519
0.52519
0.52519
0.52519
0.52519
0.52519
0.52519
0.52519
0.52519
0.52519
0.52519
0.52519
0.52519
0.52519
0.52519
0.52519
0.52519
0.52519
0.52519
0.52519
0.52519
0.52519
0.52519
0.52519
0.52519
0.52519
0.52519
0.52519
0.52519
0.52519
0.52519
0.52519
0.52519
0.52519
0.52519
0.52519
0.52519
0.52519
0.52519
0.52519
0.52519
0.52519
0.52519
0.52519
0.52519
0.52519
0.52519
0.52519
0.52519
0.52519
0.52519
0.52519
0.52519
0.52519
0.52519
0.52519
0.52519
0.52519
0.52519
0.52519
0.52519
0.52519
0.52519
0.52519
0.52519
0.52519
0.52519
0.52519
0.52519
0.52519
0.52519
0.52519
0.52519
0.52519
0.52519
0.52519
0.52519
0.52519
0.52519
0.52519
0.52519
0.52519
0.52519
0.52519
0.52519
0.52519
0.52519
0.52519
0.52519
0.52519
0.52519
0.52519
0.52519
0.52519
0.52519
0.52519
0.52519
0.52519
0.52519
0.52519
0.52519
0.52519
0.52519
0.52519
0.52519
0.52519
0.52519
0.52519
0.52519
0.52519
0.52519
0.52519
0.52519
0.52519
0.52519
0.52519
0.52519
0.52519
0.52519
0.52519
0.52519
0.52519
0.52519
0.52519
0.52519
0.52519
0.52519
0.52519
0.52519
0.52519
0.52519
0.52519
0.52519
0.52519
0.52519
0.52519
0.52519
0.52519
0.52519
0.52519
0.52519
0.52519
0.52519
0.52519
0.52519
0.52519
0.52519
0.52519
0.52519
0.52519
0.52519
0.52519
0.52519
0.52519
0.52519
0.52519
0.52519
0.52519
0.52519
0.52519
0.52519
0.52519
0.52519
0.52519
0.52519
0.52519
0.52519
0.52519
0.52519
0.52519
0.52519
0.52519
0.52519
0.52519
0.52519
0.52519
0.52519
0.52519
0.52519
0.52519
0.52519
0.52519
0.52519
0.52519
0.52519
0.52519
0.52519
0.52519
0.52519
0.52519
0.52519
0.52519
0.52519
0.52519
0.52519
0.52519
0.52519
0.52519
0.52519
0.52519
0.52519
0.52519
0.52519
0.52519
0.52519
0.52519
0.52519
0.52519
0.52519
0.52519
0.52519
0.52519
)
;
        value           nonuniform List<scalar> 
962
(
325.263
325.328
325.388
325.34
325.166
323.8
311.91
310.495
310.384
311.448
321.958
322.937
322.897
322.799
322.691
322.64
322.635
322.664
322.722
322.806
322.909
323.024
323.141
323.256
323.368
323.489
325.184
325.184
325.16
325.018
324.859
323.537
311.908
310.53
310.481
311.732
323.153
324.38
324.346
324.198
323.995
323.831
323.696
323.588
323.512
323.473
323.466
323.484
323.519
323.567
323.626
323.708
324.971
324.835
324.646
324.422
324.388
323.123
311.402
310.006
309.982
311.345
323.291
324.684
324.613
324.513
324.36
324.246
324.15
324.065
323.996
323.945
323.911
323.889
323.88
323.885
323.908
323.963
324.515
324.223
323.835
323.442
322.721
321.431
311.509
310.278
310.266
311.559
322.444
324.276
325.165
325.241
324.97
324.667
324.416
324.246
324.144
324.092
324.072
324.065
324.063
324.068
324.09
324.154
323.774
323.472
322.978
321.309
303.921
300.812
298.905
298.372
298.38
298.96
301.056
304.549
323.985
325.364
325.073
324.712
324.421
324.227
324.128
324.095
324.114
324.166
324.23
324.299
324.372
324.465
322.977
322.934
322.767
320.988
301.047
297.453
296.412
296.109
296.116
296.449
297.585
301.52
323.357
325.332
325.224
324.923
324.653
324.465
324.365
324.335
324.374
324.464
324.6
324.715
324.814
324.926
322.42
322.659
322.763
321.095
300.476
296.721
295.783
295.533
295.539
295.811
296.826
300.882
323.139
325.242
325.21
324.945
324.695
324.51
324.403
324.362
324.375
324.425
324.501
324.589
324.657
324.725
322.215
322.563
322.787
321.217
300.351
296.542
295.614
295.375
295.381
295.639
296.638
300.727
323.07
325.201
325.176
324.88
324.597
324.381
324.238
324.162
324.14
324.154
324.202
324.258
324.306
324.36
322.088
322.449
322.674
321.128
300.312
296.511
295.589
295.355
295.36
295.615
296.61
300.712
323.11
325.276
325.245
324.962
324.658
324.411
324.23
324.116
324.061
324.045
324.062
324.089
324.121
324.167
322.101
322.375
322.483
320.861
300.32
296.578
295.676
295.447
295.451
295.7
296.687
300.789
323.302
325.58
325.547
325.265
324.912
324.626
324.413
324.263
324.185
324.145
324.133
324.14
324.16
324.201
322.515
322.516
322.346
320.58
300.526
296.924
296.066
295.847
295.847
296.079
297.027
301.059
323.619
326.074
326.142
325.628
325.172
324.854
324.638
324.493
324.403
324.352
324.332
324.335
324.356
324.4
323.227
322.948
322.4
320.507
301.72
298.514
297.762
297.557
297.535
297.713
298.523
302.169
323.841
325.864
325.724
325.369
325.051
324.826
324.679
324.588
324.538
324.52
324.526
324.552
324.592
324.652
323.912
323.553
322.859
321.217
309.5
307.756
307.244
306.999
306.858
306.844
307.204
309.143
322.674
324.331
324.536
324.518
324.485
324.475
324.487
324.513
324.552
324.601
324.659
324.724
324.794
324.87
324.379
324.11
323.484
321.797
310.447
308.942
308.552
308.389
308.311
308.329
308.614
310.127
322
323.578
323.952
324.109
324.222
324.328
324.43
324.527
324.621
324.712
324.802
324.888
324.97
325.046
324.623
324.464
323.985
322.328
310.569
309.081
308.731
308.597
308.536
308.554
308.806
310.235
322.127
323.677
324.061
324.234
324.358
324.47
324.576
324.676
324.773
324.867
324.958
325.042
325.112
325.131
324.751
324.653
324.296
322.749
310.731
309.243
308.914
308.794
308.743
308.765
309.003
310.398
322.328
323.828
324.186
324.349
324.468
324.576
324.68
324.78
324.878
324.975
325.067
325.148
325.2
325.17
324.834
324.761
324.486
323.134
311.995
310.626
310.331
310.228
310.187
310.209
310.425
311.699
322.732
324.091
324.406
324.549
324.654
324.749
324.84
324.929
325.018
325.107
325.192
325.257
325.25
324.882
324.894
324.835
324.636
323.611
315.031
313.966
313.737
313.66
313.632
313.653
313.825
314.82
323.344
324.402
324.65
324.766
324.853
324.933
325.009
325.085
325.162
325.241
325.314
325.357
325.263
324.395
324.928
324.887
324.767
324.154
319.169
318.527
318.388
318.345
318.334
318.354
318.47
319.083
324.063
324.718
324.886
324.972
325.042
325.106
325.168
325.231
325.296
325.362
325.422
325.442
325.269
323.974
324.938
324.914
324.866
324.624
322.877
322.622
322.568
322.558
322.563
322.584
322.65
322.915
324.687
324.973
325.068
325.128
325.181
325.232
325.282
325.334
325.387
325.442
325.49
325.492
325.274
323.778
324.931
324.922
324.921
324.91
325.059
325.046
325.048
325.06
325.077
325.099
325.132
325.18
325.072
325.129
325.176
325.218
325.26
325.302
325.345
325.388
325.433
325.478
325.514
325.503
325.268
323.778
324.919
324.919
324.94
325.013
325.701
325.777
325.805
325.828
325.851
325.873
325.891
325.862
325.221
325.195
325.221
325.254
325.289
325.327
325.365
325.404
325.443
325.481
325.508
325.488
325.247
323.767
324.909
324.913
324.938
325.008
325.498
325.571
325.603
325.63
325.655
325.677
325.693
325.669
325.228
325.208
325.23
325.259
325.292
325.327
325.364
325.4
325.435
325.468
325.49
325.464
325.225
323.773
324.902
324.907
324.931
324.974
325.142
325.186
325.215
325.242
325.267
325.29
325.309
325.313
325.196
325.205
325.23
325.258
325.289
325.323
325.358
325.393
325.426
325.456
325.475
325.45
325.231
323.893
324.898
324.904
324.927
324.953
324.949
324.974
325
325.026
325.051
325.075
325.098
325.121
325.177
325.205
325.232
325.259
325.289
325.321
325.354
325.388
325.42
325.448
325.467
325.45
325.275
324.198
324.896
324.902
324.926
324.95
324.919
324.94
324.965
324.99
325.015
325.04
325.066
325.095
325.178
325.211
325.238
325.264
325.293
325.323
325.354
325.386
325.417
325.445
325.465
325.46
325.349
324.648
324.894
324.902
324.928
324.955
324.953
324.975
325
325.025
325.05
325.076
325.103
325.131
325.189
325.22
325.245
325.27
325.297
325.326
325.355
325.385
325.415
325.443
325.466
325.474
325.427
325.101
324.892
324.902
324.93
324.961
324.982
325.006
325.032
325.056
325.082
325.109
325.137
325.164
325.2
325.229
325.253
325.276
325.302
325.328
325.356
325.385
325.414
325.441
325.466
325.485
325.486
325.428
324.892
324.903
324.933
324.966
324.993
325.018
325.044
325.069
325.095
325.122
325.15
325.177
325.208
325.237
325.26
325.282
325.306
325.331
325.357
325.385
325.412
325.439
325.465
325.49
325.517
325.586
324.892
324.905
324.937
324.97
324.995
325.02
325.046
325.072
325.098
325.125
325.153
325.18
325.214
325.244
325.267
325.288
325.31
325.334
325.359
325.385
325.411
325.437
325.463
325.491
325.526
325.619
324.894
324.908
324.94
324.973
324.996
325.02
325.047
325.073
325.1
325.127
325.155
325.183
325.219
325.25
325.273
325.294
325.315
325.338
325.361
325.386
325.411
325.436
325.462
325.49
325.524
325.6
324.896
324.911
324.943
324.976
324.999
325.023
325.05
325.077
325.104
325.131
325.159
325.187
325.223
325.255
325.279
325.3
325.321
325.342
325.364
325.387
325.412
325.436
325.462
325.489
325.521
325.577
324.898
324.914
324.946
324.978
325.002
325.027
325.055
325.082
325.11
325.137
325.165
325.192
325.227
325.259
325.284
325.306
325.327
325.347
325.368
325.39
325.413
325.437
325.462
325.489
325.519
325.566
324.901
324.917
324.948
324.98
325.005
325.031
325.06
325.088
325.116
325.143
325.171
325.198
325.231
325.262
325.288
325.311
325.332
325.353
325.373
325.394
325.417
325.44
325.464
325.49
325.519
325.565
324.905
324.92
324.95
324.982
325.009
325.036
325.065
325.094
325.122
325.15
325.177
325.205
325.236
325.266
325.292
325.316
325.339
325.359
325.379
325.4
325.422
325.445
325.469
325.493
325.522
325.569
324.91
324.926
324.956
324.988
325.016
325.045
325.074
325.104
325.132
325.16
325.187
325.215
325.244
325.273
325.3
325.324
325.348
325.369
325.39
325.41
325.432
325.455
325.478
325.502
325.529
325.576
324.931
324.95
324.98
325.012
325.042
325.072
325.102
325.131
325.16
325.188
325.216
325.243
325.271
325.299
325.326
325.351
325.375
325.397
325.419
325.44
325.462
325.484
325.507
325.53
325.556
325.598
)
;
        Tnbr            T;
        qrNbr           none;
        qr              none;
        thermalInertia  false;
        thicknessLayers List<scalar> 0();
        kappaLayers     List<scalar> 0();
        kappaMethod     solidThermo;
        kappa           none;
        alphaAni        none;
        alpha           none;
    }
}


// ************************************************************************* //
