/*--------------------------------*- C++ -*----------------------------------*\
| =========                 |                                                 |
| \\      /  F ield         | OpenFOAM: The Open Source CFD Toolbox           |
|  \\    /   O peration     | Version:  v2012                                 |
|   \\  /    A nd           | Website:  www.openfoam.com                      |
|    \\/     M anipulation  |                                                 |
\*---------------------------------------------------------------------------*/
FoamFile
{
    version     2.0;
    format      ascii;
    class       volScalarField;
    location    "650/asphalt";
    object      T;
}
// * * * * * * * * * * * * * * * * * * * * * * * * * * * * * * * * * * * * * //

dimensions      [0 0 0 1 0 0 0];


internalField   nonuniform List<scalar> 
1980
(
321.649
322.068
322.482
322.836
323.141
323.406
323.638
323.844
324.027
324.191
324.339
324.473
324.595
324.707
324.81
324.905
324.993
325.075
325.152
325.223
325.289
325.352
325.412
325.468
325.522
325.572
325.621
325.667
325.712
325.755
325.796
325.832
325.857
325.889
325.923
325.957
325.99
326.022
326.053
326.084
326.114
326.143
326.172
326.2
326.228
326.255
326.281
326.307
326.333
326.358
326.382
326.407
326.431
326.455
326.478
326.502
326.525
326.552
326.588
326.614
326.636
326.656
326.677
326.697
326.716
326.735
326.754
326.773
326.791
326.809
326.827
326.844
326.862
326.879
326.896
326.913
326.93
326.946
326.962
326.979
326.995
327.012
327.029
327.048
327.067
327.09
327.117
327.162
327.268
327.572
321.649
322.068
322.482
322.836
323.141
323.406
323.638
323.844
324.027
324.191
324.338
324.472
324.595
324.707
324.81
324.905
324.993
325.075
325.151
325.222
325.289
325.352
325.412
325.468
325.522
325.573
325.621
325.668
325.713
325.756
325.798
325.837
325.873
325.908
325.943
325.977
326.011
326.043
326.075
326.105
326.135
326.165
326.194
326.222
326.249
326.276
326.303
326.329
326.354
326.38
326.404
326.429
326.453
326.477
326.5
326.523
326.546
326.569
326.593
326.615
326.637
326.657
326.678
326.698
326.718
326.737
326.756
326.775
326.793
326.811
326.829
326.846
326.864
326.881
326.898
326.915
326.932
326.948
326.965
326.981
326.997
327.014
327.031
327.049
327.068
327.091
327.119
327.163
327.269
327.573
321.649
322.068
322.482
322.836
323.141
323.406
323.638
323.844
324.026
324.19
324.338
324.472
324.595
324.707
324.81
324.905
324.993
325.075
325.151
325.222
325.289
325.352
325.412
325.468
325.522
325.573
325.622
325.669
325.714
325.757
325.799
325.838
325.876
325.913
325.948
325.982
326.016
326.048
326.08
326.111
326.141
326.171
326.199
326.228
326.255
326.282
326.309
326.335
326.36
326.386
326.411
326.435
326.46
326.483
326.507
326.53
326.552
326.574
326.596
326.618
326.639
326.659
326.68
326.701
326.72
326.739
326.758
326.777
326.795
326.814
326.832
326.849
326.867
326.884
326.901
326.918
326.935
326.951
326.968
326.984
327
327.017
327.034
327.052
327.071
327.093
327.121
327.166
327.272
327.576
321.649
322.067
322.481
322.835
323.14
323.406
323.638
323.843
324.026
324.19
324.338
324.472
324.594
324.706
324.809
324.905
324.993
325.074
325.151
325.222
325.289
325.352
325.412
325.469
325.522
325.574
325.623
325.67
325.715
325.758
325.8
325.839
325.877
325.914
325.95
325.984
326.018
326.051
326.082
326.113
326.144
326.173
326.202
326.23
326.258
326.285
326.311
326.337
326.363
326.389
326.414
326.439
326.463
326.487
326.51
326.533
326.555
326.577
326.599
326.62
326.641
326.662
326.683
326.703
326.722
326.742
326.761
326.78
326.798
326.816
326.834
326.852
326.87
326.887
326.904
326.921
326.938
326.955
326.971
326.987
327.004
327.02
327.037
327.055
327.074
327.096
327.123
327.168
327.274
327.578
321.649
322.067
322.481
322.835
323.14
323.405
323.638
323.843
324.026
324.19
324.338
324.472
324.594
324.706
324.809
324.904
324.992
325.074
325.15
325.222
325.289
325.352
325.412
325.469
325.523
325.574
325.623
325.67
325.716
325.759
325.8
325.84
325.878
325.915
325.951
325.986
326.019
326.052
326.084
326.115
326.146
326.175
326.204
326.232
326.26
326.287
326.314
326.34
326.366
326.391
326.416
326.441
326.466
326.489
326.513
326.535
326.558
326.58
326.602
326.623
326.644
326.665
326.685
326.705
326.725
326.744
326.763
326.782
326.801
326.819
326.837
326.855
326.873
326.89
326.907
326.924
326.941
326.958
326.975
326.991
327.007
327.024
327.041
327.058
327.078
327.099
327.127
327.171
327.277
327.581
321.648
322.067
322.481
322.835
323.14
323.405
323.637
323.843
324.026
324.19
324.338
324.472
324.594
324.706
324.809
324.904
324.992
325.074
325.15
325.222
325.289
325.353
325.413
325.469
325.523
325.575
325.624
325.671
325.716
325.76
325.801
325.841
325.879
325.916
325.952
325.987
326.021
326.054
326.086
326.117
326.147
326.177
326.206
326.235
326.262
326.29
326.316
326.342
326.368
326.394
326.419
326.444
326.468
326.492
326.516
326.538
326.561
326.583
326.605
326.626
326.647
326.668
326.689
326.709
326.728
326.748
326.767
326.786
326.805
326.823
326.841
326.859
326.877
326.894
326.911
326.928
326.945
326.962
326.979
326.996
327.012
327.029
327.046
327.063
327.083
327.104
327.131
327.175
327.281
327.585
321.648
322.067
322.481
322.835
323.14
323.405
323.637
323.843
324.025
324.189
324.337
324.471
324.594
324.706
324.809
324.904
324.992
325.074
325.15
325.222
325.29
325.353
325.413
325.47
325.524
325.576
325.625
325.672
325.717
325.761
325.802
325.842
325.88
325.918
325.954
325.989
326.023
326.056
326.088
326.119
326.15
326.18
326.209
326.237
326.265
326.292
326.319
326.346
326.372
326.397
326.423
326.448
326.472
326.496
326.519
326.542
326.565
326.587
326.609
326.63
326.652
326.672
326.693
326.713
326.733
326.752
326.772
326.791
326.809
326.828
326.846
326.864
326.882
326.899
326.916
326.934
326.951
326.968
326.984
327.001
327.018
327.035
327.052
327.07
327.089
327.11
327.137
327.18
327.285
327.589
321.648
322.066
322.48
322.834
323.139
323.404
323.637
323.842
324.025
324.189
324.337
324.471
324.594
324.706
324.809
324.904
324.992
325.075
325.151
325.223
325.291
325.354
325.415
325.472
325.526
325.578
325.627
325.674
325.72
325.763
325.804
325.845
325.883
325.921
325.957
325.992
326.026
326.06
326.092
326.123
326.154
326.184
326.214
326.242
326.27
326.298
326.325
326.351
326.378
326.403
326.429
326.453
326.478
326.502
326.525
326.548
326.571
326.594
326.616
326.637
326.658
326.679
326.7
326.72
326.74
326.76
326.779
326.798
326.817
326.835
326.853
326.871
326.889
326.906
326.924
326.941
326.958
326.975
326.992
327.008
327.025
327.042
327.059
327.077
327.096
327.117
327.142
327.184
327.288
327.59
321.648
322.066
322.48
322.834
323.139
323.405
323.637
323.843
324.026
324.19
324.339
324.473
324.596
324.708
324.811
324.907
324.995
325.078
325.155
325.227
325.295
325.359
325.42
325.477
325.532
325.584
325.633
325.681
325.726
325.77
325.812
325.852
325.891
325.929
325.966
326.001
326.036
326.069
326.102
326.134
326.165
326.195
326.225
326.254
326.282
326.31
326.337
326.364
326.391
326.417
326.442
326.467
326.492
326.516
326.54
326.563
326.586
326.609
326.631
326.653
326.674
326.695
326.716
326.736
326.756
326.776
326.795
326.814
326.833
326.851
326.87
326.888
326.905
326.923
326.94
326.957
326.974
326.991
327.007
327.024
327.04
327.057
327.074
327.091
327.11
327.131
327.156
327.195
327.295
327.591
321.648
322.068
322.483
322.838
323.145
323.411
323.645
323.852
324.036
324.202
324.351
324.487
324.611
324.724
324.829
324.925
325.015
325.099
325.177
325.25
325.32
325.385
325.446
325.505
325.561
325.614
325.664
325.713
325.759
325.804
325.847
325.889
325.929
325.968
326.005
326.042
326.077
326.112
326.146
326.179
326.211
326.242
326.273
326.303
326.332
326.361
326.389
326.417
326.444
326.471
326.498
326.523
326.549
326.574
326.598
326.623
326.646
326.67
326.693
326.715
326.737
326.759
326.781
326.802
326.822
326.843
326.863
326.883
326.902
326.921
326.94
326.958
326.977
326.995
327.012
327.03
327.047
327.064
327.081
327.098
327.115
327.132
327.149
327.167
327.186
327.206
327.231
327.268
327.361
327.643
321.655
322.082
322.504
322.866
323.179
323.451
323.691
323.904
324.094
324.265
324.42
324.561
324.69
324.808
324.918
325.019
325.113
325.201
325.284
325.362
325.435
325.504
325.57
325.632
325.692
325.749
325.803
325.855
325.906
325.954
326.001
326.046
326.089
326.132
326.173
326.213
326.252
326.29
326.327
326.363
326.398
326.432
326.466
326.499
326.532
326.564
326.595
326.626
326.656
326.686
326.715
326.744
326.772
326.8
326.827
326.854
326.88
326.906
326.932
326.957
326.982
327.006
327.03
327.054
327.077
327.1
327.122
327.144
327.166
327.187
327.208
327.229
327.25
327.27
327.29
327.309
327.329
327.348
327.367
327.385
327.404
327.423
327.442
327.461
327.481
327.503
327.528
327.565
327.647
327.891
322.795
323.259
323.7
324.073
324.394
324.673
324.918
325.134
325.327
325.5
325.655
325.796
325.925
326.043
326.152
326.252
326.345
326.431
326.511
326.586
326.657
326.723
326.786
326.845
326.902
326.955
327.006
327.055
327.103
327.148
327.191
327.231
327.262
327.298
327.334
327.37
327.404
327.438
327.471
327.504
327.535
327.566
327.596
327.626
327.655
327.683
327.711
327.739
327.766
327.792
327.818
327.844
327.869
327.895
327.919
327.944
327.968
327.995
328.028
328.053
328.076
328.097
328.119
328.14
328.16
328.18
328.2
328.22
328.239
328.258
328.277
328.295
328.314
328.332
328.35
328.368
328.385
328.403
328.42
328.437
328.455
328.472
328.49
328.509
328.53
328.553
328.582
328.626
328.733
329.078
322.795
323.258
323.7
324.073
324.394
324.673
324.918
325.134
325.327
325.499
325.655
325.796
325.925
326.043
326.151
326.252
326.345
326.431
326.511
326.586
326.657
326.723
326.786
326.845
326.902
326.955
327.007
327.056
327.103
327.149
327.193
327.234
327.273
327.311
327.348
327.384
327.419
327.453
327.486
327.519
327.55
327.581
327.612
327.641
327.67
327.699
327.727
327.754
327.781
327.807
327.834
327.86
327.885
327.91
327.935
327.959
327.983
328.007
328.031
328.054
328.077
328.098
328.12
328.142
328.162
328.182
328.202
328.222
328.241
328.26
328.279
328.298
328.316
328.334
328.353
328.37
328.388
328.405
328.422
328.439
328.457
328.474
328.492
328.511
328.531
328.555
328.583
328.627
328.735
329.079
322.795
323.258
323.7
324.073
324.394
324.673
324.918
325.134
325.326
325.499
325.655
325.796
325.925
326.043
326.151
326.251
326.344
326.43
326.511
326.586
326.656
326.723
326.786
326.845
326.902
326.956
327.007
327.057
327.104
327.15
327.194
327.235
327.275
327.314
327.351
327.387
327.423
327.457
327.49
327.523
327.555
327.586
327.616
327.646
327.675
327.703
327.731
327.759
327.786
327.812
327.839
327.865
327.891
327.916
327.94
327.964
327.988
328.011
328.034
328.057
328.079
328.101
328.123
328.144
328.165
328.185
328.205
328.225
328.244
328.263
328.282
328.301
328.319
328.337
328.355
328.373
328.391
328.408
328.426
328.443
328.46
328.477
328.495
328.514
328.534
328.557
328.586
328.63
328.737
329.082
322.795
323.258
323.7
324.073
324.394
324.673
324.918
325.134
325.326
325.499
325.655
325.796
325.924
326.042
326.151
326.251
326.344
326.43
326.511
326.586
326.656
326.723
326.786
326.846
326.902
326.956
327.008
327.058
327.105
327.151
327.194
327.236
327.276
327.315
327.353
327.389
327.425
327.459
327.493
327.525
327.557
327.588
327.619
327.649
327.678
327.706
327.734
327.761
327.788
327.815
327.842
327.868
327.894
327.919
327.943
327.967
327.991
328.014
328.037
328.06
328.082
328.103
328.125
328.146
328.167
328.187
328.207
328.227
328.247
328.266
328.285
328.304
328.322
328.34
328.358
328.376
328.394
328.412
328.429
328.446
328.463
328.481
328.498
328.517
328.537
328.56
328.588
328.632
328.74
329.085
322.795
323.258
323.699
324.072
324.394
324.673
324.917
325.133
325.326
325.499
325.654
325.795
325.924
326.042
326.151
326.251
326.344
326.43
326.51
326.586
326.656
326.723
326.786
326.846
326.903
326.957
327.009
327.058
327.106
327.151
327.195
327.237
327.277
327.316
327.354
327.39
327.426
327.461
327.494
327.527
327.559
327.59
327.621
327.651
327.68
327.708
327.736
327.764
327.791
327.818
327.844
327.871
327.896
327.921
327.946
327.97
327.994
328.017
328.04
328.062
328.084
328.106
328.128
328.149
328.17
328.19
328.21
328.23
328.25
328.269
328.288
328.307
328.325
328.344
328.362
328.38
328.398
328.415
328.433
328.45
328.467
328.484
328.502
328.521
328.541
328.564
328.591
328.635
328.743
329.088
322.795
323.258
323.699
324.072
324.393
324.672
324.917
325.133
325.326
325.498
325.654
325.795
325.924
326.042
326.15
326.251
326.343
326.43
326.51
326.586
326.657
326.723
326.787
326.846
326.903
326.958
327.009
327.059
327.107
327.152
327.196
327.238
327.278
327.317
327.355
327.392
327.427
327.462
327.496
327.529
327.561
327.592
327.623
327.653
327.682
327.711
327.739
327.766
327.794
327.821
327.847
327.874
327.899
327.924
327.949
327.973
327.997
328.02
328.043
328.066
328.088
328.11
328.131
328.152
328.173
328.194
328.214
328.234
328.254
328.273
328.292
328.311
328.329
328.348
328.366
328.384
328.402
328.42
328.437
328.455
328.472
328.489
328.507
328.526
328.546
328.569
328.596
328.639
328.747
329.092
322.794
323.257
323.699
324.072
324.393
324.672
324.917
325.133
325.325
325.498
325.654
325.795
325.924
326.042
326.15
326.25
326.343
326.43
326.51
326.586
326.657
326.724
326.787
326.847
326.904
326.958
327.01
327.06
327.108
327.153
327.197
327.239
327.279
327.319
327.357
327.393
327.429
327.464
327.498
327.531
327.563
327.595
327.625
327.656
327.685
327.714
327.742
327.77
327.797
327.824
327.851
327.877
327.903
327.928
327.952
327.977
328.001
328.024
328.047
328.07
328.092
328.114
328.135
328.157
328.178
328.198
328.219
328.239
328.258
328.278
328.297
328.316
328.334
328.353
328.371
328.389
328.407
328.425
328.443
328.46
328.478
328.496
328.514
328.533
328.553
328.575
328.602
328.645
328.751
329.096
322.794
323.257
323.698
324.072
324.393
324.672
324.916
325.133
325.325
325.498
325.654
325.795
325.924
326.042
326.15
326.251
326.344
326.43
326.511
326.587
326.658
326.725
326.788
326.849
326.906
326.96
327.012
327.062
327.109
327.155
327.199
327.241
327.282
327.321
327.36
327.397
327.433
327.468
327.502
327.535
327.567
327.599
327.63
327.66
327.69
327.719
327.747
327.775
327.803
327.83
327.857
327.883
327.908
327.934
327.958
327.983
328.007
328.03
328.054
328.076
328.099
328.121
328.142
328.164
328.185
328.205
328.226
328.246
328.265
328.285
328.304
328.323
328.342
328.36
328.378
328.396
328.414
328.432
328.45
328.467
328.485
328.502
328.52
328.539
328.559
328.581
328.607
328.649
328.754
329.096
322.794
323.257
323.698
324.071
324.393
324.672
324.916
325.133
325.326
325.498
325.654
325.796
325.925
326.043
326.152
326.252
326.346
326.433
326.514
326.59
326.661
326.729
326.792
326.853
326.91
326.965
327.017
327.067
327.115
327.161
327.205
327.248
327.289
327.329
327.367
327.405
327.441
327.476
327.511
327.544
327.577
327.609
327.64
327.67
327.7
327.73
327.758
327.787
327.815
327.842
327.869
327.895
327.921
327.946
327.971
327.996
328.02
328.044
328.067
328.09
328.113
328.135
328.156
328.178
328.199
328.22
328.24
328.26
328.28
328.299
328.318
328.337
328.356
328.374
328.392
328.41
328.428
328.446
328.463
328.48
328.498
328.515
328.533
328.552
328.571
328.593
328.618
328.657
328.758
329.094
322.794
323.258
323.7
324.075
324.397
324.677
324.923
325.141
325.335
325.509
325.666
325.808
325.939
326.058
326.168
326.27
326.364
326.452
326.535
326.612
326.684
326.753
326.818
326.879
326.938
326.994
327.047
327.098
327.147
327.194
327.239
327.283
327.325
327.366
327.406
327.444
327.481
327.518
327.553
327.588
327.621
327.654
327.687
327.718
327.749
327.779
327.809
327.838
327.867
327.895
327.923
327.95
327.977
328.003
328.029
328.054
328.079
328.104
328.128
328.152
328.175
328.198
328.22
328.242
328.264
328.286
328.307
328.327
328.348
328.368
328.387
328.407
328.426
328.445
328.464
328.482
328.5
328.518
328.536
328.553
328.571
328.589
328.607
328.625
328.645
328.667
328.692
328.729
328.822
329.143
322.802
323.274
323.724
324.106
324.436
324.723
324.976
325.201
325.401
325.581
325.745
325.893
326.029
326.154
326.27
326.377
326.476
326.569
326.657
326.739
326.816
326.889
326.959
327.025
327.088
327.148
327.205
327.261
327.314
327.365
327.414
327.462
327.508
327.553
327.596
327.639
327.68
327.72
327.759
327.797
327.835
327.871
327.907
327.942
327.976
328.01
328.043
328.076
328.108
328.14
328.171
328.201
328.231
328.26
328.289
328.318
328.346
328.373
328.4
328.427
328.453
328.479
328.504
328.529
328.554
328.578
328.602
328.625
328.648
328.671
328.693
328.715
328.737
328.758
328.779
328.8
328.821
328.841
328.861
328.881
328.9
328.92
328.94
328.961
328.982
329.005
329.031
329.067
329.149
329.424
)
;

boundaryField
{
    inlet
    {
        type            zeroGradient;
    }
    outlet
    {
        type            zeroGradient;
    }
    side
    {
        type            zeroGradient;
    }
    asphalt_to_soil1
    {
        type            compressible::turbulentTemperatureRadCoupledMixed;
        refValue        nonuniform List<scalar> 
990
(
320.489
320.867
321.254
321.588
321.877
322.128
322.348
322.543
322.716
322.871
323.011
323.138
323.253
323.359
323.457
323.547
323.631
323.708
323.78
323.847
323.91
323.97
324.026
324.079
324.13
324.178
324.224
324.268
324.31
324.351
324.389
324.422
324.441
324.47
324.502
324.534
324.565
324.595
324.625
324.654
324.682
324.709
324.737
324.763
324.789
324.815
324.84
324.865
324.889
324.912
324.936
324.959
324.981
325.004
325.026
325.048
325.071
325.098
325.137
325.162
325.183
325.203
325.222
325.241
325.26
325.278
325.295
325.313
325.33
325.347
325.364
325.381
325.397
325.414
325.43
325.446
325.461
325.477
325.493
325.508
325.524
325.54
325.556
325.573
325.592
325.613
325.64
325.685
325.788
326.056
320.489
320.867
321.254
321.588
321.877
322.128
322.348
322.543
322.716
322.871
323.011
323.138
323.253
323.359
323.457
323.547
323.63
323.708
323.78
323.847
323.91
323.97
324.026
324.079
324.13
324.178
324.224
324.269
324.311
324.352
324.391
324.427
324.461
324.494
324.527
324.559
324.591
324.621
324.651
324.68
324.709
324.737
324.764
324.79
324.816
324.842
324.867
324.892
324.916
324.94
324.963
324.986
325.009
325.032
325.054
325.076
325.097
325.12
325.143
325.164
325.184
325.204
325.224
325.243
325.261
325.279
325.297
325.315
325.332
325.349
325.366
325.383
325.399
325.416
325.432
325.448
325.464
325.479
325.495
325.51
325.525
325.541
325.557
325.574
325.593
325.614
325.641
325.686
325.789
326.057
320.489
320.867
321.254
321.588
321.877
322.128
322.348
322.542
322.716
322.871
323.011
323.137
323.253
323.359
323.457
323.547
323.63
323.707
323.779
323.847
323.91
323.97
324.026
324.08
324.13
324.179
324.225
324.269
324.312
324.353
324.392
324.43
324.465
324.499
324.533
324.565
324.597
324.628
324.658
324.687
324.715
324.743
324.771
324.797
324.823
324.849
324.874
324.898
324.923
324.947
324.97
324.994
325.017
325.039
325.061
325.083
325.104
325.125
325.146
325.166
325.186
325.206
325.226
325.245
325.263
325.282
325.299
325.317
325.335
325.352
325.369
325.385
325.402
325.418
325.435
325.451
325.466
325.482
325.498
325.513
325.528
325.544
325.56
325.577
325.595
325.617
325.644
325.688
325.792
326.06
320.488
320.867
321.253
321.588
321.877
322.128
322.348
322.542
322.715
322.87
323.01
323.137
323.253
323.359
323.456
323.546
323.63
323.707
323.779
323.847
323.91
323.97
324.026
324.08
324.131
324.179
324.226
324.27
324.313
324.354
324.393
324.431
324.467
324.501
324.535
324.568
324.599
324.63
324.66
324.69
324.718
324.746
324.774
324.8
324.826
324.852
324.877
324.901
324.926
324.95
324.974
324.997
325.02
325.043
325.065
325.086
325.107
325.128
325.149
325.169
325.189
325.208
325.228
325.247
325.266
325.284
325.302
325.32
325.337
325.354
325.371
325.388
325.405
325.421
325.437
325.453
325.469
325.485
325.501
325.516
325.531
325.547
325.563
325.58
325.598
325.619
325.646
325.69
325.794
326.062
320.488
320.867
321.253
321.588
321.876
322.127
322.348
322.542
322.715
322.87
323.01
323.137
323.253
323.359
323.456
323.546
323.629
323.707
323.779
323.847
323.91
323.97
324.027
324.08
324.131
324.18
324.226
324.271
324.314
324.354
324.394
324.431
324.467
324.502
324.536
324.569
324.601
324.632
324.662
324.691
324.72
324.748
324.776
324.802
324.828
324.854
324.879
324.904
324.928
324.952
324.976
325
325.023
325.045
325.067
325.089
325.11
325.131
325.152
325.172
325.191
325.211
325.23
325.249
325.268
325.286
325.304
325.322
325.34
325.357
325.374
325.391
325.408
325.424
325.44
325.456
325.473
325.488
325.504
325.52
325.535
325.551
325.567
325.583
325.602
325.623
325.649
325.693
325.796
326.065
320.488
320.866
321.253
321.587
321.876
322.127
322.347
322.542
322.715
322.87
323.01
323.137
323.253
323.358
323.456
323.546
323.629
323.707
323.779
323.847
323.91
323.97
324.027
324.081
324.132
324.181
324.227
324.272
324.314
324.355
324.394
324.432
324.468
324.503
324.537
324.57
324.602
324.633
324.664
324.693
324.722
324.75
324.778
324.804
324.831
324.856
324.882
324.906
324.931
324.955
324.979
325.002
325.025
325.048
325.07
325.092
325.113
325.134
325.155
325.175
325.195
325.214
325.234
325.253
325.271
325.29
325.308
325.326
325.343
325.361
325.378
325.395
325.411
325.428
325.444
325.46
325.477
325.492
325.508
325.524
325.54
325.555
325.571
325.588
325.606
325.627
325.653
325.697
325.8
326.068
320.488
320.866
321.253
321.587
321.876
322.127
322.347
322.541
322.715
322.87
323.01
323.137
323.252
323.358
323.456
323.546
323.629
323.707
323.779
323.847
323.911
323.971
324.028
324.081
324.133
324.181
324.228
324.273
324.315
324.356
324.395
324.433
324.47
324.505
324.539
324.572
324.604
324.635
324.666
324.695
324.724
324.753
324.78
324.807
324.833
324.859
324.885
324.91
324.934
324.959
324.982
325.006
325.029
325.051
325.074
325.095
325.117
325.138
325.159
325.179
325.199
325.218
325.238
325.257
325.276
325.294
325.312
325.33
325.348
325.365
325.383
325.4
325.416
325.433
325.449
325.466
325.482
325.498
325.514
325.529
325.545
325.561
325.577
325.594
325.612
325.633
325.659
325.702
325.804
326.072
320.488
320.866
321.253
321.587
321.876
322.127
322.347
322.541
322.715
322.87
323.01
323.137
323.253
323.359
323.456
323.546
323.63
323.708
323.78
323.848
323.912
323.972
324.029
324.083
324.135
324.184
324.23
324.275
324.318
324.359
324.398
324.436
324.473
324.508
324.542
324.576
324.608
324.639
324.67
324.7
324.729
324.757
324.785
324.812
324.839
324.865
324.89
324.915
324.94
324.965
324.989
325.012
325.035
325.058
325.08
325.102
325.123
325.145
325.165
325.186
325.206
325.226
325.245
325.264
325.283
325.302
325.32
325.338
325.355
325.373
325.39
325.407
325.424
325.44
325.457
325.473
325.489
325.505
325.521
325.537
325.553
325.568
325.585
325.602
325.62
325.64
325.665
325.707
325.807
326.073
320.488
320.866
321.253
321.587
321.876
322.127
322.348
322.542
322.716
322.871
323.012
323.139
323.255
323.361
323.459
323.55
323.633
323.711
323.784
323.853
323.917
323.978
324.035
324.089
324.141
324.19
324.237
324.282
324.325
324.366
324.406
324.444
324.481
324.517
324.552
324.586
324.618
324.65
324.681
324.711
324.74
324.769
324.797
324.825
324.852
324.878
324.904
324.929
324.954
324.979
325.003
325.027
325.05
325.073
325.095
325.118
325.139
325.161
325.182
325.202
325.223
325.242
325.262
325.281
325.3
325.319
325.337
325.355
325.373
325.391
325.408
325.425
325.442
325.458
325.475
325.491
325.507
325.523
325.538
325.554
325.57
325.585
325.601
325.618
325.636
325.656
325.68
325.72
325.817
326.077
320.488
320.868
321.256
321.591
321.882
322.134
322.356
322.552
322.726
322.883
323.025
323.153
323.27
323.378
323.477
323.569
323.654
323.733
323.807
323.877
323.942
324.004
324.062
324.118
324.171
324.221
324.269
324.315
324.359
324.401
324.442
324.481
324.519
324.556
324.592
324.627
324.66
324.693
324.725
324.756
324.787
324.816
324.845
324.874
324.902
324.929
324.956
324.982
325.008
325.034
325.059
325.083
325.107
325.131
325.154
325.177
325.2
325.222
325.243
325.265
325.286
325.307
325.327
325.347
325.367
325.386
325.405
325.424
325.442
325.46
325.478
325.495
325.513
325.53
325.547
325.563
325.58
325.596
325.612
325.628
325.644
325.66
325.676
325.693
325.711
325.731
325.755
325.793
325.883
326.131
320.495
320.88
321.274
321.615
321.911
322.169
322.396
322.598
322.777
322.939
323.085
323.218
323.34
323.452
323.555
323.651
323.74
323.823
323.901
323.974
324.043
324.109
324.171
324.23
324.286
324.339
324.391
324.44
324.487
324.533
324.577
324.619
324.66
324.7
324.739
324.776
324.813
324.849
324.884
324.918
324.951
324.983
325.015
325.046
325.077
325.107
325.137
325.166
325.194
325.222
325.249
325.276
325.303
325.329
325.355
325.38
325.405
325.429
325.454
325.477
325.5
325.523
325.546
325.568
325.59
325.611
325.633
325.653
325.674
325.694
325.714
325.733
325.753
325.772
325.79
325.809
325.827
325.845
325.863
325.88
325.898
325.916
325.933
325.952
325.971
325.992
326.016
326.052
326.133
326.349
)
;
        refGradient     uniform 0;
        valueFraction   nonuniform List<scalar> 
990
(
0.495766
0.495766
0.495766
0.495766
0.495766
0.495766
0.495766
0.495766
0.495766
0.495766
0.495766
0.495766
0.495766
0.495766
0.495766
0.495766
0.495766
0.495766
0.495766
0.495766
0.495766
0.495766
0.495766
0.495766
0.495766
0.495766
0.495766
0.495766
0.495766
0.495766
0.495766
0.495766
0.495766
0.495766
0.495766
0.495766
0.495766
0.495766
0.495766
0.495766
0.495766
0.495766
0.495766
0.495766
0.495766
0.495766
0.495766
0.495766
0.495766
0.495766
0.495766
0.495766
0.495766
0.495766
0.495766
0.495766
0.495766
0.495766
0.495766
0.495766
0.495766
0.495766
0.495766
0.495766
0.495766
0.495766
0.495766
0.495766
0.495766
0.495766
0.495766
0.495766
0.495766
0.495766
0.495766
0.495766
0.495766
0.495766
0.495766
0.495766
0.495766
0.495766
0.495766
0.495766
0.495766
0.495766
0.495766
0.495766
0.495766
0.495766
0.495766
0.495766
0.495766
0.495766
0.495766
0.495766
0.495766
0.495766
0.495766
0.495766
0.495766
0.495766
0.495766
0.495766
0.495766
0.495766
0.495766
0.495766
0.495766
0.495766
0.495766
0.495766
0.495766
0.495766
0.495766
0.495766
0.495766
0.495766
0.495766
0.495766
0.495766
0.495766
0.495766
0.495766
0.495766
0.495766
0.495766
0.495766
0.495766
0.495766
0.495766
0.495766
0.495766
0.495766
0.495766
0.495766
0.495766
0.495766
0.495766
0.495766
0.495766
0.495766
0.495766
0.495766
0.495766
0.495766
0.495766
0.495766
0.495766
0.495766
0.495766
0.495766
0.495766
0.495766
0.495766
0.495766
0.495766
0.495766
0.495766
0.495766
0.495766
0.495766
0.495766
0.495766
0.495766
0.495766
0.495766
0.495766
0.495766
0.495766
0.495766
0.495766
0.495766
0.495766
0.495766
0.495766
0.495766
0.495766
0.495766
0.495766
0.495766
0.495766
0.495766
0.495766
0.495766
0.495766
0.495766
0.495766
0.495766
0.495766
0.495766
0.495766
0.495766
0.495766
0.495766
0.495766
0.495766
0.495766
0.495766
0.495766
0.495766
0.495766
0.495766
0.495766
0.495766
0.495766
0.495766
0.495766
0.495766
0.495766
0.495766
0.495766
0.495766
0.495766
0.495766
0.495766
0.495766
0.495766
0.495766
0.495766
0.495766
0.495766
0.495766
0.495766
0.495766
0.495766
0.495766
0.495766
0.495766
0.495766
0.495766
0.495766
0.495766
0.495766
0.495766
0.495766
0.495766
0.495766
0.495766
0.495766
0.495766
0.495766
0.495766
0.495766
0.495766
0.495766
0.495766
0.495766
0.495766
0.495766
0.495766
0.495766
0.495766
0.495766
0.495766
0.495766
0.495766
0.495766
0.495766
0.495766
0.495766
0.495766
0.495766
0.495766
0.495766
0.495766
0.495766
0.495766
0.495766
0.495766
0.495766
0.495766
0.495766
0.495766
0.495766
0.495766
0.495766
0.495766
0.495766
0.495766
0.495766
0.495766
0.495766
0.495766
0.495766
0.495766
0.495766
0.495766
0.495766
0.495766
0.495766
0.495766
0.495766
0.495766
0.495766
0.495766
0.495766
0.495766
0.495766
0.495766
0.495766
0.495766
0.495766
0.495766
0.495766
0.495766
0.495766
0.495766
0.495766
0.495766
0.495766
0.495766
0.495766
0.495766
0.495766
0.495766
0.495766
0.495766
0.495766
0.495766
0.495766
0.495766
0.495766
0.495766
0.495766
0.495766
0.495766
0.495766
0.495766
0.495766
0.495766
0.495766
0.495766
0.495766
0.495766
0.495766
0.495766
0.495766
0.495766
0.495766
0.495766
0.495766
0.495766
0.495766
0.495766
0.495766
0.495766
0.495766
0.495766
0.495766
0.495766
0.495766
0.495766
0.495766
0.495766
0.495766
0.495766
0.495766
0.495766
0.495766
0.495766
0.495766
0.495766
0.495766
0.495766
0.495766
0.495766
0.495766
0.495766
0.495766
0.495766
0.495766
0.495766
0.495766
0.495766
0.495766
0.495766
0.495766
0.495766
0.495766
0.495766
0.495766
0.495766
0.495766
0.495766
0.495766
0.495766
0.495766
0.495766
0.495766
0.495766
0.495766
0.495766
0.495766
0.495766
0.495766
0.495766
0.495766
0.495766
0.495766
0.495766
0.495766
0.495766
0.495766
0.495766
0.495766
0.495766
0.495766
0.495766
0.495766
0.495766
0.495766
0.495766
0.495766
0.495766
0.495766
0.495766
0.495766
0.495766
0.495766
0.495766
0.495766
0.495766
0.495766
0.495766
0.495766
0.495766
0.495766
0.495766
0.495766
0.495766
0.495766
0.495766
0.495766
0.495766
0.495766
0.495766
0.495766
0.495766
0.495766
0.495766
0.495766
0.495766
0.495766
0.495766
0.495766
0.495766
0.495766
0.495766
0.495766
0.495766
0.495766
0.495766
0.495766
0.495766
0.495766
0.495766
0.495766
0.495766
0.495766
0.495766
0.495766
0.495766
0.495766
0.495766
0.495766
0.495766
0.495766
0.495766
0.495766
0.495766
0.495766
0.495766
0.495766
0.495766
0.495766
0.495766
0.495766
0.495766
0.495766
0.495766
0.495766
0.495766
0.495766
0.495766
0.495766
0.495766
0.495766
0.495766
0.495766
0.495766
0.495766
0.495766
0.495766
0.495766
0.495766
0.495766
0.495766
0.495766
0.495766
0.495766
0.495766
0.495766
0.495766
0.495766
0.495766
0.495766
0.495766
0.495766
0.495766
0.495766
0.495766
0.495766
0.495766
0.495766
0.495766
0.495766
0.495766
0.495766
0.495766
0.495766
0.495766
0.495766
0.495766
0.495766
0.495766
0.495766
0.495766
0.495766
0.495766
0.495766
0.495766
0.495766
0.495766
0.495766
0.495766
0.495766
0.495766
0.495766
0.495766
0.495766
0.495766
0.495766
0.495766
0.495766
0.495766
0.495766
0.495766
0.495766
0.495766
0.495766
0.495766
0.495766
0.495766
0.495766
0.495766
0.495766
0.495766
0.495766
0.495766
0.495766
0.495766
0.495766
0.495766
0.495766
0.495766
0.495766
0.495766
0.495766
0.495766
0.495766
0.495766
0.495766
0.495766
0.495766
0.495766
0.495766
0.495766
0.495766
0.495766
0.495766
0.495766
0.495766
0.495766
0.495766
0.495766
0.495766
0.495766
0.495766
0.495766
0.495766
0.495766
0.495766
0.495766
0.495766
0.495766
0.495766
0.495766
0.495766
0.495766
0.495766
0.495766
0.495766
0.495766
0.495766
0.495766
0.495766
0.495766
0.495766
0.495766
0.495766
0.495766
0.495766
0.495766
0.495766
0.495766
0.495766
0.495766
0.495766
0.495766
0.495766
0.495766
0.495766
0.495766
0.495766
0.495766
0.495766
0.495766
0.495766
0.495766
0.495766
0.495766
0.495766
0.495766
0.495766
0.495766
0.495766
0.495766
0.495766
0.495766
0.495766
0.495766
0.495766
0.495766
0.495766
0.495766
0.495766
0.495766
0.495766
0.495766
0.495766
0.495766
0.495766
0.495766
0.495766
0.495766
0.495766
0.495766
0.495766
0.495766
0.495766
0.495766
0.495766
0.495766
0.495766
0.495766
0.495766
0.495766
0.495766
0.495766
0.495766
0.495766
0.495766
0.495766
0.495766
0.495766
0.495766
0.495766
0.495766
0.495766
0.495766
0.495766
0.495766
0.495766
0.495766
0.495766
0.495766
0.495766
0.495766
0.495766
0.495766
0.495766
0.495766
0.495766
0.495766
0.495766
0.495766
0.495766
0.495766
0.495766
0.495766
0.495766
0.495766
0.495766
0.495766
0.495766
0.495766
0.495766
0.495766
0.495766
0.495766
0.495766
0.495766
0.495766
0.495766
0.495766
0.495766
0.495766
0.495766
0.495766
0.495766
0.495766
0.495766
0.495766
0.495766
0.495766
0.495766
0.495766
0.495766
0.495766
0.495766
0.495766
0.495766
0.495766
0.495766
0.495766
0.495766
0.495766
0.495766
0.495766
0.495766
0.495766
0.495766
0.495766
0.495766
0.495766
0.495766
0.495766
0.495766
0.495766
0.495766
0.495766
0.495766
0.495766
0.495766
0.495766
0.495766
0.495766
0.495766
0.495766
0.495766
0.495766
0.495766
0.495766
0.495766
0.495766
0.495766
0.495766
0.495766
0.495766
0.495766
0.495766
0.495766
0.495766
0.495766
0.495766
0.495766
0.495766
0.495766
0.495766
0.495766
0.495766
0.495766
0.495766
0.495766
0.495766
0.495766
0.495766
0.495766
0.495766
0.495766
0.495766
0.495766
0.495766
0.495766
0.495766
0.495766
0.495766
0.495766
0.495766
0.495766
0.495766
0.495766
0.495766
0.495766
0.495766
0.495766
0.495766
0.495766
0.495766
0.495766
0.495766
0.495766
0.495766
0.495766
0.495766
0.495766
0.495766
0.495766
0.495766
0.495766
0.495766
0.495766
0.495766
0.495766
0.495766
0.495766
0.495766
0.495766
0.495766
0.495766
0.495766
0.495766
0.495766
0.495766
0.495766
0.495766
0.495766
0.495766
0.495766
0.495766
0.495766
0.495766
0.495766
0.495766
0.495766
0.495766
0.495766
0.495766
0.495766
0.495766
0.495766
0.495766
0.495766
0.495766
0.495766
0.495766
0.495766
0.495766
0.495766
0.495766
0.495766
0.495766
0.495766
0.495766
0.495766
0.495766
0.495766
0.495766
0.495766
0.495766
0.495766
0.495766
0.495766
0.495766
0.495766
0.495766
0.495766
0.495766
0.495766
0.495766
0.495766
0.495766
0.495766
0.495766
0.495766
0.495766
0.495766
0.495766
0.495766
0.495766
0.495766
0.495766
0.495766
0.495766
0.495766
0.495766
0.495766
0.495766
0.495766
0.495766
0.495766
0.495766
0.495766
0.495766
0.495766
0.495766
0.495766
0.495766
0.495766
0.495766
0.495766
0.495766
0.495766
0.495766
0.495766
0.495766
0.495766
0.495766
0.495766
0.495766
0.495766
0.495766
0.495766
0.495766
0.495766
0.495766
0.495766
0.495766
0.495766
0.495766
0.495766
0.495766
0.495766
0.495766
0.495766
0.495766
0.495766
0.495766
0.495766
0.495766
0.495766
0.495766
0.495766
0.495766
0.495766
0.495766
0.495766
0.495766
0.495766
0.495766
0.495766
0.495766
0.495766
0.495766
0.495766
0.495766
0.495766
0.495766
0.495766
0.495766
0.495766
0.495766
0.495766
0.495766
0.495766
0.495766
0.495766
0.495766
0.495766
0.495766
0.495766
0.495766
0.495766
0.495766
0.495766
0.495766
0.495766
0.495766
0.495766
0.495766
0.495766
0.495766
0.495766
0.495766
0.495766
0.495766
0.495766
0.495766
0.495766
)
;
        value           nonuniform List<scalar> 
990
(
321.074
321.473
321.873
322.217
322.514
322.772
322.999
323.199
323.377
323.537
323.68
323.811
323.93
324.039
324.139
324.232
324.318
324.397
324.472
324.541
324.606
324.667
324.725
324.78
324.832
324.881
324.928
324.974
325.017
325.059
325.098
325.133
325.155
325.186
325.219
325.251
325.283
325.315
325.345
325.375
325.404
325.432
325.46
325.488
325.514
325.541
325.567
325.592
325.617
325.641
325.665
325.689
325.712
325.735
325.758
325.781
325.804
325.831
325.869
325.894
325.916
325.936
325.956
325.975
325.994
326.013
326.031
326.049
326.067
326.084
326.102
326.119
326.136
326.153
326.169
326.186
326.202
326.218
326.234
326.25
326.266
326.282
326.299
326.317
326.336
326.358
326.385
326.43
326.534
326.82
321.074
321.473
321.873
322.217
322.514
322.772
322.999
323.199
323.377
323.536
323.68
323.811
323.93
324.039
324.139
324.232
324.317
324.397
324.471
324.54
324.606
324.667
324.725
324.78
324.832
324.881
324.929
324.974
325.018
325.06
325.1
325.138
325.173
325.207
325.241
325.274
325.307
325.338
325.369
325.399
325.428
325.457
325.485
325.512
325.539
325.565
325.591
325.616
325.641
325.666
325.69
325.714
325.737
325.761
325.783
325.806
325.828
325.851
325.874
325.896
325.917
325.937
325.957
325.977
325.996
326.014
326.033
326.051
326.069
326.086
326.104
326.121
326.138
326.155
326.171
326.188
326.204
326.22
326.236
326.252
326.268
326.284
326.3
326.318
326.337
326.359
326.386
326.431
326.535
326.821
321.074
321.472
321.873
322.217
322.514
322.772
322.998
323.198
323.377
323.536
323.68
323.81
323.929
324.039
324.139
324.231
324.317
324.397
324.471
324.54
324.605
324.667
324.725
324.78
324.832
324.882
324.929
324.975
325.019
325.061
325.101
325.14
325.177
325.212
325.246
325.28
325.312
325.344
325.375
325.405
325.434
325.463
325.491
325.519
325.545
325.572
325.597
325.623
325.647
325.672
325.697
325.721
325.744
325.767
325.79
325.812
325.834
325.856
325.877
325.898
325.919
325.939
325.959
325.979
325.998
326.017
326.035
326.053
326.071
326.089
326.106
326.123
326.141
326.157
326.174
326.191
326.207
326.223
326.239
326.255
326.271
326.287
326.303
326.32
326.34
326.361
326.389
326.433
326.538
326.824
321.073
321.472
321.873
322.217
322.514
322.772
322.998
323.198
323.376
323.536
323.68
323.81
323.929
324.038
324.139
324.231
324.317
324.397
324.471
324.54
324.605
324.667
324.725
324.78
324.832
324.882
324.93
324.976
325.02
325.062
325.102
325.141
325.178
325.214
325.248
325.282
325.315
325.346
325.377
325.408
325.437
325.466
325.494
325.521
325.548
325.574
325.6
325.626
325.651
325.675
325.7
325.724
325.748
325.771
325.793
325.816
325.838
325.859
325.88
325.901
325.921
325.941
325.962
325.981
326
326.019
326.037
326.056
326.074
326.092
326.109
326.126
326.143
326.16
326.177
326.193
326.21
326.226
326.242
326.258
326.274
326.29
326.306
326.323
326.342
326.364
326.391
326.435
326.54
326.827
321.073
321.472
321.872
322.217
322.514
322.772
322.998
323.198
323.376
323.536
323.68
323.81
323.929
324.038
324.138
324.231
324.317
324.396
324.471
324.54
324.605
324.667
324.725
324.78
324.833
324.883
324.931
324.977
325.02
325.063
325.103
325.142
325.179
325.215
325.249
325.283
325.316
325.348
325.379
325.409
325.439
325.468
325.496
325.523
325.55
325.577
325.602
325.628
325.653
325.678
325.702
325.727
325.75
325.773
325.796
325.818
325.84
325.862
325.883
325.904
325.924
325.944
325.964
325.984
326.003
326.022
326.04
326.058
326.077
326.094
326.112
326.129
326.146
326.163
326.18
326.197
326.213
326.229
326.246
326.261
326.277
326.293
326.31
326.327
326.346
326.367
326.394
326.438
326.543
326.829
321.073
321.472
321.872
322.216
322.513
322.772
322.998
323.198
323.376
323.535
323.679
323.81
323.929
324.038
324.138
324.231
324.316
324.396
324.471
324.54
324.606
324.667
324.726
324.781
324.833
324.884
324.932
324.977
325.021
325.063
325.104
325.142
325.18
325.216
325.251
325.285
325.318
325.35
325.381
325.411
325.441
325.47
325.498
325.526
325.553
325.579
325.605
325.63
325.656
325.681
325.705
325.729
325.753
325.776
325.799
325.821
325.843
325.865
325.886
325.907
325.927
325.947
325.967
325.987
326.006
326.025
326.044
326.062
326.08
326.098
326.116
326.133
326.15
326.167
326.184
326.201
326.217
326.234
326.25
326.266
326.282
326.298
326.315
326.332
326.351
326.372
326.398
326.442
326.547
326.833
321.073
321.472
321.872
322.216
322.513
322.771
322.998
323.198
323.376
323.535
323.679
323.81
323.929
324.038
324.138
324.231
324.316
324.396
324.471
324.54
324.606
324.668
324.726
324.782
324.834
324.885
324.933
324.978
325.022
325.064
325.105
325.143
325.181
325.217
325.252
325.286
325.319
325.352
325.383
325.413
325.443
325.472
325.501
325.528
325.555
325.582
325.608
325.634
325.659
325.684
325.709
325.733
325.756
325.78
325.802
325.825
325.847
325.869
325.89
325.911
325.931
325.952
325.971
325.991
326.01
326.029
326.048
326.067
326.085
326.103
326.12
326.138
326.155
326.172
326.189
326.206
326.222
326.239
326.255
326.271
326.288
326.304
326.321
326.338
326.357
326.378
326.404
326.447
326.551
326.837
321.073
321.471
321.872
322.216
322.513
322.771
322.997
323.197
323.376
323.535
323.679
323.81
323.929
324.038
324.138
324.231
324.317
324.397
324.472
324.541
324.607
324.669
324.728
324.783
324.836
324.887
324.935
324.981
325.025
325.067
325.107
325.146
325.184
325.22
325.256
325.29
325.323
325.355
325.387
325.418
325.448
325.477
325.505
325.533
325.561
325.587
325.614
325.639
325.665
325.69
325.715
325.739
325.763
325.786
325.809
325.831
325.853
325.875
325.897
325.918
325.938
325.959
325.979
325.998
326.018
326.037
326.055
326.074
326.092
326.11
326.128
326.145
326.163
326.18
326.197
326.213
326.23
326.246
326.263
326.279
326.295
326.311
326.328
326.345
326.364
326.384
326.41
326.452
326.554
326.838
321.072
321.471
321.872
322.216
322.513
322.771
322.998
323.198
323.377
323.537
323.681
323.812
323.931
324.04
324.141
324.234
324.32
324.4
324.475
324.546
324.612
324.674
324.733
324.789
324.842
324.893
324.941
324.987
325.032
325.074
325.115
325.154
325.192
325.229
325.265
325.299
325.333
325.366
325.397
325.428
325.459
325.488
325.517
325.545
325.573
325.6
325.627
325.653
325.679
325.704
325.729
325.753
325.777
325.801
325.824
325.846
325.869
325.891
325.912
325.934
325.954
325.975
325.995
326.015
326.034
326.053
326.072
326.091
326.109
326.127
326.145
326.162
326.18
326.197
326.213
326.23
326.247
326.263
326.279
326.295
326.311
326.327
326.344
326.361
326.379
326.399
326.424
326.464
326.562
326.84
321.073
321.473
321.875
322.22
322.518
322.778
323.006
323.207
323.387
323.548
323.694
323.826
323.946
324.057
324.159
324.253
324.34
324.422
324.498
324.569
324.637
324.7
324.76
324.817
324.871
324.923
324.973
325.02
325.065
325.109
325.15
325.191
325.23
325.268
325.305
325.34
325.375
325.409
325.441
325.473
325.505
325.535
325.565
325.594
325.623
325.651
325.679
325.706
325.732
325.758
325.784
325.809
325.834
325.858
325.882
325.906
325.929
325.952
325.974
325.996
326.018
326.039
326.06
326.08
326.101
326.121
326.14
326.159
326.178
326.197
326.215
326.233
326.251
326.268
326.286
326.303
326.32
326.336
326.353
326.369
326.386
326.402
326.419
326.436
326.455
326.475
326.499
326.537
326.628
326.894
321.08
321.486
321.894
322.246
322.55
322.816
323.049
323.256
323.441
323.608
323.758
323.895
324.021
324.136
324.242
324.341
324.432
324.518
324.598
324.674
324.745
324.812
324.876
324.937
324.995
325.05
325.103
325.154
325.202
325.249
325.295
325.338
325.381
325.422
325.462
325.501
325.538
325.575
325.611
325.646
325.681
325.714
325.747
325.779
325.811
325.842
325.872
325.902
325.931
325.96
325.988
326.016
326.044
326.071
326.097
326.123
326.149
326.174
326.199
326.223
326.247
326.271
326.294
326.317
326.34
326.362
326.384
326.405
326.426
326.447
326.467
326.488
326.507
326.527
326.546
326.565
326.584
326.603
326.621
326.639
326.657
326.676
326.694
326.713
326.732
326.754
326.779
326.815
326.896
327.127
)
;
        Tnbr            T;
        qrNbr           none;
        qr              none;
        thermalInertia  false;
        thicknessLayers List<scalar> 0();
        kappaLayers     List<scalar> 0();
        kappaMethod     solidThermo;
        kappa           none;
        alphaAni        none;
        alpha           none;
    }
    asphalt_to_air
    {
        type            compressible::turbulentTemperatureRadCoupledMixed;
        refValue        nonuniform List<scalar> 
990
(
310.211
310.408
310.585
310.746
310.895
311.033
311.163
311.285
311.4
311.509
311.613
311.712
311.807
311.898
311.986
312.07
312.152
312.232
312.309
312.384
312.457
312.528
312.598
312.666
312.733
312.798
312.862
312.926
312.988
313.049
313.109
313.168
313.226
313.283
313.34
313.395
313.45
313.505
313.558
313.611
313.663
313.715
313.765
313.816
313.865
313.914
313.962
314.01
314.057
314.104
314.15
314.195
314.239
314.284
314.327
314.37
314.412
314.454
314.496
314.536
314.577
314.617
314.656
314.695
314.733
314.77
314.808
314.844
314.88
314.916
314.951
314.986
315.021
315.054
315.088
315.121
315.154
315.186
315.217
315.249
315.28
315.311
315.341
315.371
315.401
315.431
315.461
315.492
315.524
315.563
310.211
310.408
310.585
310.746
310.895
311.033
311.163
311.285
311.4
311.509
311.613
311.712
311.807
311.898
311.986
312.07
312.152
312.231
312.309
312.384
312.457
312.528
312.598
312.666
312.732
312.798
312.862
312.925
312.987
313.048
313.108
313.167
313.225
313.283
313.339
313.395
313.45
313.504
313.558
313.611
313.663
313.714
313.765
313.815
313.865
313.914
313.962
314.01
314.057
314.103
314.149
314.194
314.239
314.283
314.326
314.369
314.412
314.454
314.495
314.536
314.576
314.616
314.655
314.693
314.732
314.769
314.806
314.843
314.879
314.915
314.95
314.985
315.02
315.053
315.087
315.12
315.153
315.185
315.217
315.248
315.279
315.31
315.341
315.371
315.401
315.431
315.461
315.491
315.524
315.562
310.211
310.408
310.585
310.746
310.895
311.033
311.163
311.285
311.4
311.509
311.613
311.712
311.807
311.898
311.985
312.07
312.152
312.231
312.308
312.383
312.456
312.528
312.597
312.665
312.732
312.798
312.862
312.925
312.987
313.048
313.108
313.167
313.225
313.282
313.339
313.394
313.449
313.503
313.557
313.61
313.662
313.713
313.764
313.814
313.864
313.913
313.961
314.008
314.055
314.102
314.148
314.193
314.238
314.282
314.325
314.368
314.411
314.453
314.494
314.535
314.575
314.615
314.654
314.693
314.731
314.768
314.806
314.842
314.879
314.915
314.95
314.985
315.019
315.053
315.087
315.12
315.153
315.185
315.217
315.249
315.28
315.311
315.342
315.372
315.403
315.433
315.463
315.494
315.527
315.565
310.211
310.408
310.585
310.746
310.895
311.033
311.163
311.285
311.4
311.509
311.613
311.712
311.807
311.898
311.985
312.07
312.152
312.231
312.308
312.383
312.456
312.527
312.597
312.665
312.732
312.797
312.861
312.925
312.986
313.047
313.107
313.166
313.224
313.282
313.338
313.394
313.449
313.503
313.556
313.609
313.661
313.713
313.763
313.813
313.863
313.912
313.96
314.008
314.055
314.101
314.147
314.192
314.237
314.281
314.324
314.367
314.41
314.452
314.493
314.534
314.574
314.614
314.653
314.692
314.73
314.768
314.805
314.842
314.878
314.914
314.949
314.984
315.019
315.053
315.087
315.12
315.153
315.185
315.217
315.249
315.28
315.312
315.342
315.373
315.403
315.434
315.464
315.495
315.528
315.567
310.211
310.408
310.585
310.746
310.895
311.033
311.163
311.285
311.4
311.509
311.613
311.712
311.806
311.898
311.985
312.07
312.152
312.231
312.308
312.383
312.456
312.527
312.597
312.665
312.732
312.797
312.861
312.924
312.986
313.047
313.107
313.166
313.224
313.281
313.338
313.393
313.448
313.502
313.556
313.608
313.66
313.712
313.762
313.813
313.862
313.911
313.959
314.007
314.053
314.1
314.146
314.191
314.236
314.28
314.323
314.366
314.409
314.45
314.492
314.533
314.573
314.613
314.652
314.691
314.729
314.767
314.804
314.841
314.877
314.913
314.949
314.984
315.018
315.052
315.086
315.119
315.152
315.185
315.217
315.249
315.281
315.312
315.343
315.373
315.404
315.434
315.465
315.496
315.529
315.568
310.211
310.408
310.585
310.746
310.895
311.033
311.163
311.285
311.4
311.509
311.613
311.712
311.806
311.897
311.985
312.07
312.152
312.231
312.308
312.383
312.456
312.527
312.597
312.665
312.731
312.797
312.861
312.924
312.986
313.047
313.107
313.166
313.224
313.281
313.337
313.393
313.448
313.502
313.555
313.608
313.66
313.711
313.762
313.812
313.862
313.91
313.959
314.006
314.053
314.099
314.145
314.19
314.235
314.279
314.323
314.366
314.408
314.45
314.491
314.532
314.573
314.612
314.652
314.69
314.729
314.767
314.804
314.841
314.877
314.913
314.949
314.984
315.018
315.053
315.086
315.12
315.153
315.186
315.218
315.25
315.282
315.313
315.344
315.375
315.406
315.436
315.467
315.498
315.532
315.571
310.211
310.408
310.585
310.746
310.895
311.033
311.163
311.285
311.4
311.509
311.612
311.711
311.806
311.897
311.985
312.07
312.151
312.231
312.308
312.383
312.456
312.527
312.596
312.665
312.731
312.797
312.861
312.924
312.986
313.046
313.106
313.165
313.223
313.28
313.337
313.392
313.447
313.501
313.555
313.607
313.659
313.711
313.761
313.811
313.861
313.909
313.958
314.005
314.052
314.098
314.144
314.189
314.234
314.278
314.322
314.365
314.407
314.449
314.49
314.531
314.571
314.611
314.65
314.689
314.728
314.765
314.803
314.84
314.876
314.912
314.948
314.983
315.018
315.052
315.086
315.119
315.153
315.185
315.218
315.25
315.282
315.313
315.344
315.376
315.406
315.437
315.468
315.5
315.533
315.573
310.211
310.408
310.585
310.746
310.895
311.033
311.163
311.285
311.4
311.509
311.612
311.711
311.806
311.897
311.985
312.069
312.151
312.231
312.308
312.383
312.456
312.527
312.596
312.664
312.731
312.796
312.861
312.924
312.985
313.046
313.106
313.165
313.223
313.28
313.337
313.392
313.447
313.501
313.555
313.607
313.659
313.711
313.761
313.811
313.861
313.909
313.957
314.005
314.052
314.098
314.144
314.189
314.234
314.278
314.321
314.364
314.407
314.448
314.49
314.53
314.571
314.61
314.65
314.688
314.727
314.764
314.802
314.838
314.875
314.911
314.946
314.981
315.015
315.05
315.083
315.116
315.149
315.182
315.214
315.246
315.277
315.308
315.339
315.37
315.401
315.431
315.462
315.492
315.525
315.564
310.211
310.408
310.585
310.746
310.895
311.033
311.163
311.284
311.399
311.508
311.612
311.711
311.806
311.897
311.985
312.069
312.151
312.23
312.307
312.382
312.455
312.527
312.596
312.664
312.731
312.796
312.86
312.923
312.985
313.046
313.106
313.165
313.223
313.28
313.336
313.392
313.447
313.501
313.554
313.607
313.658
313.71
313.76
313.81
313.859
313.908
313.956
314.003
314.05
314.096
314.142
314.187
314.231
314.275
314.318
314.361
314.403
314.445
314.486
314.526
314.566
314.606
314.645
314.683
314.721
314.758
314.795
314.831
314.867
314.903
314.937
314.972
315.006
315.039
315.072
315.105
315.137
315.169
315.2
315.231
315.262
315.292
315.322
315.352
315.382
315.411
315.44
315.47
315.502
315.539
310.211
310.408
310.585
310.746
310.895
311.033
311.163
311.285
311.4
311.509
311.613
311.712
311.807
311.898
311.985
312.07
312.152
312.231
312.309
312.384
312.457
312.528
312.598
312.666
312.733
312.798
312.863
312.926
312.988
313.049
313.109
313.168
313.226
313.283
313.34
313.396
313.451
313.505
313.558
313.611
313.663
313.714
313.765
313.815
313.865
313.913
313.961
314.009
314.056
314.102
314.148
314.193
314.237
314.281
314.325
314.367
314.409
314.451
314.492
314.533
314.572
314.612
314.651
314.689
314.727
314.764
314.801
314.837
314.872
314.907
314.942
314.976
315.01
315.043
315.076
315.108
315.14
315.171
315.202
315.232
315.262
315.292
315.321
315.35
315.379
315.408
315.437
315.466
315.497
315.533
310.211
310.408
310.585
310.747
310.896
311.035
311.165
311.287
311.403
311.512
311.617
311.716
311.812
311.904
311.992
312.078
312.16
312.24
312.318
312.394
312.468
312.54
312.611
312.68
312.747
312.814
312.879
312.943
313.006
313.067
313.128
313.188
313.247
313.306
313.363
313.42
313.476
313.531
313.585
313.639
313.692
313.744
313.796
313.847
313.897
313.947
313.996
314.044
314.092
314.139
314.186
314.232
314.277
314.322
314.366
314.41
314.453
314.495
314.537
314.578
314.619
314.659
314.699
314.738
314.777
314.815
314.852
314.889
314.926
314.962
314.997
315.032
315.067
315.101
315.135
315.168
315.2
315.232
315.264
315.295
315.326
315.357
315.387
315.417
315.447
315.476
315.505
315.535
315.567
315.603
)
;
        refGradient     nonuniform List<scalar> 
990
(
71.2866
69.0586
67.323
65.7981
64.4838
63.34
62.3358
61.4472
60.6552
59.9447
59.3037
58.7224
58.1927
57.7083
57.2633
56.8528
56.4724
56.1181
55.787
55.477
55.1862
54.9132
54.6564
54.414
54.1845
53.9666
53.7597
53.5633
53.3771
53.2004
53.0331
52.8785
52.7484
52.6044
52.459
52.3168
52.1787
52.0446
51.9144
51.7876
51.664
51.5433
51.4252
51.3094
51.196
51.0844
50.9744
50.8661
50.7593
50.6545
50.5519
50.4518
50.3542
50.2587
50.1648
50.0719
49.979
49.8817
49.7693
49.6745
49.5881
49.5055
49.4248
49.3472
49.2695
49.1931
49.118
49.0441
48.9712
48.8992
48.8284
48.759
48.6909
48.6239
48.5576
48.4919
48.427
48.3631
48.3004
48.239
48.1789
48.12
48.0625
48.007
47.9542
47.9044
47.8574
47.8231
47.9227
48.9976
71.2859
69.0579
67.3224
65.7976
64.4833
63.3396
62.3355
61.447
60.6551
59.9448
59.304
58.723
58.1937
57.7095
57.2646
56.8541
56.4736
56.1193
55.7884
55.4786
55.1882
54.9155
54.6588
54.4163
54.1866
53.9688
53.7619
53.5656
53.3791
53.2015
53.0318
52.8695
52.715
52.5634
52.4156
52.2723
52.1338
51.9992
51.8684
51.741
51.6168
51.4956
51.3772
51.2612
51.1471
51.035
50.9248
50.8164
50.71
50.606
50.5045
50.4054
50.3084
50.213
50.119
50.0263
49.9348
49.8443
49.7514
49.6636
49.579
49.4968
49.4201
49.3422
49.2644
49.188
49.1129
49.0391
48.9665
48.8948
48.8242
48.7547
48.6866
48.6196
48.5535
48.4882
48.4237
48.3601
48.2974
48.2357
48.1751
48.1157
48.0578
48.0022
47.9493
47.8993
47.8521
47.8178
47.9178
48.9927
71.2851
69.0572
67.3217
65.797
64.4828
63.3392
62.3352
61.4468
60.6551
59.945
59.3044
58.7236
58.1945
57.7105
57.2658
56.8553
56.4748
56.1206
55.7899
55.4804
55.1903
54.9178
54.6612
54.4187
54.189
53.9712
53.7645
53.5681
53.3813
53.2029
53.0317
52.8667
52.7077
52.5539
52.4051
52.2611
52.1222
51.9872
51.8559
51.728
51.6035
51.4819
51.3631
51.247
51.1324
51.02
50.9097
50.8013
50.6954
50.5921
50.4915
50.393
50.2963
50.2009
50.1069
50.0144
49.9235
49.8345
49.7452
49.6591
49.575
49.4928
49.4155
49.3372
49.2594
49.1828
49.1077
49.0339
48.9613
48.8897
48.8191
48.7495
48.6811
48.6139
48.5479
48.4828
48.4185
48.355
48.2922
48.2302
48.169
48.109
48.0505
47.9943
47.9408
47.8901
47.8421
47.8073
47.9072
48.9826
71.2842
69.0563
67.3208
65.7962
64.4821
63.3387
62.3348
61.4465
60.6549
59.945
59.3046
58.724
58.1952
57.7113
57.2666
56.8562
56.4757
56.1216
55.7912
55.4821
55.1923
54.92
54.6634
54.421
54.1914
53.9737
53.767
53.5705
53.3832
53.204
53.0316
52.8654
52.7051
52.5504
52.4011
52.2568
52.1174
51.982
51.8502
51.722
51.5971
51.4753
51.3562
51.2398
51.1251
51.0125
50.9021
50.794
50.6885
50.5857
50.4855
50.3874
50.2908
50.1955
50.1015
50.0092
49.9187
49.83
49.7424
49.6567
49.5727
49.4906
49.4116
49.333
49.2551
49.1786
49.1034
49.0296
48.957
48.8856
48.8151
48.7456
48.6771
48.6098
48.5437
48.4788
48.4148
48.3516
48.289
48.227
48.1657
48.1053
48.0465
47.9899
47.9359
47.8844
47.8355
47.7999
47.8997
48.9751
71.2832
69.0553
67.3199
65.7953
64.4814
63.338
62.3343
61.4461
60.6547
59.9449
59.3047
58.7243
58.1957
57.712
57.2674
56.857
56.4766
56.1228
55.7927
55.4839
55.1944
54.9223
54.6659
54.4236
54.1941
53.9764
53.7698
53.573
53.3852
53.2051
53.0319
52.865
52.7042
52.5492
52.3997
52.255
52.1152
51.9795
51.8474
51.7189
51.5938
51.4717
51.3524
51.2358
51.1209
51.0084
50.8981
50.7903
50.6852
50.5827
50.4828
50.3847
50.2881
50.1928
50.099
50.0069
49.9166
49.8281
49.7412
49.6557
49.5718
49.4896
49.4095
49.3307
49.2529
49.1763
49.1011
49.0273
48.9547
48.8833
48.8129
48.7434
48.6749
48.6076
48.5415
48.4766
48.4127
48.3497
48.2873
48.2253
48.164
48.1036
48.0446
47.9876
47.9331
47.8808
47.8306
47.7939
47.8934
48.9684
71.282
69.0541
67.3187
65.7942
64.4804
63.3371
62.3334
61.4454
60.6541
59.9445
59.3045
58.7243
58.1958
57.7122
57.2677
56.8574
56.4772
56.1236
55.7938
55.4853
55.1961
54.9243
54.668
54.4258
54.1964
53.9788
53.772
53.5749
53.3865
53.2058
53.032
52.8647
52.7037
52.5485
52.3987
52.2539
52.1136
51.9776
51.8453
51.7166
51.5912
51.4689
51.3494
51.2325
51.1177
51.0052
50.8952
50.7877
50.6829
50.5806
50.4806
50.3823
50.2856
50.1904
50.0968
50.0049
49.9148
49.8263
49.7397
49.6543
49.5705
49.4883
49.4078
49.3287
49.2509
49.1744
49.0992
49.0254
48.9528
48.8814
48.811
48.7416
48.6733
48.606
48.54
48.4751
48.4113
48.3484
48.2861
48.2244
48.1633
48.1031
48.0442
47.987
47.932
47.8789
47.8275
47.7892
47.8879
48.9625
71.2808
69.0527
67.3173
65.7929
64.4791
63.336
62.3325
61.4446
60.6535
59.9441
59.3044
58.7244
58.1961
57.7126
57.2682
56.8581
56.4781
56.1248
55.7953
55.4873
55.1984
54.9268
54.6708
54.4287
54.1995
53.9819
53.775
53.5776
53.3887
53.2075
53.0335
52.8661
52.705
52.5498
52.3999
52.2549
52.1144
51.9781
51.8457
51.7168
51.5914
51.469
51.3494
51.2324
51.1177
51.0054
50.8957
50.7886
50.6841
50.5819
50.4818
50.3834
50.2866
50.1915
50.0981
50.0065
49.9166
49.8284
49.7419
49.6568
49.5731
49.4911
49.4105
49.3314
49.2536
49.1772
49.1021
49.0283
48.9557
48.8844
48.8141
48.7449
48.6767
48.6097
48.5437
48.4789
48.4152
48.3523
48.2901
48.2287
48.1679
48.1081
48.0494
47.9923
47.937
47.8834
47.8307
47.7904
47.8876
48.9613
71.2792
69.0509
67.3154
65.791
64.4772
63.3341
62.3307
61.4429
60.6519
59.9427
59.3031
58.7233
58.1951
57.7117
57.2675
56.8576
56.4779
56.1249
55.7958
55.4881
55.1995
54.9282
54.6723
54.4305
54.2013
53.9838
53.7767
53.579
53.3899
53.2085
53.0344
52.867
52.706
52.5508
52.4009
52.2558
52.1152
51.9788
51.8463
51.7175
51.592
51.4696
51.35
51.233
51.1186
51.0067
50.8974
50.7907
50.6865
50.5845
50.4844
50.386
50.2894
50.1946
50.1016
50.0105
49.921
49.8332
49.7471
49.6625
49.5794
49.4978
49.4176
49.3389
49.2617
49.1858
49.1112
49.038
48.966
48.8952
48.8256
48.7571
48.6898
48.6237
48.5586
48.4947
48.4319
48.37
48.3089
48.2487
48.1894
48.1311
48.0739
48.0182
47.9643
47.9116
47.8592
47.8174
47.912
48.9826
71.277
69.0479
67.312
65.7872
64.4732
63.3299
62.3265
61.4387
60.6478
59.9387
59.2993
58.7197
58.1917
57.7086
57.2647
56.8552
56.4759
56.1234
55.7948
55.4876
55.1996
54.9287
54.6732
54.4316
54.2028
53.9854
53.7784
53.5808
53.3917
53.2106
53.0368
52.8698
52.7091
52.5541
52.4044
52.2596
52.1192
51.983
51.8508
51.7223
51.5971
51.475
51.3558
51.2393
51.1255
51.0144
50.9058
50.7999
50.6963
50.5949
50.4953
50.3976
50.3017
50.2077
50.1157
50.0254
49.937
49.8502
49.7652
49.6817
49.5998
49.5195
49.4405
49.3631
49.2871
49.2126
49.1395
49.0677
48.9971
48.9279
48.8599
48.7931
48.7276
48.6634
48.6003
48.5384
48.4776
48.4178
48.359
48.3012
48.2445
48.1891
48.1349
48.0823
48.0314
47.9817
47.9317
47.8891
47.9772
49.0366
71.2755
69.0485
67.314
65.7908
64.4784
63.3368
62.3351
61.4491
60.66
59.9528
59.3152
58.7374
58.2113
57.7301
57.2881
56.8805
56.5031
56.1526
55.826
55.5207
55.2345
54.9653
54.7116
54.4717
54.2444
54.0285
53.8229
53.6267
53.4392
53.2595
53.0873
52.9219
52.7627
52.6092
52.4609
52.3175
52.1785
52.0437
51.913
51.7858
51.6621
51.5414
51.4237
51.3088
51.1966
51.0871
50.9803
50.8759
50.7739
50.674
50.5759
50.4798
50.3856
50.2934
50.2031
50.1146
50.028
49.9431
49.86
49.7785
49.6987
49.6203
49.5435
49.4682
49.3944
49.3221
49.2512
49.1816
49.1134
49.0465
48.9809
48.9166
48.8537
48.792
48.7316
48.6724
48.6141
48.557
48.501
48.4462
48.3925
48.3401
48.2889
48.2392
48.1915
48.1453
48.0984
48.0546
48.1258
49.1422
71.3184
69.1405
67.4464
65.9595
64.6804
63.5693
62.5959
61.7364
60.9721
60.2882
59.6728
59.1161
58.6101
58.1482
57.7247
57.3349
56.9749
56.6411
56.3306
56.0409
55.7699
55.5155
55.276
55.0501
54.8363
54.6337
54.4412
54.2578
54.0829
53.9157
53.7557
53.6022
53.4547
53.3126
53.1756
53.0433
52.9153
52.7913
52.6712
52.5545
52.4411
52.3307
52.2232
52.1183
52.0162
51.9166
51.8195
51.7246
51.6319
51.5412
51.4524
51.3654
51.2804
51.1972
51.1158
51.0361
50.9582
50.882
50.8073
50.7343
50.6628
50.5928
50.5242
50.457
50.3913
50.327
50.2639
50.2021
50.1416
50.0822
50.0241
49.9673
49.9116
49.8572
49.8039
49.7516
49.7002
49.6497
49.6001
49.5514
49.5037
49.4569
49.4112
49.3665
49.3227
49.2795
49.2352
49.1903
49.2269
50.034
)
;
        valueFraction   nonuniform List<scalar> 
990
(
0.185375
0.175274
0.167263
0.160733
0.155302
0.150718
0.146803
0.143426
0.140487
0.13791
0.135636
0.133616
0.131812
0.130195
0.128737
0.127419
0.126222
0.125132
0.124137
0.123225
0.122387
0.121616
0.120904
0.120245
0.119635
0.119069
0.118543
0.118053
0.117595
0.117167
0.116767
0.116391
0.11604
0.115707
0.115393
0.115095
0.114812
0.114541
0.114283
0.114035
0.113796
0.113565
0.113341
0.113124
0.112912
0.112705
0.112502
0.112304
0.11211
0.11192
0.111734
0.111551
0.111373
0.1112
0.111031
0.110866
0.110706
0.110551
0.110399
0.110252
0.110111
0.109973
0.109839
0.109709
0.109581
0.109455
0.109332
0.10921
0.10909
0.108972
0.108855
0.10874
0.108626
0.108513
0.108402
0.108293
0.108184
0.108077
0.10797
0.107865
0.107759
0.107652
0.107544
0.107433
0.107317
0.107192
0.107052
0.106882
0.10667
0.106172
0.185375
0.175274
0.167264
0.160733
0.155302
0.150719
0.146804
0.143428
0.140489
0.137913
0.135638
0.133619
0.131816
0.130199
0.128742
0.127424
0.126228
0.125138
0.124143
0.123231
0.122393
0.121621
0.120909
0.12025
0.119639
0.119072
0.118544
0.118052
0.117592
0.117162
0.116759
0.11638
0.116024
0.115688
0.11537
0.115069
0.114782
0.114509
0.114247
0.113997
0.113755
0.113522
0.113296
0.113077
0.112864
0.112657
0.112454
0.112256
0.112063
0.111873
0.111688
0.111507
0.11133
0.111158
0.11099
0.110826
0.110667
0.110512
0.110362
0.110216
0.110074
0.109936
0.109801
0.109669
0.10954
0.109414
0.10929
0.109168
0.109048
0.10893
0.108814
0.108699
0.108586
0.108474
0.108364
0.108255
0.108147
0.108041
0.107936
0.107831
0.107726
0.10762
0.107513
0.107403
0.107287
0.107162
0.107024
0.106853
0.106642
0.106144
0.185375
0.175274
0.167264
0.160733
0.155303
0.15072
0.146805
0.143429
0.140491
0.137915
0.135641
0.133622
0.131819
0.130203
0.128746
0.127429
0.126233
0.125144
0.124148
0.123236
0.122398
0.121626
0.120913
0.120254
0.119642
0.119074
0.118544
0.118051
0.117589
0.117157
0.116752
0.116371
0.116012
0.115673
0.115352
0.115048
0.114758
0.114482
0.114218
0.113965
0.113721
0.113486
0.113259
0.113038
0.112824
0.112616
0.112413
0.112215
0.112022
0.111833
0.111648
0.111468
0.111292
0.11112
0.110953
0.11079
0.110631
0.110476
0.110326
0.11018
0.110037
0.109898
0.109763
0.10963
0.1095
0.109374
0.109249
0.109127
0.109006
0.108888
0.108772
0.108657
0.108544
0.108432
0.108322
0.108214
0.108106
0.108
0.107895
0.107791
0.107686
0.107581
0.107474
0.107363
0.107248
0.107123
0.106984
0.106813
0.106602
0.106103
0.185375
0.175274
0.167264
0.160734
0.155303
0.15072
0.146806
0.14343
0.140492
0.137916
0.135643
0.133624
0.131822
0.130206
0.12875
0.127433
0.126237
0.125148
0.124153
0.12324
0.122402
0.12163
0.120917
0.120256
0.119644
0.119074
0.118544
0.118049
0.117586
0.117152
0.116744
0.116361
0.116
0.115659
0.115335
0.115029
0.114736
0.114458
0.114191
0.113936
0.11369
0.113453
0.113224
0.113003
0.112788
0.112579
0.112375
0.112177
0.111984
0.111795
0.111611
0.111431
0.111255
0.111084
0.110917
0.110755
0.110596
0.110442
0.110291
0.110145
0.110002
0.109862
0.109726
0.109593
0.109463
0.109336
0.109211
0.109088
0.108968
0.108849
0.108733
0.108618
0.108505
0.108394
0.108285
0.108177
0.10807
0.107964
0.10786
0.107755
0.107651
0.107547
0.10744
0.10733
0.107215
0.10709
0.106952
0.106782
0.10657
0.106071
0.185375
0.175274
0.167264
0.160734
0.155304
0.150721
0.146807
0.143431
0.140494
0.137918
0.135645
0.133627
0.131825
0.130209
0.128754
0.127437
0.126241
0.125152
0.124157
0.123245
0.122407
0.121634
0.12092
0.12026
0.119646
0.119076
0.118544
0.118048
0.117583
0.117148
0.116739
0.116354
0.115991
0.115647
0.115322
0.115013
0.114718
0.114438
0.114169
0.113912
0.113664
0.113425
0.113195
0.112972
0.112756
0.112546
0.112343
0.112144
0.11195
0.111762
0.111577
0.111398
0.111223
0.111052
0.110885
0.110722
0.110564
0.11041
0.110259
0.110112
0.109969
0.109829
0.109692
0.109559
0.109428
0.1093
0.109175
0.109052
0.108931
0.108813
0.108696
0.108582
0.108469
0.108358
0.108249
0.108141
0.108034
0.107929
0.107825
0.107721
0.107617
0.107512
0.107406
0.107296
0.107181
0.107057
0.106919
0.106749
0.106538
0.106039
0.185375
0.175274
0.167264
0.160734
0.155304
0.150721
0.146808
0.143432
0.140495
0.13792
0.135647
0.133629
0.131828
0.130212
0.128756
0.12744
0.126244
0.125155
0.12416
0.123248
0.122409
0.121637
0.120922
0.120261
0.119647
0.119076
0.118543
0.118046
0.11758
0.117143
0.116732
0.116346
0.115981
0.115635
0.115308
0.114997
0.114701
0.114418
0.114148
0.113888
0.113639
0.113399
0.113167
0.112943
0.112726
0.112516
0.112311
0.112112
0.111918
0.111729
0.111545
0.111366
0.11119
0.11102
0.110853
0.11069
0.110532
0.110377
0.110227
0.110079
0.109936
0.109796
0.109659
0.109525
0.109394
0.109265
0.10914
0.109016
0.108896
0.108777
0.10866
0.108546
0.108433
0.108322
0.108213
0.108106
0.107999
0.107894
0.10779
0.107686
0.107583
0.107478
0.107372
0.107263
0.107148
0.107024
0.106886
0.106716
0.106505
0.106006
0.185375
0.175275
0.167265
0.160735
0.155305
0.150722
0.146809
0.143434
0.140497
0.137922
0.13565
0.133632
0.131831
0.130216
0.12876
0.127444
0.126249
0.12516
0.124165
0.123253
0.122414
0.121641
0.120927
0.120265
0.11965
0.119078
0.118545
0.118047
0.11758
0.117142
0.11673
0.116341
0.115975
0.115628
0.115299
0.114986
0.114688
0.114404
0.114131
0.113871
0.11362
0.113378
0.113145
0.11292
0.112702
0.112491
0.112285
0.112086
0.111891
0.111702
0.111518
0.111338
0.111163
0.110992
0.110825
0.110662
0.110504
0.110349
0.110198
0.11005
0.109907
0.109766
0.109629
0.109494
0.109363
0.109234
0.109108
0.108985
0.108864
0.108745
0.108628
0.108513
0.108401
0.10829
0.108181
0.108073
0.107967
0.107862
0.107758
0.107654
0.107551
0.107446
0.10734
0.107231
0.107116
0.106993
0.106855
0.106686
0.106475
0.105976
0.185375
0.175275
0.167265
0.160735
0.155305
0.150723
0.14681
0.143434
0.140498
0.137923
0.135651
0.133633
0.131833
0.130217
0.128762
0.127446
0.126251
0.125162
0.124167
0.123255
0.122416
0.121642
0.120928
0.120265
0.11965
0.119078
0.118544
0.118044
0.117576
0.117137
0.116724
0.116335
0.115967
0.115618
0.115288
0.114974
0.114674
0.114389
0.114115
0.113853
0.113601
0.113358
0.113124
0.112898
0.112679
0.112467
0.112261
0.112061
0.111866
0.111677
0.111493
0.111313
0.111138
0.110967
0.1108
0.110638
0.110479
0.110325
0.110174
0.110027
0.109883
0.109742
0.109605
0.109471
0.10934
0.109212
0.109087
0.108964
0.108843
0.108725
0.108609
0.108496
0.108384
0.108275
0.108167
0.108061
0.107957
0.107854
0.107752
0.10765
0.107549
0.107447
0.107343
0.107236
0.107125
0.107004
0.10687
0.106705
0.106499
0.106006
0.185376
0.175275
0.167265
0.160736
0.155306
0.150724
0.146812
0.143437
0.140501
0.137926
0.135654
0.133637
0.131837
0.130222
0.128767
0.127451
0.126256
0.125168
0.124173
0.12326
0.122421
0.121648
0.120933
0.12027
0.119655
0.119082
0.118547
0.118047
0.117579
0.117139
0.116724
0.116334
0.115965
0.115615
0.115283
0.114968
0.114667
0.11438
0.114105
0.113842
0.113589
0.113345
0.11311
0.112884
0.112664
0.112452
0.112245
0.112045
0.11185
0.111661
0.111477
0.111298
0.111123
0.110953
0.110787
0.110625
0.110468
0.110314
0.110164
0.110018
0.109876
0.109736
0.109601
0.109468
0.109339
0.109212
0.109089
0.108968
0.10885
0.108735
0.108622
0.108511
0.108402
0.108296
0.108192
0.10809
0.107989
0.10789
0.107793
0.107696
0.107599
0.107503
0.107405
0.107304
0.107199
0.107085
0.106959
0.106802
0.106606
0.106127
0.185375
0.175275
0.167265
0.160735
0.155305
0.150723
0.14681
0.143435
0.140498
0.137924
0.135652
0.133635
0.131834
0.130219
0.128764
0.127448
0.126253
0.125164
0.124168
0.123256
0.122417
0.121643
0.120927
0.120264
0.119648
0.119075
0.118539
0.118039
0.117569
0.117128
0.116713
0.116322
0.115952
0.115601
0.115269
0.114952
0.11465
0.114362
0.114087
0.113822
0.113568
0.113324
0.113088
0.112861
0.11264
0.112427
0.112221
0.11202
0.111826
0.111636
0.111452
0.111273
0.111098
0.110929
0.110763
0.110602
0.110445
0.110292
0.110143
0.109997
0.109856
0.109718
0.109583
0.109452
0.109324
0.109199
0.109077
0.108958
0.108842
0.108728
0.108617
0.108509
0.108403
0.1083
0.108199
0.1081
0.108003
0.107907
0.107813
0.10772
0.107628
0.107535
0.107442
0.107346
0.107246
0.107138
0.107017
0.106868
0.10668
0.106214
0.185374
0.175271
0.16726
0.160728
0.155297
0.150713
0.146798
0.143421
0.140483
0.137907
0.135634
0.133615
0.131813
0.130196
0.12874
0.127422
0.126226
0.125135
0.124138
0.123224
0.122383
0.121608
0.120891
0.120226
0.119608
0.119032
0.118495
0.117992
0.11752
0.117077
0.11666
0.116265
0.115893
0.115539
0.115204
0.114885
0.11458
0.114289
0.11401
0.113743
0.113486
0.113239
0.113001
0.112771
0.112548
0.112333
0.112124
0.111921
0.111724
0.111533
0.111347
0.111167
0.110991
0.110819
0.110653
0.11049
0.110332
0.110178
0.110028
0.109882
0.109739
0.1096
0.109465
0.109333
0.109204
0.109079
0.108956
0.108837
0.10872
0.108606
0.108495
0.108387
0.108281
0.108177
0.108076
0.107977
0.10788
0.107784
0.10769
0.107598
0.107505
0.107413
0.10732
0.107225
0.107125
0.107018
0.106899
0.106751
0.106568
0.106116
)
;
        value           nonuniform List<scalar> 
990
(
323.366
323.854
324.309
324.692
325.021
325.307
325.558
325.78
325.977
326.154
326.314
326.458
326.59
326.711
326.823
326.925
327.021
327.109
327.191
327.268
327.34
327.408
327.473
327.534
327.592
327.646
327.699
327.749
327.798
327.844
327.889
327.93
327.965
328.002
328.039
328.076
328.112
328.146
328.18
328.213
328.246
328.277
328.308
328.339
328.369
328.398
328.427
328.455
328.482
328.509
328.536
328.562
328.589
328.614
328.64
328.665
328.69
328.716
328.747
328.773
328.796
328.818
328.84
328.861
328.882
328.903
328.923
328.943
328.963
328.983
329.002
329.021
329.04
329.059
329.077
329.095
329.113
329.131
329.149
329.166
329.184
329.202
329.221
329.24
329.262
329.285
329.314
329.358
329.465
329.833
323.366
323.854
324.309
324.692
325.021
325.307
325.558
325.779
325.977
326.154
326.313
326.458
326.59
326.711
326.822
326.925
327.02
327.109
327.191
327.268
327.34
327.408
327.473
327.534
327.592
327.647
327.699
327.75
327.798
327.845
327.89
327.933
327.973
328.012
328.05
328.087
328.123
328.158
328.192
328.225
328.258
328.289
328.321
328.351
328.381
328.41
328.439
328.467
328.494
328.522
328.548
328.575
328.601
328.627
328.652
328.677
328.702
328.726
328.75
328.774
328.796
328.819
328.842
328.863
328.884
328.905
328.926
328.946
328.966
328.985
329.004
329.023
329.042
329.061
329.08
329.098
329.116
329.133
329.151
329.169
329.186
329.204
329.223
329.242
329.263
329.286
329.315
329.359
329.466
329.834
323.366
323.854
324.309
324.692
325.021
325.307
325.558
325.779
325.977
326.153
326.313
326.458
326.59
326.711
326.822
326.925
327.02
327.108
327.191
327.268
327.34
327.408
327.473
327.534
327.592
327.647
327.7
327.751
327.799
327.846
327.891
327.934
327.975
328.015
328.053
328.09
328.126
328.161
328.196
328.229
328.262
328.293
328.325
328.355
328.385
328.414
328.443
328.471
328.498
328.526
328.553
328.58
328.606
328.632
328.657
328.682
328.706
328.73
328.753
328.776
328.799
328.821
328.844
328.866
328.887
328.908
328.928
328.948
328.968
328.988
329.007
329.026
329.045
329.064
329.083
329.101
329.119
329.137
329.155
329.172
329.19
329.207
329.226
329.245
329.266
329.289
329.318
329.362
329.469
329.837
323.366
323.853
324.309
324.692
325.021
325.307
325.557
325.779
325.976
326.153
326.313
326.458
326.59
326.711
326.822
326.925
327.02
327.108
327.191
327.268
327.34
327.408
327.473
327.534
327.592
327.648
327.701
327.751
327.8
327.847
327.892
327.935
327.976
328.016
328.054
328.092
328.128
328.163
328.198
328.231
328.264
328.296
328.327
328.358
328.387
328.417
328.445
328.473
328.501
328.529
328.556
328.583
328.609
328.635
328.66
328.685
328.709
328.733
328.756
328.779
328.802
328.824
328.846
328.868
328.889
328.91
328.931
328.951
328.971
328.991
329.01
329.029
329.048
329.067
329.086
329.104
329.122
329.14
329.158
329.176
329.193
329.211
329.229
329.248
329.269
329.292
329.32
329.364
329.472
329.84
323.366
323.853
324.309
324.691
325.021
325.306
325.557
325.779
325.976
326.153
326.313
326.457
326.589
326.71
326.822
326.924
327.019
327.108
327.19
327.267
327.34
327.408
327.473
327.534
327.593
327.648
327.701
327.752
327.801
327.848
327.892
327.935
327.977
328.017
328.055
328.093
328.129
328.165
328.199
328.233
328.266
328.298
328.329
328.36
328.389
328.419
328.447
328.476
328.503
328.531
328.558
328.585
328.612
328.637
328.662
328.687
328.711
328.735
328.759
328.782
328.805
328.827
328.849
328.871
328.892
328.913
328.934
328.954
328.974
328.994
329.013
329.033
329.052
329.07
329.089
329.107
329.126
329.144
329.162
329.179
329.197
329.215
329.233
329.252
329.273
329.296
329.324
329.367
329.475
329.843
323.365
323.853
324.308
324.691
325.02
325.306
325.557
325.778
325.976
326.153
326.312
326.457
326.589
326.71
326.821
326.924
327.019
327.108
327.19
327.268
327.34
327.409
327.474
327.535
327.593
327.649
327.702
327.753
327.802
327.848
327.893
327.936
327.978
328.018
328.057
328.094
328.131
328.166
328.201
328.235
328.268
328.3
328.331
328.362
328.392
328.421
328.45
328.478
328.506
328.534
328.561
328.588
328.615
328.64
328.665
328.69
328.715
328.739
328.762
328.785
328.808
328.83
328.853
328.874
328.896
328.917
328.937
328.958
328.978
328.998
329.017
329.037
329.056
329.075
329.093
329.112
329.13
329.148
329.166
329.184
329.202
329.22
329.238
329.257
329.278
329.301
329.328
329.371
329.479
329.847
323.365
323.853
324.308
324.691
325.02
325.306
325.557
325.778
325.975
326.152
326.312
326.457
326.589
326.71
326.821
326.924
327.019
327.108
327.19
327.268
327.34
327.409
327.474
327.536
327.594
327.65
327.703
327.754
327.803
327.849
327.894
327.937
327.979
328.019
328.058
328.096
328.133
328.168
328.203
328.237
328.27
328.302
328.334
328.365
328.395
328.424
328.453
328.482
328.51
328.538
328.565
328.592
328.618
328.644
328.669
328.694
328.718
328.742
328.766
328.789
328.812
328.835
328.857
328.879
328.9
328.921
328.942
328.962
328.983
329.003
329.022
329.042
329.061
329.08
329.099
329.117
329.136
329.154
329.172
329.19
329.208
329.226
329.245
329.264
329.285
329.307
329.334
329.377
329.483
329.852
323.365
323.852
324.308
324.69
325.02
325.305
325.556
325.778
325.975
326.152
326.312
326.457
326.589
326.71
326.821
326.924
327.019
327.108
327.191
327.268
327.341
327.41
327.475
327.537
327.596
327.651
327.705
327.756
327.804
327.851
327.896
327.939
327.981
328.022
328.061
328.099
328.136
328.172
328.207
328.241
328.274
328.306
328.338
328.369
328.399
328.429
328.458
328.487
328.515
328.543
328.57
328.597
328.624
328.649
328.675
328.7
328.724
328.749
328.772
328.796
328.819
328.841
328.863
328.885
328.907
328.928
328.949
328.969
328.99
329.01
329.029
329.049
329.068
329.087
329.105
329.124
329.142
329.161
329.179
329.197
329.215
329.233
329.251
329.27
329.291
329.313
329.34
329.381
329.485
329.851
323.364
323.852
324.307
324.69
325.019
325.305
325.556
325.778
325.975
326.152
326.312
326.457
326.589
326.711
326.822
326.925
327.021
327.11
327.193
327.271
327.344
327.413
327.479
327.541
327.6
327.656
327.709
327.76
327.809
327.856
327.902
327.945
327.988
328.028
328.068
328.106
328.143
328.18
328.215
328.249
328.283
328.315
328.347
328.379
328.409
328.439
328.469
328.498
328.526
328.554
328.582
328.609
328.635
328.661
328.687
328.712
328.737
328.761
328.785
328.809
328.832
328.854
328.877
328.899
328.92
328.941
328.962
328.983
329.003
329.023
329.043
329.062
329.081
329.1
329.118
329.137
329.155
329.173
329.191
329.209
329.226
329.244
329.262
329.281
329.301
329.323
329.349
329.387
329.488
329.847
323.365
323.853
324.309
324.693
325.023
325.31
325.562
325.785
325.984
326.162
326.323
326.469
326.602
326.725
326.837
326.942
327.038
327.129
327.213
327.292
327.366
327.437
327.503
327.566
327.626
327.683
327.738
327.79
327.84
327.888
327.935
327.979
328.023
328.064
328.105
328.144
328.183
328.22
328.256
328.291
328.326
328.36
328.393
328.425
328.456
328.487
328.518
328.548
328.577
328.606
328.635
328.662
328.69
328.717
328.743
328.769
328.795
328.82
328.844
328.869
328.892
328.916
328.939
328.962
328.984
329.006
329.027
329.049
329.069
329.09
329.11
329.13
329.15
329.169
329.188
329.207
329.225
329.244
329.262
329.28
329.298
329.316
329.334
329.353
329.373
329.395
329.421
329.457
329.55
329.894
323.373
323.87
324.335
324.727
325.065
325.36
325.619
325.849
326.055
326.24
326.407
326.56
326.699
326.828
326.946
327.056
327.158
327.254
327.344
327.428
327.507
327.583
327.654
327.722
327.786
327.848
327.907
327.964
328.018
328.071
328.122
328.171
328.218
328.264
328.309
328.353
328.395
328.436
328.476
328.516
328.554
328.592
328.629
328.665
328.7
328.735
328.769
328.802
328.835
328.868
328.9
328.931
328.961
328.992
329.021
329.051
329.079
329.108
329.136
329.163
329.19
329.217
329.243
329.268
329.294
329.319
329.343
329.367
329.391
329.414
329.437
329.46
329.482
329.504
329.526
329.547
329.568
329.589
329.61
329.63
329.65
329.671
329.691
329.712
329.734
329.757
329.783
329.819
329.9
330.194
)
;
        Tnbr            T;
        qrNbr           qr;
        qr              none;
        thermalInertia  false;
        thicknessLayers List<scalar> 0();
        kappaLayers     List<scalar> 0();
        kappaMethod     solidThermo;
        kappa           none;
        alphaAni        none;
        alpha           none;
    }
    asphalt_to_concrete
    {
        type            compressible::turbulentTemperatureRadCoupledMixed;
        refValue        nonuniform List<scalar> 
52
(
325.71
325.73
325.762
325.795
325.828
325.86
325.891
325.921
325.951
325.98
326.008
326.036
326.064
326.091
326.118
326.144
326.169
326.194
326.218
326.242
326.266
326.29
326.314
326.338
326.364
326.403
327.249
327.278
327.313
327.348
327.383
327.416
327.449
327.482
327.513
327.544
327.574
327.604
327.633
327.662
327.69
327.718
327.745
327.771
327.797
327.822
327.848
327.873
327.898
327.923
327.949
327.984
)
;
        refGradient     uniform 0;
        valueFraction   nonuniform List<scalar> 
52
(
0.470588
0.470588
0.470588
0.470588
0.470588
0.470588
0.470588
0.470588
0.470588
0.470588
0.470588
0.470588
0.470588
0.470588
0.470588
0.470588
0.470588
0.470588
0.470588
0.470588
0.470588
0.470588
0.470588
0.470588
0.470588
0.470588
0.470588
0.470588
0.470588
0.470588
0.470588
0.470588
0.470588
0.470588
0.470588
0.470588
0.470588
0.470588
0.470588
0.470588
0.470588
0.470588
0.470588
0.470588
0.470588
0.470588
0.470588
0.470588
0.470588
0.470588
0.470588
0.470588
)
;
        value           nonuniform List<scalar> 
52
(
325.787
325.814
325.848
325.881
325.914
325.946
325.977
326.007
326.037
326.066
326.095
326.123
326.151
326.178
326.204
326.23
326.256
326.281
326.305
326.329
326.353
326.377
326.401
326.425
326.449
326.482
327.256
327.288
327.324
327.36
327.394
327.428
327.461
327.493
327.525
327.556
327.586
327.615
327.645
327.673
327.701
327.729
327.756
327.782
327.808
327.834
327.859
327.884
327.909
327.934
327.959
327.99
)
;
        Tnbr            T;
        qrNbr           none;
        qr              none;
        thermalInertia  false;
        thicknessLayers List<scalar> 0();
        kappaLayers     List<scalar> 0();
        kappaMethod     solidThermo;
        kappa           none;
        alphaAni        none;
        alpha           none;
    }
    asphalt_to_soil2
    {
        type            compressible::turbulentTemperatureRadCoupledMixed;
        refValue        nonuniform List<scalar> 
128
(
321.649
322.068
322.482
322.836
323.141
323.406
323.639
323.844
324.027
324.191
324.339
324.473
324.595
324.707
324.81
324.906
324.994
325.076
325.152
325.223
325.29
325.353
325.412
325.468
325.522
325.573
325.621
325.667
325.712
325.754
325.793
325.817
326.577
326.614
326.637
326.658
326.677
326.697
326.716
326.735
326.754
326.772
326.79
326.808
326.826
326.844
326.861
326.879
326.896
326.913
326.929
326.946
326.962
326.979
326.996
327.013
327.03
327.048
327.068
327.09
327.118
327.163
327.269
327.573
322.796
323.259
323.7
324.073
324.395
324.674
324.918
325.135
325.327
325.5
325.655
325.797
325.925
326.043
326.152
326.252
326.345
326.432
326.512
326.587
326.657
326.723
326.786
326.845
326.902
326.955
327.006
327.055
327.102
327.147
327.189
327.221
328.022
328.054
328.078
328.1
328.119
328.14
328.161
328.181
328.2
328.22
328.239
328.258
328.276
328.295
328.314
328.332
328.35
328.368
328.385
328.403
328.42
328.438
328.455
328.473
328.491
328.511
328.531
328.554
328.583
328.627
328.734
329.079
)
;
        refGradient     uniform 0;
        valueFraction   nonuniform List<scalar> 
128
(
0.5
0.5
0.5
0.5
0.5
0.5
0.5
0.5
0.5
0.5
0.5
0.5
0.5
0.5
0.5
0.5
0.5
0.5
0.5
0.5
0.5
0.5
0.5
0.5
0.5
0.5
0.5
0.5
0.5
0.5
0.5
0.5
0.5
0.5
0.5
0.5
0.5
0.5
0.5
0.5
0.5
0.5
0.5
0.5
0.5
0.5
0.5
0.5
0.5
0.5
0.5
0.5
0.5
0.5
0.5
0.5
0.5
0.5
0.5
0.5
0.5
0.5
0.5
0.5
0.5
0.5
0.5
0.5
0.5
0.5
0.5
0.5
0.5
0.5
0.5
0.5
0.5
0.5
0.5
0.5
0.5
0.5
0.5
0.5
0.5
0.5
0.5
0.5
0.5
0.5
0.5
0.5
0.5
0.5
0.5
0.5
0.5
0.5
0.5
0.5
0.5
0.5
0.5
0.5
0.5
0.5
0.5
0.5
0.5
0.5
0.5
0.5
0.5
0.5
0.5
0.5
0.5
0.5
0.5
0.5
0.5
0.5
0.5
0.5
0.5
0.5
0.5
0.5
)
;
        value           nonuniform List<scalar> 
128
(
321.649
322.068
322.482
322.836
323.141
323.406
323.639
323.844
324.027
324.191
324.339
324.473
324.595
324.707
324.81
324.905
324.994
325.076
325.152
325.223
325.29
325.352
325.412
325.468
325.522
325.572
325.621
325.667
325.712
325.755
325.794
325.825
326.582
326.614
326.636
326.657
326.677
326.697
326.716
326.735
326.754
326.772
326.791
326.809
326.826
326.844
326.862
326.879
326.896
326.913
326.929
326.946
326.962
326.979
326.996
327.012
327.03
327.048
327.068
327.09
327.118
327.162
327.268
327.572
322.796
323.259
323.7
324.073
324.394
324.674
324.918
325.134
325.327
325.5
325.655
325.796
325.925
326.043
326.152
326.252
326.345
326.431
326.512
326.587
326.657
326.723
326.786
326.845
326.902
326.955
327.006
327.055
327.102
327.147
327.19
327.226
328.025
328.054
328.077
328.099
328.119
328.14
328.16
328.18
328.2
328.22
328.239
328.258
328.277
328.295
328.314
328.332
328.35
328.368
328.385
328.403
328.42
328.437
328.455
328.473
328.491
328.51
328.531
328.554
328.582
328.627
328.734
329.078
)
;
        Tnbr            T;
        qrNbr           none;
        qr              none;
        thermalInertia  false;
        thicknessLayers List<scalar> 0();
        kappaLayers     List<scalar> 0();
        kappaMethod     solidThermo;
        kappa           none;
        alphaAni        none;
        alpha           none;
    }
}


// ************************************************************************* //
