/*--------------------------------*- C++ -*----------------------------------*\
| =========                 |                                                 |
| \\      /  F ield         | OpenFOAM: The Open Source CFD Toolbox           |
|  \\    /   O peration     | Version:  v2012                                 |
|   \\  /    A nd           | Website:  www.openfoam.com                      |
|    \\/     M anipulation  |                                                 |
\*---------------------------------------------------------------------------*/
FoamFile
{
    version     2.0;
    format      ascii;
    class       volScalarField;
    location    "500/asphalt";
    object      T;
}
// * * * * * * * * * * * * * * * * * * * * * * * * * * * * * * * * * * * * * //

dimensions      [0 0 0 1 0 0 0];


internalField   nonuniform List<scalar> 
1980
(
321.649
322.068
322.481
322.835
323.14
323.405
323.638
323.843
324.026
324.19
324.338
324.472
324.594
324.706
324.809
324.904
324.992
325.074
325.15
325.22
325.286
325.348
325.407
325.462
325.515
325.565
325.613
325.66
325.705
325.749
325.791
325.829
325.854
325.887
325.921
325.954
325.987
326.019
326.05
326.081
326.111
326.14
326.169
326.197
326.225
326.252
326.279
326.305
326.33
326.355
326.379
326.403
326.426
326.449
326.473
326.496
326.52
326.546
326.583
326.609
326.632
326.653
326.674
326.694
326.714
326.733
326.751
326.77
326.788
326.806
326.824
326.842
326.859
326.876
326.893
326.91
326.926
326.943
326.959
326.975
326.992
327.009
327.027
327.046
327.067
327.09
327.119
327.165
327.272
327.577
321.649
322.067
322.481
322.835
323.14
323.405
323.638
323.843
324.026
324.19
324.337
324.471
324.594
324.706
324.809
324.904
324.992
325.074
325.15
325.22
325.286
325.348
325.407
325.462
325.515
325.566
325.615
325.662
325.707
325.752
325.794
325.834
325.871
325.906
325.941
325.975
326.008
326.041
326.072
326.103
326.133
326.163
326.191
326.22
326.247
326.274
326.301
326.327
326.352
326.377
326.402
326.426
326.45
326.473
326.496
326.519
326.542
326.565
326.589
326.611
326.633
326.654
326.676
326.696
326.716
326.735
326.754
326.772
326.791
326.809
326.827
326.844
326.862
326.879
326.896
326.913
326.93
326.946
326.962
326.978
326.995
327.012
327.029
327.048
327.068
327.091
327.12
327.166
327.273
327.579
321.649
322.067
322.481
322.835
323.14
323.405
323.638
323.843
324.026
324.19
324.337
324.471
324.594
324.706
324.809
324.904
324.992
325.073
325.149
325.22
325.286
325.348
325.407
325.463
325.516
325.567
325.616
325.663
325.709
325.754
325.796
325.836
325.874
325.911
325.946
325.98
326.014
326.046
326.078
326.109
326.139
326.169
326.198
326.226
326.253
326.28
326.306
326.333
326.358
326.384
326.409
326.433
326.457
326.481
326.504
326.526
326.549
326.571
326.593
326.614
326.636
326.657
326.678
326.698
326.718
326.737
326.756
326.775
326.793
326.812
326.83
326.848
326.865
326.883
326.9
326.917
326.933
326.95
326.966
326.983
326.999
327.016
327.033
327.051
327.071
327.094
327.123
327.168
327.276
327.581
321.648
322.067
322.481
322.835
323.14
323.405
323.637
323.843
324.026
324.189
324.337
324.471
324.593
324.705
324.808
324.904
324.992
325.073
325.149
325.22
325.286
325.349
325.408
325.464
325.517
325.569
325.618
325.665
325.711
325.756
325.798
325.838
325.876
325.912
325.948
325.982
326.016
326.049
326.081
326.112
326.142
326.172
326.201
326.229
326.256
326.283
326.31
326.336
326.361
326.387
326.412
326.437
326.461
326.485
326.508
326.531
326.553
326.575
326.597
326.618
326.639
326.66
326.681
326.701
326.721
326.74
326.759
326.778
326.796
326.815
326.833
326.851
326.868
326.886
326.903
326.92
326.937
326.954
326.971
326.987
327.003
327.02
327.037
327.055
327.075
327.097
327.126
327.171
327.278
327.584
321.648
322.067
322.481
322.835
323.14
323.405
323.637
323.842
324.025
324.189
324.337
324.471
324.593
324.705
324.808
324.903
324.991
325.073
325.149
325.22
325.286
325.349
325.409
325.465
325.519
325.57
325.62
325.667
325.713
325.757
325.799
325.838
325.876
325.913
325.949
325.984
326.018
326.051
326.082
326.114
326.144
326.174
326.203
326.231
326.259
326.285
326.312
326.338
326.364
326.39
326.415
326.44
326.464
326.488
326.511
326.534
326.556
326.578
326.6
326.621
326.642
326.663
326.684
326.704
326.724
326.743
326.762
326.781
326.8
326.818
326.836
326.854
326.872
326.889
326.907
326.924
326.941
326.958
326.975
326.992
327.008
327.025
327.042
327.06
327.079
327.102
327.129
327.174
327.281
327.587
321.648
322.067
322.481
322.834
323.139
323.405
323.637
323.842
324.025
324.189
324.337
324.471
324.593
324.705
324.808
324.903
324.991
325.073
325.149
325.22
325.287
325.35
325.41
325.466
325.52
325.572
325.621
325.669
325.715
325.758
325.8
325.839
325.877
325.914
325.95
325.985
326.019
326.052
326.084
326.116
326.146
326.176
326.205
326.233
326.261
326.288
326.315
326.341
326.367
326.393
326.418
326.443
326.467
326.491
326.514
326.537
326.56
326.582
326.604
326.625
326.646
326.667
326.687
326.707
326.727
326.747
326.766
326.785
326.804
326.822
326.841
326.859
326.876
326.894
326.911
326.928
326.946
326.963
326.98
326.997
327.014
327.031
327.048
327.066
327.085
327.107
327.135
327.179
327.286
327.591
321.648
322.066
322.48
322.834
323.139
323.404
323.637
323.842
324.025
324.189
324.337
324.471
324.593
324.705
324.808
324.903
324.991
325.073
325.149
325.22
325.288
325.351
325.411
325.468
325.522
325.574
325.623
325.671
325.716
325.759
325.801
325.84
325.879
325.916
325.952
325.987
326.021
326.054
326.086
326.118
326.148
326.178
326.208
326.236
326.264
326.291
326.318
326.344
326.37
326.396
326.422
326.446
326.471
326.495
326.518
326.541
326.564
326.586
326.608
326.63
326.651
326.672
326.692
326.712
326.732
326.752
326.771
326.79
326.809
326.828
326.846
326.864
326.882
326.899
326.917
326.934
326.952
326.969
326.986
327.003
327.02
327.038
327.055
327.073
327.093
327.115
327.141
327.185
327.291
327.596
321.648
322.066
322.48
322.834
323.139
323.404
323.636
323.842
324.025
324.189
324.337
324.471
324.593
324.705
324.808
324.903
324.992
325.074
325.15
325.222
325.289
325.353
325.413
325.47
325.524
325.576
325.626
325.673
325.718
325.762
325.803
325.843
325.882
325.919
325.955
325.991
326.025
326.058
326.091
326.122
326.153
326.183
326.212
326.241
326.269
326.297
326.324
326.35
326.377
326.402
326.428
326.453
326.477
326.501
326.525
326.548
326.571
326.593
326.615
326.637
326.658
326.679
326.699
326.72
326.74
326.759
326.779
326.798
326.817
326.835
326.854
326.872
326.89
326.907
326.925
326.942
326.959
326.977
326.994
327.011
327.028
327.045
327.063
327.081
327.1
327.122
327.148
327.19
327.294
327.597
321.647
322.066
322.48
322.834
323.139
323.404
323.637
323.843
324.026
324.19
324.338
324.472
324.595
324.707
324.811
324.906
324.994
325.077
325.154
325.226
325.294
325.358
325.418
325.476
325.53
325.582
325.632
325.68
325.725
325.769
325.81
325.851
325.89
325.928
325.964
326
326.034
326.068
326.101
326.133
326.164
326.194
326.224
326.253
326.281
326.309
326.337
326.363
326.39
326.416
326.441
326.467
326.491
326.515
326.539
326.563
326.586
326.608
326.631
326.652
326.674
326.695
326.716
326.736
326.756
326.776
326.795
326.814
326.833
326.852
326.87
326.889
326.906
326.924
326.941
326.959
326.976
326.993
327.01
327.027
327.044
327.061
327.078
327.096
327.116
327.137
327.162
327.202
327.302
327.599
321.648
322.068
322.483
322.838
323.144
323.411
323.645
323.851
324.036
324.201
324.351
324.486
324.61
324.723
324.828
324.925
325.014
325.098
325.176
325.25
325.319
325.384
325.446
325.504
325.56
325.613
325.663
325.712
325.758
325.803
325.846
325.887
325.928
325.966
326.004
326.041
326.076
326.111
326.145
326.178
326.21
326.241
326.272
326.302
326.331
326.36
326.389
326.416
326.444
326.471
326.497
326.523
326.548
326.573
326.598
326.622
326.646
326.67
326.693
326.715
326.738
326.759
326.781
326.802
326.823
326.843
326.863
326.883
326.903
326.922
326.941
326.96
326.978
326.996
327.014
327.032
327.049
327.067
327.084
327.101
327.119
327.136
327.154
327.172
327.192
327.213
327.238
327.276
327.369
327.652
321.655
322.082
322.503
322.865
323.178
323.451
323.691
323.904
324.094
324.265
324.42
324.56
324.689
324.808
324.917
325.018
325.113
325.201
325.283
325.361
325.434
325.504
325.569
325.632
325.691
325.748
325.802
325.855
325.905
325.953
326
326.045
326.088
326.131
326.172
326.212
326.251
326.289
326.326
326.362
326.397
326.432
326.466
326.499
326.531
326.563
326.595
326.626
326.656
326.686
326.715
326.743
326.772
326.799
326.827
326.854
326.88
326.906
326.932
326.957
326.982
327.006
327.03
327.054
327.077
327.1
327.123
327.145
327.167
327.189
327.21
327.231
327.251
327.272
327.292
327.312
327.331
327.351
327.37
327.389
327.408
327.427
327.447
327.467
327.487
327.51
327.535
327.572
327.655
327.9
322.795
323.258
323.7
324.073
324.394
324.673
324.917
325.134
325.326
325.499
325.654
325.795
325.924
326.042
326.15
326.251
326.344
326.43
326.51
326.584
326.654
326.719
326.781
326.839
326.895
326.948
326.999
327.048
327.095
327.142
327.187
327.227
327.259
327.295
327.332
327.367
327.402
327.435
327.468
327.501
327.532
327.563
327.593
327.623
327.652
327.681
327.709
327.737
327.763
327.79
327.815
327.84
327.864
327.889
327.914
327.938
327.963
327.989
328.022
328.048
328.071
328.094
328.116
328.137
328.158
328.178
328.197
328.217
328.236
328.255
328.274
328.292
328.311
328.329
328.347
328.364
328.382
328.399
328.416
328.433
328.451
328.469
328.487
328.507
328.529
328.553
328.583
328.628
328.737
329.082
322.795
323.258
323.699
324.073
324.394
324.673
324.917
325.133
325.326
325.498
325.654
325.795
325.924
326.042
326.15
326.251
326.344
326.43
326.509
326.584
326.653
326.719
326.781
326.839
326.895
326.948
327
327.049
327.097
327.144
327.189
327.231
327.271
327.309
327.345
327.381
327.416
327.451
327.484
327.516
327.548
327.579
327.609
327.639
327.668
327.696
327.724
327.752
327.779
327.805
327.831
327.857
327.882
327.906
327.931
327.955
327.979
328.003
328.027
328.05
328.073
328.095
328.118
328.139
328.16
328.18
328.2
328.219
328.239
328.258
328.277
328.295
328.314
328.332
328.35
328.368
328.385
328.402
328.419
328.436
328.454
328.471
328.49
328.509
328.53
328.554
328.584
328.629
328.738
329.084
322.795
323.258
323.699
324.072
324.394
324.673
324.917
325.133
325.326
325.498
325.654
325.795
325.924
326.042
326.15
326.25
326.343
326.429
326.509
326.584
326.653
326.719
326.781
326.84
326.896
326.95
327.001
327.051
327.1
327.146
327.191
327.233
327.273
327.312
327.349
327.385
327.421
327.455
327.488
327.521
327.553
327.584
327.614
327.644
327.673
327.701
327.729
327.757
327.784
327.81
327.837
327.863
327.888
327.913
327.937
327.961
327.985
328.008
328.031
328.053
328.076
328.098
328.12
328.142
328.162
328.182
328.202
328.222
328.242
328.261
328.28
328.299
328.317
328.335
328.354
328.372
328.389
328.407
328.424
328.441
328.458
328.475
328.493
328.513
328.534
328.557
328.586
328.632
328.741
329.087
322.795
323.258
323.699
324.072
324.393
324.672
324.917
325.133
325.326
325.498
325.654
325.795
325.924
326.041
326.15
326.25
326.343
326.429
326.509
326.583
326.653
326.719
326.782
326.841
326.897
326.951
327.003
327.053
327.102
327.148
327.192
327.234
327.275
327.313
327.351
327.387
327.423
327.457
327.491
327.524
327.555
327.587
327.617
327.647
327.676
327.704
327.732
327.759
327.787
327.813
327.84
327.866
327.892
327.917
327.941
327.965
327.989
328.012
328.035
328.057
328.079
328.101
328.123
328.144
328.165
328.185
328.205
328.225
328.245
328.264
328.283
328.302
328.321
328.339
328.357
328.375
328.393
328.411
328.428
328.445
328.463
328.48
328.498
328.517
328.537
328.561
328.589
328.634
328.743
329.09
322.794
323.257
323.699
324.072
324.393
324.672
324.917
325.133
325.325
325.498
325.653
325.795
325.923
326.041
326.15
326.25
326.343
326.429
326.509
326.583
326.654
326.72
326.782
326.842
326.899
326.953
327.005
327.055
327.103
327.149
327.193
327.235
327.275
327.314
327.352
327.388
327.424
327.459
327.493
327.525
327.557
327.589
327.619
327.649
327.678
327.706
327.734
327.762
327.789
327.816
327.843
327.869
327.895
327.92
327.944
327.968
327.992
328.015
328.038
328.06
328.082
328.104
328.126
328.147
328.168
328.188
328.208
328.228
328.248
328.268
328.287
328.306
328.324
328.343
328.361
328.379
328.397
328.415
328.433
328.45
328.468
328.485
328.503
328.522
328.542
328.565
328.593
328.638
328.746
329.093
322.794
323.257
323.699
324.072
324.393
324.672
324.916
325.133
325.325
325.498
325.653
325.794
325.923
326.041
326.15
326.25
326.342
326.428
326.509
326.584
326.654
326.721
326.784
326.843
326.9
326.955
327.007
327.057
327.105
327.151
327.194
327.236
327.276
327.315
327.353
327.39
327.426
327.461
327.494
327.527
327.559
327.591
327.621
327.651
327.681
327.709
327.737
327.765
327.792
327.819
327.846
327.872
327.898
327.923
327.948
327.972
327.996
328.019
328.042
328.064
328.086
328.108
328.13
328.151
328.172
328.192
328.213
328.233
328.252
328.272
328.291
328.31
328.329
328.347
328.365
328.384
328.402
328.42
328.438
328.456
328.473
328.491
328.509
328.528
328.548
328.571
328.599
328.643
328.751
329.097
322.794
323.257
323.698
324.071
324.393
324.672
324.916
325.132
325.325
325.497
325.653
325.794
325.923
326.041
326.149
326.25
326.342
326.428
326.509
326.584
326.655
326.722
326.785
326.845
326.902
326.956
327.008
327.058
327.106
327.152
327.195
327.237
327.278
327.317
327.355
327.392
327.428
327.463
327.496
327.53
327.562
327.593
327.624
327.654
327.684
327.712
327.74
327.768
327.796
327.823
327.849
327.876
327.901
327.927
327.951
327.976
328
328.023
328.046
328.069
328.091
328.113
328.134
328.156
328.177
328.197
328.218
328.238
328.258
328.277
328.297
328.316
328.334
328.353
328.371
328.389
328.408
328.426
328.444
328.462
328.48
328.498
328.517
328.536
328.556
328.579
328.606
328.649
328.756
329.102
322.794
323.257
323.698
324.071
324.392
324.671
324.916
325.132
325.325
325.497
325.653
325.794
325.923
326.041
326.15
326.25
326.343
326.429
326.51
326.585
326.656
326.723
326.787
326.847
326.904
326.959
327.011
327.061
327.108
327.154
327.198
327.24
327.28
327.32
327.358
327.395
327.431
327.466
327.5
327.534
327.566
327.598
327.629
327.659
327.688
327.717
327.746
327.774
327.802
327.829
327.855
327.882
327.907
327.933
327.958
327.982
328.006
328.03
328.053
328.076
328.098
328.12
328.142
328.163
328.184
328.205
328.225
328.245
328.265
328.285
328.304
328.323
328.342
328.36
328.379
328.397
328.415
328.433
328.451
328.469
328.487
328.506
328.524
328.543
328.563
328.586
328.612
328.654
328.759
329.102
322.794
323.256
323.698
324.071
324.392
324.671
324.916
325.132
325.325
325.498
325.654
325.795
325.924
326.042
326.151
326.252
326.345
326.431
326.512
326.588
326.66
326.727
326.791
326.852
326.909
326.964
327.016
327.066
327.114
327.16
327.204
327.246
327.287
327.327
327.366
327.403
327.439
327.475
327.509
327.543
327.576
327.608
327.639
327.669
327.699
327.729
327.757
327.786
327.814
327.841
327.868
327.894
327.92
327.946
327.971
327.995
328.02
328.043
328.067
328.09
328.112
328.134
328.156
328.178
328.199
328.219
328.24
328.26
328.28
328.3
328.319
328.338
328.357
328.375
328.393
328.412
328.43
328.448
328.465
328.483
328.501
328.519
328.537
328.556
328.576
328.598
328.624
328.663
328.764
329.101
322.794
323.258
323.7
324.074
324.397
324.677
324.923
325.14
325.334
325.508
325.665
325.808
325.938
326.057
326.167
326.269
326.363
326.451
326.534
326.611
326.683
326.752
326.817
326.879
326.937
326.993
327.046
327.097
327.146
327.193
327.238
327.282
327.324
327.365
327.404
327.443
327.48
327.516
327.552
327.587
327.62
327.653
327.686
327.717
327.748
327.778
327.808
327.837
327.866
327.894
327.922
327.949
327.976
328.002
328.028
328.054
328.079
328.103
328.128
328.151
328.175
328.198
328.22
328.242
328.264
328.286
328.307
328.328
328.348
328.368
328.388
328.408
328.427
328.446
328.465
328.483
328.502
328.52
328.538
328.556
328.574
328.593
328.611
328.63
328.651
328.673
328.698
328.736
328.829
329.151
322.802
323.273
323.724
324.106
324.436
324.723
324.976
325.2
325.401
325.581
325.744
325.893
326.029
326.154
326.269
326.376
326.476
326.569
326.656
326.738
326.815
326.889
326.958
327.024
327.087
327.147
327.205
327.26
327.313
327.364
327.413
327.461
327.507
327.552
327.595
327.638
327.679
327.719
327.758
327.796
327.834
327.87
327.906
327.941
327.976
328.01
328.043
328.076
328.108
328.139
328.17
328.2
328.23
328.26
328.289
328.317
328.345
328.373
328.4
328.427
328.453
328.479
328.504
328.529
328.554
328.578
328.602
328.626
328.649
328.672
328.694
328.717
328.738
328.76
328.781
328.802
328.823
328.843
328.864
328.884
328.904
328.924
328.945
328.966
328.988
329.011
329.037
329.074
329.156
329.433
)
;

boundaryField
{
    inlet
    {
        type            zeroGradient;
    }
    outlet
    {
        type            zeroGradient;
    }
    side
    {
        type            zeroGradient;
    }
    asphalt_to_soil1
    {
        type            compressible::turbulentTemperatureRadCoupledMixed;
        refValue        nonuniform List<scalar> 
990
(
320.488
320.867
321.253
321.588
321.876
322.128
322.348
322.542
322.715
322.87
323.01
323.137
323.252
323.358
323.456
323.546
323.629
323.707
323.778
323.845
323.907
323.966
324.021
324.073
324.123
324.171
324.217
324.261
324.304
324.345
324.384
324.418
324.438
324.468
324.499
324.531
324.562
324.592
324.622
324.651
324.679
324.707
324.734
324.76
324.787
324.812
324.838
324.862
324.887
324.91
324.932
324.955
324.977
324.999
325.021
325.043
325.066
325.092
325.132
325.158
325.18
325.2
325.22
325.239
325.257
325.275
325.293
325.311
325.328
325.345
325.362
325.378
325.395
325.411
325.427
325.443
325.459
325.474
325.489
325.505
325.521
325.537
325.554
325.572
325.592
325.614
325.643
325.688
325.793
326.062
320.488
320.867
321.253
321.588
321.876
322.127
322.347
322.542
322.715
322.87
323.01
323.137
323.252
323.358
323.456
323.546
323.629
323.706
323.778
323.845
323.907
323.966
324.021
324.074
324.124
324.172
324.218
324.262
324.305
324.347
324.388
324.425
324.459
324.492
324.525
324.557
324.589
324.619
324.649
324.678
324.707
324.734
324.762
324.788
324.814
324.84
324.865
324.89
324.914
324.938
324.961
324.984
325.006
325.028
325.05
325.071
325.093
325.115
325.139
325.16
325.181
325.201
325.221
325.241
325.259
325.277
325.295
325.313
325.33
325.347
325.364
325.381
325.398
325.414
325.43
325.446
325.462
325.477
325.493
325.508
325.524
325.54
325.556
325.574
325.593
325.616
325.644
325.689
325.794
326.063
320.488
320.867
321.253
321.588
321.876
322.127
322.347
322.542
322.715
322.87
323.01
323.136
323.252
323.358
323.456
323.546
323.629
323.706
323.778
323.845
323.907
323.966
324.022
324.074
324.125
324.173
324.219
324.264
324.308
324.349
324.39
324.427
324.463
324.498
324.531
324.563
324.595
324.626
324.656
324.685
324.714
324.742
324.769
324.796
324.821
324.847
324.872
324.896
324.921
324.945
324.969
324.992
325.014
325.036
325.058
325.08
325.101
325.122
325.143
325.163
325.184
325.203
325.224
325.243
325.261
325.28
325.298
325.315
325.333
325.35
325.367
325.384
325.401
325.417
325.433
325.45
325.465
325.481
325.497
325.512
325.528
325.543
325.56
325.577
325.596
325.618
325.646
325.692
325.796
326.066
320.488
320.866
321.253
321.587
321.876
322.127
322.347
322.542
322.715
322.87
323.01
323.136
323.252
323.358
323.455
323.545
323.629
323.706
323.778
323.844
323.907
323.966
324.022
324.075
324.126
324.174
324.221
324.266
324.309
324.351
324.391
324.429
324.465
324.499
324.533
324.566
324.598
324.629
324.659
324.688
324.717
324.745
324.772
324.799
324.825
324.85
324.875
324.9
324.924
324.948
324.972
324.996
325.018
325.041
325.063
325.084
325.105
325.126
325.147
325.167
325.187
325.206
325.226
325.245
325.264
325.282
325.3
325.318
325.336
325.353
325.37
325.387
325.404
325.42
325.437
325.453
325.469
325.485
325.501
325.516
325.532
325.547
325.564
325.581
325.6
325.621
325.649
325.694
325.799
326.068
320.488
320.866
321.253
321.587
321.876
322.127
322.347
322.541
322.714
322.87
323.009
323.136
323.252
323.358
323.455
323.545
323.628
323.706
323.777
323.845
323.907
323.967
324.023
324.076
324.127
324.176
324.223
324.268
324.311
324.352
324.392
324.43
324.466
324.5
324.534
324.567
324.599
324.63
324.66
324.69
324.719
324.747
324.774
324.801
324.827
324.852
324.877
324.902
324.927
324.951
324.975
324.998
325.021
325.044
325.066
325.087
325.109
325.13
325.15
325.17
325.19
325.209
325.229
325.248
325.267
325.285
325.303
325.321
325.339
325.356
325.374
325.391
325.407
325.424
325.44
325.456
325.473
325.489
325.505
325.521
325.536
325.552
325.568
325.585
325.604
325.625
325.653
325.697
325.802
326.071
320.488
320.866
321.253
321.587
321.876
322.127
322.347
322.541
322.714
322.869
323.009
323.136
323.252
323.358
323.455
323.545
323.628
323.706
323.777
323.845
323.908
323.968
324.024
324.078
324.129
324.178
324.224
324.269
324.313
324.354
324.393
324.43
324.467
324.502
324.536
324.568
324.601
324.632
324.662
324.692
324.721
324.749
324.776
324.803
324.829
324.855
324.88
324.905
324.929
324.954
324.978
325.001
325.024
325.047
325.069
325.091
325.112
325.133
325.154
325.174
325.194
325.213
325.233
325.252
325.27
325.289
325.307
325.325
325.343
325.36
325.378
325.395
325.411
325.428
325.444
325.461
325.477
325.494
325.51
325.526
325.542
325.558
325.574
325.591
325.61
325.631
325.658
325.702
325.806
326.075
320.488
320.866
321.252
321.587
321.875
322.126
322.346
322.541
322.714
322.869
323.009
323.136
323.252
323.358
323.455
323.545
323.628
323.706
323.778
323.845
323.909
323.969
324.025
324.079
324.13
324.179
324.226
324.271
324.314
324.355
324.394
324.432
324.468
324.503
324.537
324.57
324.603
324.634
324.664
324.694
324.723
324.751
324.779
324.806
324.832
324.858
324.883
324.908
324.933
324.957
324.981
325.005
325.028
325.051
325.073
325.095
325.116
325.137
325.158
325.178
325.198
325.218
325.237
325.256
325.275
325.294
325.312
325.33
325.348
325.365
325.383
325.4
325.417
325.434
325.45
325.466
325.483
325.499
325.516
325.532
325.548
325.564
325.581
325.598
325.617
325.638
325.664
325.707
325.811
326.079
320.487
320.866
321.252
321.587
321.875
322.126
322.346
322.541
322.714
322.869
323.009
323.136
323.252
323.358
323.456
323.546
323.629
323.707
323.779
323.847
323.911
323.971
324.028
324.082
324.133
324.182
324.229
324.274
324.317
324.358
324.397
324.435
324.471
324.507
324.541
324.574
324.607
324.638
324.669
324.699
324.728
324.756
324.784
324.811
324.838
324.864
324.889
324.914
324.939
324.964
324.988
325.011
325.034
325.057
325.079
325.101
325.123
325.144
325.165
325.186
325.206
325.225
325.245
325.264
325.283
325.301
325.32
325.338
325.356
325.373
325.391
325.408
325.425
325.442
325.458
325.474
325.491
325.507
325.524
325.54
325.556
325.572
325.589
325.606
325.625
325.645
325.671
325.713
325.815
326.081
320.487
320.866
321.252
321.587
321.876
322.127
322.347
322.542
322.715
322.871
323.011
323.138
323.254
323.361
323.458
323.549
323.633
323.71
323.783
323.852
323.916
323.976
324.034
324.088
324.14
324.189
324.236
324.281
324.324
324.365
324.405
324.443
324.48
324.516
324.551
324.584
324.617
324.649
324.68
324.71
324.739
324.768
324.796
324.824
324.851
324.877
324.903
324.929
324.954
324.978
325.002
325.026
325.05
325.072
325.095
325.117
325.139
325.161
325.182
325.202
325.223
325.243
325.262
325.281
325.3
325.319
325.338
325.356
325.374
325.392
325.409
325.426
325.443
325.46
325.476
325.493
325.509
325.525
325.541
325.557
325.574
325.59
325.606
325.624
325.642
325.662
325.687
325.727
325.825
326.086
320.488
320.868
321.255
321.591
321.881
322.134
322.355
322.551
322.726
322.883
323.024
323.153
323.27
323.377
323.476
323.568
323.653
323.732
323.806
323.876
323.941
324.003
324.061
324.117
324.17
324.22
324.268
324.314
324.358
324.4
324.441
324.48
324.518
324.555
324.591
324.626
324.659
324.692
324.724
324.755
324.786
324.815
324.845
324.873
324.901
324.928
324.955
324.982
325.008
325.033
325.058
325.083
325.107
325.13
325.154
325.177
325.199
325.222
325.244
325.265
325.286
325.307
325.327
325.347
325.367
325.386
325.406
325.424
325.443
325.461
325.479
325.497
325.515
325.532
325.549
325.566
325.582
325.599
325.615
325.632
325.648
325.665
325.682
325.699
325.718
325.738
325.763
325.801
325.891
326.14
320.494
320.88
321.273
321.615
321.911
322.169
322.396
322.597
322.777
322.938
323.085
323.218
323.339
323.451
323.554
323.65
323.739
323.822
323.9
323.974
324.043
324.108
324.17
324.229
324.285
324.339
324.39
324.439
324.486
324.532
324.576
324.618
324.659
324.699
324.738
324.776
324.812
324.848
324.883
324.917
324.95
324.983
325.015
325.046
325.076
325.107
325.136
325.165
325.194
325.222
325.249
325.276
325.303
325.329
325.355
325.38
325.405
325.43
325.454
325.477
325.501
325.524
325.546
325.569
325.591
325.612
325.633
325.654
325.675
325.695
325.715
325.735
325.755
325.774
325.793
325.811
325.83
325.848
325.866
325.884
325.902
325.921
325.939
325.958
325.977
325.999
326.024
326.06
326.142
326.358
)
;
        refGradient     uniform 0;
        valueFraction   nonuniform List<scalar> 
990
(
0.495766
0.495766
0.495766
0.495766
0.495766
0.495766
0.495766
0.495766
0.495766
0.495766
0.495766
0.495766
0.495766
0.495766
0.495766
0.495766
0.495766
0.495766
0.495766
0.495766
0.495766
0.495766
0.495766
0.495766
0.495766
0.495766
0.495766
0.495766
0.495766
0.495766
0.495766
0.495766
0.495766
0.495766
0.495766
0.495766
0.495766
0.495766
0.495766
0.495766
0.495766
0.495766
0.495766
0.495766
0.495766
0.495766
0.495766
0.495766
0.495766
0.495766
0.495766
0.495766
0.495766
0.495766
0.495766
0.495766
0.495766
0.495766
0.495766
0.495766
0.495766
0.495766
0.495766
0.495766
0.495766
0.495766
0.495766
0.495766
0.495766
0.495766
0.495766
0.495766
0.495766
0.495766
0.495766
0.495766
0.495766
0.495766
0.495766
0.495766
0.495766
0.495766
0.495766
0.495766
0.495766
0.495766
0.495766
0.495766
0.495766
0.495766
0.495766
0.495766
0.495766
0.495766
0.495766
0.495766
0.495766
0.495766
0.495766
0.495766
0.495766
0.495766
0.495766
0.495766
0.495766
0.495766
0.495766
0.495766
0.495766
0.495766
0.495766
0.495766
0.495766
0.495766
0.495766
0.495766
0.495766
0.495766
0.495766
0.495766
0.495766
0.495766
0.495766
0.495766
0.495766
0.495766
0.495766
0.495766
0.495766
0.495766
0.495766
0.495766
0.495766
0.495766
0.495766
0.495766
0.495766
0.495766
0.495766
0.495766
0.495766
0.495766
0.495766
0.495766
0.495766
0.495766
0.495766
0.495766
0.495766
0.495766
0.495766
0.495766
0.495766
0.495766
0.495766
0.495766
0.495766
0.495766
0.495766
0.495766
0.495766
0.495766
0.495766
0.495766
0.495766
0.495766
0.495766
0.495766
0.495766
0.495766
0.495766
0.495766
0.495766
0.495766
0.495766
0.495766
0.495766
0.495766
0.495766
0.495766
0.495766
0.495766
0.495766
0.495766
0.495766
0.495766
0.495766
0.495766
0.495766
0.495766
0.495766
0.495766
0.495766
0.495766
0.495766
0.495766
0.495766
0.495766
0.495766
0.495766
0.495766
0.495766
0.495766
0.495766
0.495766
0.495766
0.495766
0.495766
0.495766
0.495766
0.495766
0.495766
0.495766
0.495766
0.495766
0.495766
0.495766
0.495766
0.495766
0.495766
0.495766
0.495766
0.495766
0.495766
0.495766
0.495766
0.495766
0.495766
0.495766
0.495766
0.495766
0.495766
0.495766
0.495766
0.495766
0.495766
0.495766
0.495766
0.495766
0.495766
0.495766
0.495766
0.495766
0.495766
0.495766
0.495766
0.495766
0.495766
0.495766
0.495766
0.495766
0.495766
0.495766
0.495766
0.495766
0.495766
0.495766
0.495766
0.495766
0.495766
0.495766
0.495766
0.495766
0.495766
0.495766
0.495766
0.495766
0.495766
0.495766
0.495766
0.495766
0.495766
0.495766
0.495766
0.495766
0.495766
0.495766
0.495766
0.495766
0.495766
0.495766
0.495766
0.495766
0.495766
0.495766
0.495766
0.495766
0.495766
0.495766
0.495766
0.495766
0.495766
0.495766
0.495766
0.495766
0.495766
0.495766
0.495766
0.495766
0.495766
0.495766
0.495766
0.495766
0.495766
0.495766
0.495766
0.495766
0.495766
0.495766
0.495766
0.495766
0.495766
0.495766
0.495766
0.495766
0.495766
0.495766
0.495766
0.495766
0.495766
0.495766
0.495766
0.495766
0.495766
0.495766
0.495766
0.495766
0.495766
0.495766
0.495766
0.495766
0.495766
0.495766
0.495766
0.495766
0.495766
0.495766
0.495766
0.495766
0.495766
0.495766
0.495766
0.495766
0.495766
0.495766
0.495766
0.495766
0.495766
0.495766
0.495766
0.495766
0.495766
0.495766
0.495766
0.495766
0.495766
0.495766
0.495766
0.495766
0.495766
0.495766
0.495766
0.495766
0.495766
0.495766
0.495766
0.495766
0.495766
0.495766
0.495766
0.495766
0.495766
0.495766
0.495766
0.495766
0.495766
0.495766
0.495766
0.495766
0.495766
0.495766
0.495766
0.495766
0.495766
0.495766
0.495766
0.495766
0.495766
0.495766
0.495766
0.495766
0.495766
0.495766
0.495766
0.495766
0.495766
0.495766
0.495766
0.495766
0.495766
0.495766
0.495766
0.495766
0.495766
0.495766
0.495766
0.495766
0.495766
0.495766
0.495766
0.495766
0.495766
0.495766
0.495766
0.495766
0.495766
0.495766
0.495766
0.495766
0.495766
0.495766
0.495766
0.495766
0.495766
0.495766
0.495766
0.495766
0.495766
0.495766
0.495766
0.495766
0.495766
0.495766
0.495766
0.495766
0.495766
0.495766
0.495766
0.495766
0.495766
0.495766
0.495766
0.495766
0.495766
0.495766
0.495766
0.495766
0.495766
0.495766
0.495766
0.495766
0.495766
0.495766
0.495766
0.495766
0.495766
0.495766
0.495766
0.495766
0.495766
0.495766
0.495766
0.495766
0.495766
0.495766
0.495766
0.495766
0.495766
0.495766
0.495766
0.495766
0.495766
0.495766
0.495766
0.495766
0.495766
0.495766
0.495766
0.495766
0.495766
0.495766
0.495766
0.495766
0.495766
0.495766
0.495766
0.495766
0.495766
0.495766
0.495766
0.495766
0.495766
0.495766
0.495766
0.495766
0.495766
0.495766
0.495766
0.495766
0.495766
0.495766
0.495766
0.495766
0.495766
0.495766
0.495766
0.495766
0.495766
0.495766
0.495766
0.495766
0.495766
0.495766
0.495766
0.495766
0.495766
0.495766
0.495766
0.495766
0.495766
0.495766
0.495766
0.495766
0.495766
0.495766
0.495766
0.495766
0.495766
0.495766
0.495766
0.495766
0.495766
0.495766
0.495766
0.495766
0.495766
0.495766
0.495766
0.495766
0.495766
0.495766
0.495766
0.495766
0.495766
0.495766
0.495766
0.495766
0.495766
0.495766
0.495766
0.495766
0.495766
0.495766
0.495766
0.495766
0.495766
0.495766
0.495766
0.495766
0.495766
0.495766
0.495766
0.495766
0.495766
0.495766
0.495766
0.495766
0.495766
0.495766
0.495766
0.495766
0.495766
0.495766
0.495766
0.495766
0.495766
0.495766
0.495766
0.495766
0.495766
0.495766
0.495766
0.495766
0.495766
0.495766
0.495766
0.495766
0.495766
0.495766
0.495766
0.495766
0.495766
0.495766
0.495766
0.495766
0.495766
0.495766
0.495766
0.495766
0.495766
0.495766
0.495766
0.495766
0.495766
0.495766
0.495766
0.495766
0.495766
0.495766
0.495766
0.495766
0.495766
0.495766
0.495766
0.495766
0.495766
0.495766
0.495766
0.495766
0.495766
0.495766
0.495766
0.495766
0.495766
0.495766
0.495766
0.495766
0.495766
0.495766
0.495766
0.495766
0.495766
0.495766
0.495766
0.495766
0.495766
0.495766
0.495766
0.495766
0.495766
0.495766
0.495766
0.495766
0.495766
0.495766
0.495766
0.495766
0.495766
0.495766
0.495766
0.495766
0.495766
0.495766
0.495766
0.495766
0.495766
0.495766
0.495766
0.495766
0.495766
0.495766
0.495766
0.495766
0.495766
0.495766
0.495766
0.495766
0.495766
0.495766
0.495766
0.495766
0.495766
0.495766
0.495766
0.495766
0.495766
0.495766
0.495766
0.495766
0.495766
0.495766
0.495766
0.495766
0.495766
0.495766
0.495766
0.495766
0.495766
0.495766
0.495766
0.495766
0.495766
0.495766
0.495766
0.495766
0.495766
0.495766
0.495766
0.495766
0.495766
0.495766
0.495766
0.495766
0.495766
0.495766
0.495766
0.495766
0.495766
0.495766
0.495766
0.495766
0.495766
0.495766
0.495766
0.495766
0.495766
0.495766
0.495766
0.495766
0.495766
0.495766
0.495766
0.495766
0.495766
0.495766
0.495766
0.495766
0.495766
0.495766
0.495766
0.495766
0.495766
0.495766
0.495766
0.495766
0.495766
0.495766
0.495766
0.495766
0.495766
0.495766
0.495766
0.495766
0.495766
0.495766
0.495766
0.495766
0.495766
0.495766
0.495766
0.495766
0.495766
0.495766
0.495766
0.495766
0.495766
0.495766
0.495766
0.495766
0.495766
0.495766
0.495766
0.495766
0.495766
0.495766
0.495766
0.495766
0.495766
0.495766
0.495766
0.495766
0.495766
0.495766
0.495766
0.495766
0.495766
0.495766
0.495766
0.495766
0.495766
0.495766
0.495766
0.495766
0.495766
0.495766
0.495766
0.495766
0.495766
0.495766
0.495766
0.495766
0.495766
0.495766
0.495766
0.495766
0.495766
0.495766
0.495766
0.495766
0.495766
0.495766
0.495766
0.495766
0.495766
0.495766
0.495766
0.495766
0.495766
0.495766
0.495766
0.495766
0.495766
0.495766
0.495766
0.495766
0.495766
0.495766
0.495766
0.495766
0.495766
0.495766
0.495766
0.495766
0.495766
0.495766
0.495766
0.495766
0.495766
0.495766
0.495766
0.495766
0.495766
0.495766
0.495766
0.495766
0.495766
0.495766
0.495766
0.495766
0.495766
0.495766
0.495766
0.495766
0.495766
0.495766
0.495766
0.495766
0.495766
0.495766
0.495766
0.495766
0.495766
0.495766
0.495766
0.495766
0.495766
0.495766
0.495766
0.495766
0.495766
0.495766
0.495766
0.495766
0.495766
0.495766
0.495766
0.495766
0.495766
0.495766
0.495766
0.495766
0.495766
0.495766
0.495766
0.495766
0.495766
0.495766
0.495766
0.495766
0.495766
0.495766
0.495766
0.495766
0.495766
0.495766
0.495766
0.495766
0.495766
0.495766
0.495766
0.495766
0.495766
0.495766
0.495766
0.495766
0.495766
0.495766
0.495766
0.495766
0.495766
0.495766
0.495766
0.495766
0.495766
0.495766
0.495766
0.495766
0.495766
0.495766
0.495766
0.495766
0.495766
0.495766
0.495766
0.495766
0.495766
0.495766
0.495766
0.495766
0.495766
0.495766
0.495766
0.495766
0.495766
0.495766
0.495766
0.495766
0.495766
0.495766
0.495766
0.495766
0.495766
0.495766
0.495766
0.495766
0.495766
0.495766
0.495766
0.495766
0.495766
0.495766
0.495766
0.495766
0.495766
0.495766
0.495766
0.495766
0.495766
0.495766
0.495766
0.495766
0.495766
0.495766
0.495766
0.495766
0.495766
0.495766
0.495766
0.495766
0.495766
0.495766
0.495766
0.495766
0.495766
0.495766
0.495766
0.495766
0.495766
0.495766
0.495766
0.495766
0.495766
0.495766
0.495766
0.495766
0.495766
0.495766
0.495766
0.495766
0.495766
0.495766
0.495766
0.495766
0.495766
0.495766
0.495766
0.495766
0.495766
0.495766
0.495766
)
;
        value           nonuniform List<scalar> 
990
(
321.074
321.472
321.873
322.217
322.514
322.772
322.998
323.198
323.376
323.536
323.679
323.81
323.929
324.038
324.138
324.231
324.317
324.396
324.47
324.539
324.603
324.663
324.72
324.774
324.825
324.874
324.921
324.966
325.01
325.053
325.094
325.129
325.152
325.183
325.216
325.249
325.281
325.312
325.342
325.372
325.401
325.43
325.457
325.485
325.512
325.538
325.564
325.59
325.615
325.639
325.662
325.685
325.708
325.73
325.753
325.776
325.799
325.825
325.863
325.889
325.912
325.933
325.953
325.973
325.992
326.01
326.028
326.046
326.064
326.082
326.099
326.116
326.133
326.15
326.167
326.183
326.199
326.215
326.23
326.246
326.263
326.279
326.297
326.315
326.335
326.358
326.387
326.433
326.539
326.826
321.073
321.472
321.873
322.217
322.514
322.772
322.998
323.198
323.376
323.535
323.679
323.81
323.929
324.038
324.138
324.231
324.316
324.396
324.47
324.538
324.602
324.663
324.72
324.774
324.825
324.875
324.922
324.968
325.012
325.056
325.097
325.135
325.171
325.205
325.239
325.272
325.305
325.336
325.367
325.397
325.426
325.455
325.483
325.51
325.537
325.563
325.589
325.614
325.639
325.664
325.687
325.711
325.734
325.757
325.779
325.801
325.824
325.846
325.87
325.892
325.913
325.934
325.955
325.975
325.994
326.012
326.031
326.049
326.067
326.084
326.102
326.119
326.136
326.153
326.169
326.186
326.202
326.218
326.234
326.249
326.265
326.282
326.299
326.317
326.337
326.36
326.388
326.434
326.54
326.827
321.073
321.472
321.872
322.217
322.514
322.772
322.998
323.198
323.376
323.535
323.679
323.81
323.928
324.037
324.138
324.23
324.316
324.396
324.469
324.538
324.602
324.663
324.72
324.775
324.826
324.876
324.924
324.97
325.014
325.058
325.099
325.138
325.175
325.21
325.244
325.278
325.31
325.342
325.373
325.403
325.432
325.461
325.489
325.517
325.543
325.569
325.595
325.621
325.646
325.67
325.695
325.719
325.742
325.765
325.787
325.809
325.831
325.853
325.874
325.895
325.916
325.936
325.957
325.977
325.996
326.015
326.033
326.051
326.069
326.087
326.105
326.122
326.139
326.156
326.173
326.189
326.206
326.222
326.238
326.254
326.269
326.286
326.303
326.32
326.34
326.362
326.391
326.436
326.542
326.83
321.073
321.472
321.872
322.216
322.513
322.771
322.998
323.198
323.376
323.535
323.679
323.809
323.928
324.037
324.138
324.23
324.316
324.395
324.469
324.538
324.602
324.663
324.721
324.775
324.828
324.877
324.925
324.972
325.016
325.059
325.1
325.139
325.176
325.212
325.246
325.28
325.313
325.345
325.376
325.406
325.435
325.464
325.492
325.52
325.547
325.573
325.598
325.624
325.649
325.674
325.698
325.722
325.746
325.769
325.791
325.814
325.835
325.857
325.878
325.898
325.919
325.939
325.96
325.979
325.999
326.017
326.036
326.054
326.072
326.09
326.108
326.125
326.142
326.159
326.176
326.193
326.209
326.226
326.242
326.258
326.274
326.29
326.307
326.324
326.344
326.366
326.393
326.439
326.545
326.832
321.073
321.472
321.872
322.216
322.513
322.771
322.998
323.197
323.375
323.535
323.679
323.809
323.928
324.037
324.137
324.23
324.316
324.395
324.469
324.538
324.603
324.664
324.722
324.777
324.829
324.879
324.927
324.973
325.018
325.061
325.101
325.14
325.177
325.213
325.248
325.281
325.314
325.346
325.378
325.408
325.437
325.466
325.495
325.522
325.549
325.575
325.601
325.626
325.651
325.676
325.701
325.725
325.749
325.772
325.795
325.817
325.839
325.86
325.881
325.902
325.922
325.942
325.962
325.982
326.001
326.02
326.039
326.057
326.075
326.093
326.111
326.129
326.146
326.163
326.18
326.196
326.213
326.23
326.246
326.262
326.279
326.295
326.311
326.329
326.348
326.37
326.397
326.442
326.548
326.835
321.073
321.471
321.872
322.216
322.513
322.771
322.997
323.197
323.375
323.535
323.679
323.809
323.928
324.037
324.137
324.23
324.315
324.395
324.469
324.538
324.603
324.665
324.723
324.778
324.83
324.881
324.929
324.975
325.019
325.062
325.102
325.141
325.178
325.214
325.249
325.283
325.316
325.348
325.379
325.41
325.439
325.468
325.497
325.524
325.551
325.578
325.603
325.629
325.654
325.679
325.704
325.728
325.752
325.775
325.798
325.82
325.842
325.864
325.885
325.906
325.926
325.946
325.966
325.986
326.005
326.024
326.043
326.061
326.079
326.098
326.115
326.133
326.15
326.167
326.184
326.201
326.218
326.234
326.251
326.268
326.284
326.3
326.317
326.335
326.354
326.375
326.402
326.447
326.552
326.839
321.073
321.471
321.872
322.216
322.513
322.771
322.997
323.197
323.375
323.535
323.678
323.809
323.928
324.037
324.137
324.23
324.315
324.395
324.469
324.539
324.604
324.666
324.724
324.779
324.832
324.882
324.931
324.977
325.021
325.063
325.103
325.142
325.179
325.216
325.251
325.285
325.318
325.35
325.381
325.412
325.442
325.471
325.499
325.527
325.554
325.581
325.607
325.632
325.658
325.683
325.708
325.732
325.756
325.779
325.802
325.824
325.846
325.868
325.889
325.91
325.931
325.951
325.971
325.99
326.01
326.029
326.048
326.066
326.085
326.103
326.121
326.138
326.156
326.173
326.19
326.207
326.223
326.24
326.257
326.274
326.291
326.307
326.324
326.342
326.361
326.382
326.409
326.453
326.557
326.844
321.072
321.471
321.871
322.215
322.512
322.771
322.997
323.197
323.375
323.535
323.679
323.809
323.928
324.037
324.138
324.23
324.316
324.396
324.47
324.54
324.606
324.668
324.726
324.782
324.835
324.885
324.933
324.979
325.023
325.066
325.106
325.145
325.182
325.219
325.254
325.288
325.322
325.354
325.386
325.416
325.446
325.476
325.504
325.532
325.559
325.586
325.613
325.638
325.664
325.689
325.714
325.738
325.762
325.785
325.808
325.831
325.853
325.875
325.896
325.917
325.938
325.958
325.978
325.998
326.017
326.036
326.055
326.074
326.092
326.111
326.129
326.146
326.164
326.181
326.198
326.214
326.231
326.248
326.265
326.282
326.298
326.315
326.332
326.35
326.369
326.39
326.416
326.458
326.561
326.845
321.072
321.471
321.871
322.216
322.513
322.771
322.998
323.198
323.376
323.536
323.68
323.811
323.93
324.04
324.14
324.233
324.319
324.399
324.474
324.545
324.611
324.673
324.732
324.788
324.841
324.892
324.94
324.986
325.031
325.073
325.114
325.153
325.191
325.228
325.263
325.298
325.332
325.364
325.396
325.427
325.458
325.487
325.516
325.544
325.572
325.599
325.626
325.652
325.678
325.703
325.728
325.752
325.776
325.8
325.823
325.846
325.869
325.891
325.912
325.934
325.954
325.975
325.995
326.015
326.034
326.054
326.073
326.091
326.11
326.128
326.146
326.164
326.181
326.198
326.215
326.232
326.249
326.265
326.282
326.298
326.315
326.332
326.349
326.366
326.385
326.406
326.431
326.471
326.57
326.849
321.073
321.473
321.874
322.22
322.518
322.778
323.005
323.207
323.386
323.548
323.693
323.825
323.946
324.056
324.158
324.252
324.339
324.421
324.497
324.568
324.636
324.699
324.759
324.816
324.871
324.922
324.972
325.019
325.064
325.107
325.149
325.19
325.229
325.267
325.303
325.339
325.374
325.407
325.44
325.472
325.504
325.534
325.564
325.593
325.622
325.65
325.678
325.705
325.732
325.758
325.784
325.809
325.834
325.858
325.882
325.906
325.929
325.952
325.974
325.996
326.018
326.039
326.06
326.081
326.101
326.121
326.141
326.16
326.179
326.198
326.216
326.235
326.252
326.27
326.288
326.305
326.322
326.339
326.356
326.373
326.39
326.407
326.424
326.442
326.461
326.482
326.506
326.545
326.636
326.902
321.08
321.486
321.894
322.246
322.55
322.816
323.049
323.256
323.441
323.607
323.758
323.895
324.02
324.135
324.241
324.34
324.432
324.517
324.598
324.673
324.744
324.812
324.876
324.936
324.994
325.049
325.102
325.153
325.201
325.248
325.294
325.337
325.38
325.421
325.461
325.5
325.538
325.574
325.61
325.645
325.68
325.713
325.746
325.778
325.81
325.841
325.872
325.902
325.931
325.96
325.988
326.016
326.043
326.07
326.097
326.123
326.149
326.174
326.199
326.224
326.248
326.271
326.295
326.318
326.34
326.362
326.384
326.406
326.427
326.448
326.469
326.489
326.509
326.529
326.549
326.568
326.587
326.606
326.625
326.643
326.662
326.68
326.699
326.719
326.739
326.761
326.786
326.823
326.905
327.136
)
;
        Tnbr            T;
        qrNbr           none;
        qr              none;
        thermalInertia  false;
        thicknessLayers List<scalar> 0();
        kappaLayers     List<scalar> 0();
        kappaMethod     solidThermo;
        kappa           none;
        alphaAni        none;
        alpha           none;
    }
    asphalt_to_air
    {
        type            compressible::turbulentTemperatureRadCoupledMixed;
        refValue        nonuniform List<scalar> 
990
(
310.211
310.408
310.585
310.746
310.895
311.033
311.163
311.285
311.4
311.509
311.613
311.712
311.807
311.898
311.985
312.07
312.152
312.231
312.309
312.383
312.457
312.528
312.597
312.666
312.732
312.798
312.862
312.925
312.987
313.048
313.108
313.167
313.225
313.282
313.339
313.395
313.45
313.504
313.557
313.61
313.662
313.714
313.765
313.815
313.865
313.913
313.962
314.009
314.057
314.103
314.149
314.194
314.239
314.283
314.326
314.369
314.411
314.453
314.495
314.536
314.576
314.616
314.655
314.694
314.732
314.769
314.807
314.843
314.88
314.915
314.951
314.985
315.02
315.054
315.087
315.12
315.153
315.185
315.217
315.248
315.279
315.31
315.34
315.371
315.401
315.431
315.461
315.491
315.524
315.562
310.211
310.408
310.585
310.746
310.895
311.033
311.163
311.285
311.4
311.509
311.613
311.712
311.807
311.898
311.985
312.07
312.152
312.231
312.308
312.383
312.456
312.528
312.597
312.665
312.732
312.797
312.862
312.925
312.986
313.047
313.107
313.167
313.225
313.282
313.339
313.394
313.449
313.504
313.557
313.61
313.662
313.714
313.764
313.815
313.864
313.913
313.961
314.009
314.056
314.102
314.148
314.194
314.238
314.282
314.326
314.369
314.411
314.453
314.494
314.535
314.575
314.615
314.654
314.693
314.731
314.769
314.806
314.843
314.879
314.914
314.95
314.985
315.019
315.053
315.086
315.119
315.152
315.184
315.216
315.248
315.279
315.31
315.34
315.371
315.401
315.431
315.461
315.492
315.524
315.563
310.211
310.408
310.585
310.746
310.895
311.033
311.163
311.285
311.4
311.509
311.613
311.712
311.807
311.898
311.985
312.07
312.152
312.231
312.308
312.383
312.456
312.527
312.597
312.665
312.732
312.797
312.861
312.924
312.986
313.047
313.107
313.166
313.224
313.282
313.338
313.394
313.449
313.503
313.556
313.609
313.661
313.713
313.764
313.814
313.863
313.912
313.96
314.008
314.055
314.101
314.147
314.193
314.237
314.281
314.325
314.368
314.41
314.452
314.493
314.534
314.574
314.614
314.653
314.692
314.73
314.768
314.805
314.842
314.878
314.914
314.949
314.984
315.019
315.053
315.087
315.12
315.153
315.185
315.217
315.249
315.28
315.311
315.342
315.372
315.403
315.433
315.463
315.494
315.527
315.566
310.211
310.408
310.585
310.746
310.895
311.033
311.163
311.285
311.4
311.509
311.613
311.712
311.806
311.898
311.985
312.07
312.152
312.231
312.308
312.383
312.456
312.527
312.597
312.665
312.732
312.797
312.861
312.924
312.986
313.047
313.107
313.166
313.224
313.281
313.338
313.393
313.448
313.502
313.556
313.609
313.661
313.712
313.763
313.813
313.863
313.911
313.96
314.007
314.054
314.101
314.146
314.192
314.236
314.28
314.324
314.367
314.409
314.451
314.493
314.533
314.574
314.613
314.653
314.691
314.73
314.767
314.805
314.842
314.878
314.914
314.949
314.984
315.019
315.053
315.087
315.12
315.153
315.185
315.217
315.249
315.281
315.312
315.343
315.373
315.404
315.434
315.465
315.496
315.529
315.568
310.211
310.408
310.585
310.746
310.895
311.033
311.163
311.285
311.4
311.509
311.612
311.712
311.806
311.897
311.985
312.07
312.152
312.231
312.308
312.383
312.456
312.527
312.597
312.665
312.731
312.797
312.861
312.924
312.986
313.047
313.107
313.166
313.224
313.281
313.337
313.393
313.448
313.502
313.555
313.608
313.66
313.711
313.762
313.812
313.862
313.91
313.959
314.006
314.053
314.1
314.145
314.191
314.235
314.279
314.323
314.366
314.408
314.45
314.491
314.532
314.573
314.612
314.652
314.69
314.729
314.766
314.804
314.841
314.877
314.913
314.948
314.983
315.018
315.052
315.086
315.119
315.152
315.185
315.217
315.249
315.281
315.312
315.343
315.374
315.405
315.435
315.466
315.497
315.53
315.57
310.211
310.408
310.585
310.746
310.895
311.033
311.163
311.285
311.4
311.509
311.612
311.711
311.806
311.897
311.985
312.07
312.151
312.231
312.308
312.383
312.456
312.527
312.596
312.665
312.731
312.797
312.861
312.924
312.986
313.046
313.106
313.165
313.223
313.281
313.337
313.393
313.448
313.502
313.555
313.608
313.66
313.711
313.762
313.812
313.861
313.91
313.958
314.006
314.053
314.099
314.145
314.19
314.235
314.279
314.323
314.366
314.408
314.45
314.491
314.532
314.572
314.612
314.652
314.69
314.729
314.767
314.804
314.841
314.877
314.913
314.949
314.984
315.019
315.053
315.087
315.12
315.153
315.186
315.218
315.25
315.282
315.314
315.345
315.376
315.407
315.437
315.468
315.5
315.533
315.572
310.211
310.408
310.585
310.746
310.895
311.033
311.163
311.285
311.4
311.509
311.612
311.711
311.806
311.897
311.985
312.069
312.151
312.231
312.308
312.383
312.456
312.527
312.596
312.664
312.731
312.796
312.86
312.923
312.985
313.046
313.106
313.165
313.223
313.28
313.337
313.392
313.447
313.501
313.554
313.607
313.659
313.71
313.761
313.811
313.86
313.909
313.957
314.005
314.052
314.098
314.144
314.189
314.234
314.278
314.321
314.364
314.407
314.449
314.49
314.531
314.571
314.611
314.65
314.689
314.728
314.766
314.803
314.84
314.876
314.912
314.948
314.983
315.018
315.052
315.086
315.12
315.153
315.186
315.218
315.251
315.282
315.314
315.345
315.376
315.407
315.438
315.47
315.501
315.535
315.574
310.211
310.408
310.585
310.746
310.895
311.033
311.163
311.285
311.4
311.509
311.612
311.711
311.806
311.897
311.985
312.069
312.151
312.23
312.307
312.382
312.455
312.527
312.596
312.664
312.731
312.796
312.86
312.923
312.985
313.046
313.106
313.165
313.223
313.28
313.337
313.392
313.447
313.501
313.554
313.607
313.659
313.71
313.761
313.811
313.86
313.909
313.957
314.005
314.052
314.098
314.144
314.189
314.234
314.278
314.321
314.364
314.406
314.448
314.49
314.53
314.571
314.61
314.65
314.688
314.727
314.764
314.802
314.838
314.875
314.911
314.946
314.981
315.016
315.05
315.084
315.117
315.15
315.182
315.215
315.246
315.278
315.309
315.34
315.371
315.401
315.432
315.463
315.494
315.527
315.566
310.211
310.408
310.585
310.746
310.895
311.033
311.163
311.284
311.399
311.508
311.612
311.711
311.806
311.897
311.985
312.069
312.151
312.23
312.307
312.382
312.455
312.526
312.596
312.664
312.731
312.796
312.86
312.923
312.985
313.046
313.106
313.165
313.223
313.28
313.336
313.392
313.446
313.501
313.554
313.606
313.658
313.71
313.76
313.81
313.859
313.908
313.956
314.003
314.05
314.096
314.142
314.187
314.231
314.275
314.318
314.361
314.403
314.445
314.486
314.526
314.566
314.606
314.645
314.683
314.721
314.758
314.795
314.832
314.867
314.903
314.938
314.972
315.006
315.04
315.073
315.105
315.138
315.17
315.201
315.232
315.263
315.293
315.323
315.353
315.383
315.412
315.442
315.472
315.503
315.541
310.211
310.408
310.585
310.746
310.895
311.033
311.163
311.285
311.4
311.509
311.613
311.712
311.806
311.898
311.985
312.07
312.152
312.231
312.308
312.384
312.457
312.528
312.598
312.666
312.733
312.798
312.863
312.926
312.988
313.049
313.109
313.168
313.226
313.283
313.34
313.396
313.45
313.505
313.558
313.611
313.663
313.714
313.765
313.815
313.864
313.913
313.961
314.009
314.056
314.102
314.148
314.193
314.237
314.281
314.325
314.367
314.409
314.451
314.492
314.533
314.572
314.612
314.651
314.689
314.727
314.764
314.801
314.837
314.872
314.908
314.942
314.976
315.01
315.043
315.076
315.108
315.14
315.171
315.202
315.233
315.263
315.293
315.322
315.352
315.381
315.409
315.438
315.468
315.499
315.535
310.211
310.408
310.585
310.747
310.896
311.035
311.165
311.287
311.403
311.512
311.617
311.716
311.812
311.904
311.992
312.077
312.16
312.24
312.318
312.394
312.468
312.54
312.611
312.68
312.747
312.814
312.879
312.943
313.006
313.067
313.128
313.188
313.247
313.306
313.363
313.42
313.475
313.531
313.585
313.639
313.692
313.744
313.795
313.846
313.897
313.946
313.995
314.044
314.092
314.139
314.186
314.231
314.277
314.322
314.366
314.41
314.453
314.495
314.537
314.578
314.619
314.659
314.699
314.738
314.777
314.815
314.852
314.889
314.926
314.962
314.997
315.033
315.067
315.101
315.135
315.168
315.2
315.233
315.264
315.296
315.326
315.357
315.387
315.417
315.447
315.476
315.506
315.535
315.567
315.603
)
;
        refGradient     nonuniform List<scalar> 
990
(
71.285
69.0569
67.3212
65.7963
64.4819
63.3381
62.3338
61.4451
60.653
59.9423
59.3011
58.7195
58.1897
57.7051
57.2602
56.8498
56.4694
56.1147
55.7827
55.4709
55.1777
54.9019
54.6423
54.3977
54.1665
53.9474
53.7397
53.5434
53.3587
53.185
53.0215
52.8701
52.7419
52.5979
52.4517
52.3088
52.1701
52.0357
51.9053
51.7784
51.6545
51.5335
51.4151
51.2988
51.1852
51.0735
50.9636
50.8555
50.7488
50.6429
50.5381
50.4353
50.3352
50.2379
50.1428
50.0492
49.9557
49.8581
49.7456
49.6513
49.5659
49.484
49.4039
49.326
49.2473
49.1697
49.0936
49.0188
48.945
48.8721
48.8001
48.7294
48.6599
48.5915
48.5239
48.4567
48.39
48.3241
48.2593
48.196
48.1341
48.0738
48.0152
47.9589
47.9056
47.8556
47.8083
47.7734
47.872
48.9455
71.2844
69.0563
67.3207
65.7959
64.4816
63.3378
62.3337
61.4451
60.653
59.9425
59.3015
58.7202
58.1907
57.7065
57.2617
56.8513
56.4707
56.116
55.784
55.4723
55.1794
54.904
54.6448
54.4005
54.1695
53.9507
53.7435
53.5479
53.3635
53.1891
53.0226
52.8625
52.7087
52.5566
52.4079
52.2639
52.1256
51.9911
51.86
51.7324
51.608
51.4865
51.3678
51.2515
51.1366
51.0238
50.9135
50.8052
50.6989
50.5944
50.4916
50.3906
50.2914
50.1943
50.0991
50.0056
49.9135
49.8223
49.7289
49.641
49.5568
49.4748
49.3986
49.3203
49.2416
49.1639
49.0878
49.013
48.9394
48.8669
48.7953
48.7247
48.6555
48.5873
48.5201
48.4535
48.3873
48.3217
48.2569
48.1931
48.1305
48.0692
48.0096
47.9524
47.8984
47.8476
47.7999
47.765
47.8639
48.9383
71.2837
69.0557
67.3201
65.7954
64.4811
63.3375
62.3334
61.4449
60.653
59.9427
59.3019
58.7209
58.1917
57.7077
57.263
56.8526
56.472
56.1172
55.7852
55.4739
55.1814
54.9065
54.6479
54.404
54.1734
53.955
53.7484
53.5533
53.3688
53.1932
53.0243
52.8605
52.7014
52.5467
52.3971
52.2526
52.1142
51.9795
51.8479
51.7198
51.5949
51.4731
51.3541
51.2378
51.1222
51.0089
50.8982
50.7897
50.6837
50.5802
50.4788
50.3792
50.2809
50.1841
50.089
49.9956
49.904
49.8142
49.724
49.6373
49.553
49.4707
49.3935
49.3148
49.236
49.1583
49.082
49.0071
48.9335
48.8611
48.7896
48.719
48.6497
48.5815
48.5144
48.4481
48.3824
48.3172
48.2526
48.1886
48.1254
48.0633
48.0026
47.9444
47.8891
47.837
47.7878
47.7521
47.8507
48.9259
71.2828
69.0548
67.3193
65.7947
64.4805
63.337
62.333
61.4446
60.6528
59.9427
59.3021
58.7214
58.1924
57.7086
57.264
56.8535
56.4728
56.1181
55.7863
55.4754
55.1835
54.9093
54.6513
54.4079
54.1777
53.9598
53.7536
53.5585
53.3734
53.1962
53.0252
52.8593
52.6983
52.5428
52.3929
52.2481
52.1094
51.9742
51.8423
51.7137
51.5885
51.4664
51.3472
51.2307
51.1149
51.0014
50.8906
50.7821
50.6762
50.5732
50.4726
50.3739
50.2763
50.1799
50.0851
49.992
49.9007
49.8112
49.7226
49.636
49.5513
49.4686
49.3894
49.3102
49.2315
49.1538
49.0774
49.0025
48.929
48.8566
48.7852
48.7148
48.6453
48.5771
48.51
48.444
48.3789
48.3143
48.2503
48.1867
48.1235
48.061
47.9999
47.9409
47.8847
47.8312
47.7805
47.7433
47.8414
48.9163
71.2818
69.0538
67.3184
65.7938
64.4797
63.3363
62.3325
61.4442
60.6526
59.9426
59.3023
58.7217
58.193
57.7093
57.2647
56.8543
56.4737
56.119
55.7876
55.4772
55.1861
54.9126
54.6553
54.4123
54.1825
53.965
53.759
53.5636
53.3774
53.1987
53.0259
52.8587
52.6971
52.5414
52.3914
52.2464
52.107
51.9714
51.8391
51.7103
51.5849
51.4626
51.3431
51.2264
51.1107
50.9973
50.8866
50.7782
50.6726
50.5697
50.4694
50.371
50.2738
50.1778
50.0833
49.9906
49.8997
49.8104
49.7226
49.636
49.5511
49.4681
49.3874
49.3078
49.229
49.1513
49.075
49.0001
48.9265
48.8542
48.7829
48.7124
48.6429
48.5745
48.5073
48.4414
48.3765
48.3125
48.249
48.1859
48.123
48.0607
47.9994
47.94
47.8829
47.8282
47.7757
47.7368
47.8339
48.9077
71.2808
69.0527
67.3173
65.7927
64.4788
63.3354
62.3317
61.4435
60.652
59.9423
59.3021
58.7218
58.1932
57.7096
57.2651
56.8547
56.4741
56.1197
55.7887
55.479
55.1886
54.9159
54.6591
54.4166
54.1871
53.9697
53.7636
53.5676
53.3802
53.1999
53.026
52.858
52.6962
52.5405
52.3905
52.2453
52.1053
51.9693
51.8367
51.7077
51.5821
51.4596
51.3399
51.2229
51.1074
50.9943
50.8837
50.7756
50.6701
50.5673
50.4669
50.3683
50.2712
50.1755
50.0814
49.989
49.8984
49.8093
49.7218
49.6354
49.5505
49.4673
49.3859
49.3059
49.227
49.1495
49.0732
48.9983
48.9248
48.8525
48.7812
48.7109
48.6414
48.5729
48.5056
48.4397
48.375
48.3114
48.2483
48.1857
48.1234
48.0615
48.0006
47.9411
47.8836
47.8279
47.7737
47.7327
47.8285
48.9009
71.2795
69.0514
67.316
65.7915
64.4776
63.3344
62.3308
61.4428
60.6515
59.942
59.3021
58.722
58.1936
57.7101
57.2657
56.8554
56.475
56.121
55.7906
55.4816
55.192
54.9199
54.6636
54.4214
54.1921
53.9748
53.7684
53.5716
53.3831
53.2018
53.0272
52.8591
52.6975
52.5419
52.3918
52.2465
52.106
51.9696
51.8369
51.7078
51.5821
51.4595
51.3396
51.2225
51.1073
50.9945
50.8843
50.7766
50.6714
50.5685
50.4679
50.3691
50.272
50.1765
50.0827
49.9907
49.9003
49.8115
49.7243
49.6383
49.5536
49.4705
49.3888
49.3087
49.2298
49.1523
49.0762
49.0014
48.928
48.8558
48.7846
48.7143
48.645
48.5765
48.5093
48.4434
48.3788
48.3153
48.2526
48.1904
48.1286
48.0674
48.0071
47.9479
47.8904
47.8342
47.7788
47.7354
47.8295
48.9002
71.2781
69.0496
67.3142
65.7896
64.4758
63.3326
62.3291
61.4412
60.6501
59.9407
59.3009
58.721
58.1927
57.7093
57.265
56.8549
56.4748
56.1212
55.7915
55.4832
55.1943
54.9228
54.6668
54.4248
54.1956
53.9782
53.7714
53.5739
53.3846
53.2027
53.028
52.86
52.6986
52.5431
52.393
52.2477
52.1068
51.9702
51.8374
51.7083
51.5826
51.46
51.3402
51.223
51.1082
50.996
50.8862
50.7789
50.674
50.5713
50.4706
50.3717
50.2746
50.1794
50.0861
49.9945
49.9046
49.8163
49.7296
49.6442
49.5602
49.4776
49.3963
49.3165
49.2381
49.1612
49.0857
49.0115
48.9387
48.8671
48.7966
48.7271
48.6585
48.591
48.5246
48.4596
48.396
48.3335
48.2719
48.2111
48.1509
48.0915
48.0331
47.9758
47.92
47.865
47.8101
47.7653
47.8569
48.9236
71.2759
69.0467
67.3108
65.7859
64.4718
63.3285
62.3249
61.4371
60.646
59.9368
59.2972
58.7175
58.1894
57.7063
57.2622
56.8525
56.4728
56.12
55.791
55.4835
55.1953
54.9243
54.6688
54.4271
54.1981
53.9807
53.7737
53.5759
53.3864
53.2046
53.0302
52.8627
52.7017
52.5466
52.3967
52.2516
52.1109
51.9744
51.842
51.7132
51.5878
51.4655
51.3461
51.2293
51.1153
51.0038
50.8947
50.7882
50.684
50.5819
50.4817
50.3833
50.2869
50.1924
50.1
50.0093
49.9204
49.8331
49.7475
49.6634
49.5807
49.4994
49.4194
49.3408
49.2638
49.1883
49.1142
49.0415
48.9702
48.9001
48.8311
48.7633
48.6965
48.6309
48.5666
48.5036
48.4419
48.3815
48.3221
48.2636
48.2061
48.1497
48.0944
48.0405
47.988
47.9364
47.884
47.8386
47.9237
48.9792
71.2745
69.0473
67.3129
65.7896
64.4771
63.3355
62.3336
61.4476
60.6583
59.9509
59.3132
58.7353
58.2091
57.7278
57.2856
56.8778
56.5002
56.1495
55.8227
55.5173
55.231
54.9618
54.708
54.4679
54.2404
54.0243
53.8185
53.6218
53.4337
53.2535
53.0807
52.915
52.7555
52.6018
52.4534
52.3097
52.1704
52.0353
51.9043
51.777
51.653
51.5322
51.4142
51.2989
51.1865
51.0767
50.9694
50.8645
50.7619
50.6614
50.5626
50.4658
50.371
50.2782
50.1874
50.0985
50.0114
49.926
49.8423
49.7603
49.6797
49.6006
49.5227
49.4463
49.3715
49.2982
49.2264
49.1561
49.0871
49.0194
48.9529
48.8875
48.8233
48.7603
48.6987
48.6384
48.5794
48.5214
48.4647
48.409
48.3544
48.301
48.2489
48.1981
48.149
48.1011
48.0522
48.0058
48.0741
49.0867
71.3176
69.1396
67.4455
65.9586
64.6793
63.5682
62.5947
61.7351
60.9706
60.2866
59.6711
59.1143
58.6082
58.1461
57.7225
57.3326
56.9725
56.6386
56.3281
56.0385
55.7674
55.5129
55.2732
55.047
54.8329
54.6299
54.4369
54.253
54.0776
53.91
53.7497
53.596
53.4483
53.306
53.1688
53.0363
52.9079
52.7837
52.6633
52.5465
52.4329
52.3223
52.2145
52.1093
52.0069
51.907
51.8094
51.714
51.6208
51.5294
51.44
51.3524
51.2667
51.1828
51.1008
51.0206
50.942
50.8652
50.79
50.7163
50.6441
50.5734
50.5039
50.4359
50.3693
50.3041
50.2403
50.1778
50.1165
50.0564
49.9973
49.9393
49.8824
49.8268
49.7725
49.7193
49.6671
49.6158
49.5653
49.5156
49.467
49.4195
49.3729
49.3273
49.2825
49.2379
49.1921
49.1453
49.1796
49.9835
)
;
        valueFraction   nonuniform List<scalar> 
990
(
0.185375
0.175274
0.167264
0.160733
0.155302
0.150718
0.146803
0.143426
0.140487
0.13791
0.135635
0.133615
0.131812
0.130194
0.128736
0.127418
0.126221
0.125131
0.124135
0.123223
0.122385
0.121614
0.120902
0.120244
0.119634
0.119067
0.118541
0.11805
0.117592
0.117163
0.116762
0.116385
0.116033
0.1157
0.115385
0.115087
0.114803
0.114532
0.114273
0.114024
0.113785
0.113553
0.113328
0.11311
0.112897
0.112689
0.112485
0.112286
0.112091
0.111899
0.111712
0.111529
0.11135
0.111175
0.111004
0.110838
0.110677
0.110519
0.110365
0.110217
0.110073
0.109934
0.109798
0.109665
0.109535
0.109408
0.109282
0.109159
0.109037
0.108916
0.108797
0.108679
0.108563
0.108448
0.108334
0.108221
0.10811
0.107999
0.107889
0.107779
0.107669
0.107558
0.107445
0.107328
0.107206
0.107074
0.106927
0.106749
0.106529
0.10602
0.185375
0.175274
0.167264
0.160733
0.155302
0.150719
0.146804
0.143427
0.140489
0.137912
0.135638
0.133618
0.131815
0.130198
0.128741
0.127423
0.126226
0.125137
0.124141
0.123229
0.122391
0.121619
0.120907
0.120248
0.119637
0.119069
0.118541
0.118048
0.117588
0.117157
0.116753
0.116374
0.116017
0.115681
0.115362
0.11506
0.114773
0.114499
0.114237
0.113985
0.113743
0.113509
0.113283
0.113063
0.112849
0.11264
0.112437
0.112237
0.112043
0.111852
0.111666
0.111483
0.111305
0.111131
0.110962
0.110797
0.110636
0.11048
0.110327
0.110179
0.110035
0.109895
0.109758
0.109624
0.109493
0.109365
0.109239
0.109115
0.108993
0.108872
0.108753
0.108636
0.10852
0.108406
0.108292
0.10818
0.10807
0.10796
0.10785
0.107741
0.107632
0.107522
0.107409
0.107293
0.107171
0.10704
0.106894
0.106715
0.106496
0.105987
0.185375
0.175274
0.167264
0.160734
0.155303
0.15072
0.146805
0.143429
0.140491
0.137914
0.135641
0.133621
0.131819
0.130202
0.128745
0.127428
0.126232
0.125142
0.124147
0.123235
0.122396
0.121624
0.120912
0.120252
0.11964
0.119071
0.118541
0.118047
0.117585
0.117152
0.116746
0.116364
0.116005
0.115665
0.115344
0.115039
0.114749
0.114472
0.114207
0.113953
0.113708
0.113473
0.113244
0.113023
0.112808
0.112599
0.112395
0.112196
0.112001
0.111811
0.111625
0.111443
0.111266
0.111093
0.110924
0.110759
0.110599
0.110442
0.11029
0.110142
0.109997
0.109856
0.109718
0.109584
0.109452
0.109323
0.109196
0.109072
0.108949
0.108828
0.108709
0.108591
0.108475
0.108361
0.108248
0.108136
0.108025
0.107915
0.107806
0.107697
0.107588
0.107478
0.107365
0.107249
0.107128
0.106996
0.10685
0.106672
0.106452
0.105942
0.185375
0.175274
0.167264
0.160734
0.155303
0.15072
0.146806
0.14343
0.140492
0.137916
0.135643
0.133624
0.131822
0.130205
0.128749
0.127431
0.126236
0.125146
0.124151
0.123239
0.1224
0.121628
0.120914
0.120254
0.119641
0.119071
0.11854
0.118044
0.117581
0.117146
0.116738
0.116354
0.115992
0.115651
0.115327
0.115019
0.114727
0.114447
0.11418
0.113924
0.113677
0.113439
0.113209
0.112987
0.112771
0.112561
0.112356
0.112157
0.111962
0.111772
0.111587
0.111405
0.111228
0.111056
0.110887
0.110723
0.110563
0.110406
0.110254
0.110106
0.109961
0.109819
0.109681
0.109546
0.109413
0.109284
0.109156
0.109031
0.108908
0.108787
0.108668
0.108551
0.108435
0.108321
0.108208
0.108096
0.107986
0.107876
0.107767
0.107659
0.10755
0.10744
0.107328
0.107213
0.107091
0.10696
0.106814
0.106636
0.106416
0.105906
0.185375
0.175274
0.167264
0.160734
0.155304
0.150721
0.146807
0.143431
0.140494
0.137918
0.135645
0.133627
0.131825
0.130209
0.128753
0.127436
0.12624
0.125151
0.124155
0.123243
0.122405
0.121632
0.120918
0.120257
0.119643
0.119073
0.11854
0.118043
0.117578
0.117142
0.116732
0.116347
0.115983
0.115639
0.115313
0.115003
0.114708
0.114427
0.114157
0.113899
0.11365
0.113411
0.11318
0.112956
0.112739
0.112528
0.112323
0.112123
0.111928
0.111738
0.111553
0.111371
0.111195
0.111022
0.110854
0.11069
0.110529
0.110373
0.11022
0.110072
0.109926
0.109785
0.109646
0.10951
0.109377
0.109247
0.109119
0.108993
0.10887
0.108749
0.108629
0.108512
0.108396
0.108282
0.108169
0.108057
0.107947
0.107838
0.107729
0.10762
0.107512
0.107402
0.10729
0.107175
0.107054
0.106923
0.106778
0.1066
0.10638
0.105871
0.185375
0.175274
0.167264
0.160734
0.155304
0.150721
0.146808
0.143432
0.140495
0.13792
0.135647
0.133629
0.131827
0.130211
0.128755
0.127438
0.126243
0.125154
0.124158
0.123246
0.122407
0.121634
0.12092
0.120258
0.119644
0.119072
0.118539
0.118041
0.117574
0.117137
0.116726
0.116338
0.115973
0.115627
0.115299
0.114987
0.11469
0.114407
0.114136
0.113875
0.113625
0.113384
0.113152
0.112926
0.112708
0.112497
0.112291
0.112091
0.111896
0.111705
0.11152
0.111338
0.111162
0.110989
0.110821
0.110657
0.110496
0.11034
0.110187
0.110038
0.109892
0.10975
0.109611
0.109475
0.109341
0.10921
0.109082
0.108956
0.108833
0.108711
0.108592
0.108474
0.108358
0.108244
0.108131
0.10802
0.10791
0.1078
0.107692
0.107583
0.107475
0.107365
0.107253
0.107138
0.107017
0.106887
0.106742
0.106564
0.106345
0.105835
0.185375
0.175275
0.167265
0.160735
0.155305
0.150722
0.146809
0.143434
0.140497
0.137922
0.135649
0.133632
0.13183
0.130215
0.128759
0.127443
0.126248
0.125159
0.124163
0.123251
0.122412
0.121639
0.120924
0.120262
0.119647
0.119074
0.11854
0.118041
0.117574
0.117135
0.116723
0.116334
0.115967
0.115619
0.115289
0.114976
0.114677
0.114392
0.114119
0.113857
0.113605
0.113363
0.113129
0.112903
0.112683
0.112471
0.112264
0.112063
0.111868
0.111677
0.111491
0.11131
0.111133
0.11096
0.110792
0.110628
0.110467
0.11031
0.110157
0.110008
0.109862
0.109719
0.109579
0.109443
0.109309
0.109178
0.109049
0.108923
0.108799
0.108677
0.108557
0.108439
0.108323
0.108209
0.108096
0.107985
0.107874
0.107765
0.107656
0.107548
0.107439
0.10733
0.107218
0.107103
0.106982
0.106852
0.106708
0.106531
0.106312
0.105803
0.185375
0.175275
0.167265
0.160735
0.155305
0.150723
0.14681
0.143434
0.140498
0.137923
0.13565
0.133633
0.131832
0.130217
0.128761
0.127445
0.126249
0.125161
0.124165
0.123253
0.122413
0.12164
0.120925
0.120262
0.119646
0.119073
0.118539
0.118039
0.117571
0.117131
0.116717
0.116327
0.115959
0.11561
0.115278
0.114963
0.114663
0.114377
0.114102
0.113839
0.113586
0.113342
0.113107
0.11288
0.11266
0.112447
0.11224
0.112038
0.111842
0.111652
0.111466
0.111284
0.111107
0.110935
0.110767
0.110602
0.110442
0.110285
0.110132
0.109983
0.109837
0.109695
0.109555
0.109419
0.109285
0.109155
0.109026
0.108901
0.108777
0.108656
0.108537
0.108421
0.108306
0.108193
0.108081
0.107972
0.107863
0.107755
0.107649
0.107542
0.107436
0.107329
0.10722
0.107107
0.10699
0.106863
0.106722
0.10655
0.106336
0.105833
0.185376
0.175275
0.167266
0.160736
0.155306
0.150724
0.146812
0.143437
0.1405
0.137926
0.135654
0.133637
0.131836
0.130221
0.128766
0.12745
0.126255
0.125166
0.124171
0.123258
0.122419
0.121645
0.12093
0.120267
0.119651
0.119077
0.118542
0.118041
0.117572
0.117132
0.116717
0.116326
0.115956
0.115606
0.115274
0.114957
0.114656
0.114368
0.114092
0.113828
0.113574
0.113329
0.113093
0.112865
0.112645
0.112431
0.112223
0.112022
0.111826
0.111635
0.111449
0.111268
0.111092
0.11092
0.110753
0.110589
0.11043
0.110274
0.110122
0.109974
0.109829
0.109688
0.10955
0.109415
0.109283
0.109154
0.109028
0.108904
0.108783
0.108664
0.108548
0.108434
0.108322
0.108212
0.108104
0.107998
0.107893
0.10779
0.107688
0.107586
0.107484
0.107382
0.107279
0.107173
0.107061
0.106941
0.106808
0.106645
0.106441
0.105953
0.185376
0.175275
0.167265
0.160735
0.155305
0.150723
0.14681
0.143435
0.140498
0.137924
0.135651
0.133634
0.131833
0.130218
0.128763
0.127446
0.126251
0.125162
0.124166
0.123253
0.122414
0.12164
0.120924
0.12026
0.119644
0.11907
0.118534
0.118033
0.117563
0.117122
0.116706
0.116314
0.115943
0.115592
0.115259
0.114941
0.114639
0.11435
0.114073
0.113808
0.113553
0.113307
0.113071
0.112842
0.112621
0.112407
0.112199
0.111997
0.111801
0.11161
0.111424
0.111243
0.111067
0.110896
0.110729
0.110566
0.110407
0.110252
0.1101
0.109953
0.109809
0.109669
0.109532
0.109398
0.109267
0.10914
0.109015
0.108893
0.108774
0.108658
0.108544
0.108432
0.108323
0.108216
0.108111
0.108008
0.107907
0.107807
0.107708
0.10761
0.107513
0.107415
0.107316
0.107215
0.107109
0.106994
0.106867
0.106711
0.106516
0.10604
0.185374
0.175271
0.16726
0.160728
0.155297
0.150713
0.146798
0.143421
0.140483
0.137907
0.135633
0.133614
0.131812
0.130195
0.128739
0.127421
0.126224
0.125133
0.124136
0.123222
0.122381
0.121605
0.120887
0.120222
0.119604
0.119028
0.11849
0.117986
0.117514
0.11707
0.116652
0.116257
0.115884
0.11553
0.115194
0.114874
0.114568
0.114276
0.113997
0.113729
0.113471
0.113223
0.112983
0.112752
0.112528
0.112311
0.112101
0.111897
0.111699
0.111507
0.111319
0.111137
0.110959
0.110786
0.110618
0.110454
0.110294
0.110138
0.109986
0.109837
0.109692
0.109551
0.109414
0.109279
0.109148
0.10902
0.108894
0.108772
0.108653
0.108536
0.108421
0.10831
0.1082
0.108093
0.107988
0.107885
0.107784
0.107684
0.107586
0.107488
0.107391
0.107294
0.107196
0.107095
0.10699
0.106876
0.106751
0.106597
0.106407
0.105946
)
;
        value           nonuniform List<scalar> 
990
(
323.366
323.853
324.309
324.692
325.021
325.307
325.557
325.779
325.976
326.153
326.313
326.457
326.589
326.71
326.821
326.924
327.02
327.108
327.19
327.266
327.337
327.404
327.467
327.527
327.585
327.639
327.691
327.741
327.791
327.838
327.884
327.927
327.962
328
328.037
328.073
328.109
328.144
328.177
328.21
328.243
328.274
328.305
328.336
328.366
328.395
328.424
328.452
328.48
328.507
328.533
328.558
328.584
328.609
328.634
328.659
328.684
328.71
328.742
328.768
328.791
328.814
328.837
328.859
328.88
328.9
328.92
328.94
328.96
328.98
328.999
329.018
329.037
329.055
329.074
329.092
329.109
329.127
329.144
329.162
329.18
329.198
329.217
329.238
329.26
329.284
329.314
329.359
329.468
329.837
323.366
323.853
324.309
324.692
325.021
325.307
325.557
325.779
325.976
326.153
326.312
326.457
326.589
326.71
326.821
326.924
327.019
327.107
327.189
327.266
327.337
327.404
327.468
327.528
327.585
327.64
327.692
327.743
327.793
327.841
327.887
327.93
327.971
328.01
328.048
328.084
328.12
328.156
328.19
328.223
328.255
328.287
328.318
328.349
328.378
328.408
328.436
328.464
328.492
328.519
328.546
328.572
328.598
328.623
328.648
328.673
328.697
328.721
328.746
328.77
328.793
328.815
328.839
328.861
328.882
328.902
328.923
328.943
328.963
328.982
329.002
329.021
329.04
329.058
329.077
329.095
329.113
329.13
329.148
329.165
329.183
329.201
329.22
329.24
329.261
329.286
329.315
329.361
329.469
329.839
323.366
323.853
324.309
324.691
325.02
325.306
325.557
325.779
325.976
326.153
326.312
326.457
326.589
326.71
326.821
326.924
327.019
327.107
327.189
327.265
327.337
327.404
327.468
327.528
327.586
327.641
327.694
327.745
327.795
327.843
327.888
327.932
327.973
328.012
328.05
328.088
328.124
328.159
328.194
328.227
328.26
328.291
328.323
328.353
328.383
328.412
328.44
328.469
328.496
328.524
328.551
328.577
328.603
328.629
328.654
328.678
328.702
328.726
328.75
328.773
328.795
328.818
328.841
328.863
328.884
328.905
328.926
328.946
328.966
328.986
329.005
329.024
329.043
329.062
329.081
329.099
329.117
329.135
329.152
329.17
329.187
329.205
329.224
329.243
329.265
329.289
329.318
329.363
329.472
329.842
323.365
323.853
324.308
324.691
325.02
325.306
325.557
325.778
325.976
326.152
326.312
326.457
326.589
326.71
326.821
326.924
327.019
327.107
327.189
327.265
327.337
327.405
327.469
327.529
327.587
327.643
327.696
327.747
327.797
327.844
327.89
327.933
327.974
328.014
328.052
328.089
328.126
328.161
328.196
328.229
328.262
328.294
328.325
328.356
328.386
328.414
328.443
328.471
328.499
328.527
328.554
328.581
328.607
328.633
328.658
328.682
328.706
328.73
328.753
328.776
328.799
328.821
328.844
328.866
328.887
328.908
328.929
328.949
328.969
328.989
329.008
329.028
329.047
329.065
329.084
329.103
329.121
329.139
329.157
329.174
329.192
329.21
329.228
329.248
329.269
329.292
329.321
329.366
329.474
329.844
323.365
323.853
324.308
324.691
325.02
325.306
325.557
325.778
325.975
326.152
326.312
326.456
326.588
326.709
326.821
326.923
327.018
327.107
327.189
327.265
327.337
327.405
327.469
327.53
327.589
327.644
327.698
327.749
327.798
327.846
327.891
327.934
327.975
328.015
328.053
328.091
328.127
328.163
328.197
328.231
328.264
328.296
328.327
328.358
328.388
328.417
328.445
328.474
328.502
328.529
328.557
328.584
328.61
328.636
328.661
328.685
328.71
328.734
328.757
328.78
328.802
328.825
328.847
328.869
328.89
328.911
328.932
328.952
328.972
328.992
329.012
329.031
329.05
329.069
329.088
329.106
329.125
329.143
329.161
329.179
329.197
329.215
329.233
329.253
329.273
329.297
329.325
329.369
329.478
329.847
323.365
323.853
324.308
324.691
325.02
325.306
325.556
325.778
325.975
326.152
326.312
326.456
326.588
326.709
326.82
326.923
327.018
327.106
327.189
327.265
327.338
327.406
327.47
327.532
327.59
327.646
327.699
327.751
327.8
327.847
327.892
327.935
327.976
328.016
328.055
328.092
328.129
328.165
328.199
328.233
328.266
328.298
328.33
328.361
328.39
328.42
328.448
328.477
328.505
328.532
328.56
328.587
328.613
328.639
328.664
328.689
328.713
328.737
328.761
328.784
328.807
328.829
328.851
328.873
328.894
328.915
328.936
328.956
328.977
328.997
329.016
329.036
329.055
329.074
329.093
329.111
329.13
329.148
329.167
329.185
329.203
329.221
329.24
329.259
329.28
329.303
329.331
329.374
329.482
329.852
323.365
323.852
324.308
324.69
325.019
325.305
325.556
325.778
325.975
326.152
326.311
326.456
326.588
326.709
326.82
326.923
327.018
327.106
327.189
327.266
327.338
327.407
327.472
327.533
327.592
327.648
327.701
327.752
327.801
327.848
327.893
327.936
327.977
328.017
328.056
328.094
328.131
328.167
328.201
328.235
328.268
328.301
328.332
328.363
328.393
328.423
328.452
328.48
328.508
328.536
328.563
328.59
328.617
328.643
328.668
328.693
328.718
328.742
328.765
328.788
328.811
328.834
328.856
328.877
328.899
328.92
328.941
328.961
328.982
329.002
329.022
329.041
329.061
329.08
329.098
329.117
329.136
329.155
329.173
329.192
329.21
329.228
329.247
329.267
329.288
329.311
329.338
329.381
329.488
329.857
323.365
323.852
324.307
324.69
325.019
325.305
325.556
325.777
325.975
326.151
326.311
326.456
326.588
326.709
326.82
326.923
327.018
327.107
327.189
327.267
327.34
327.408
327.473
327.535
327.594
327.65
327.703
327.754
327.803
327.85
327.895
327.938
327.98
328.02
328.059
328.097
328.134
328.17
328.205
328.239
328.272
328.305
328.337
328.368
328.398
328.428
328.457
328.486
328.514
328.542
328.569
328.596
328.623
328.648
328.674
328.699
328.724
328.748
328.772
328.795
328.818
328.841
328.863
328.885
328.906
328.927
328.948
328.969
328.989
329.009
329.029
329.049
329.068
329.087
329.106
329.124
329.143
329.162
329.18
329.199
329.217
329.236
329.254
329.274
329.295
329.317
329.344
329.385
329.49
329.857
323.364
323.852
324.307
324.69
325.019
325.305
325.556
325.777
325.975
326.152
326.312
326.456
326.589
326.71
326.821
326.924
327.02
327.109
327.192
327.27
327.343
327.412
327.477
327.539
327.598
327.654
327.708
327.759
327.808
327.855
327.9
327.944
327.986
328.027
328.066
328.105
328.142
328.178
328.213
328.248
328.281
328.314
328.346
328.377
328.408
328.438
328.468
328.497
328.525
328.553
328.581
328.608
328.634
328.66
328.686
328.711
328.736
328.761
328.785
328.808
328.831
328.854
328.876
328.898
328.92
328.941
328.962
328.983
329.003
329.023
329.043
329.062
329.082
329.1
329.119
329.138
329.156
329.175
329.193
329.211
329.229
329.248
329.266
329.286
329.306
329.328
329.354
329.393
329.494
329.854
323.365
323.853
324.309
324.693
325.023
325.31
325.562
325.785
325.983
326.161
326.322
326.468
326.602
326.724
326.837
326.941
327.038
327.128
327.212
327.291
327.365
327.436
327.502
327.565
327.625
327.682
327.737
327.789
327.839
327.887
327.933
327.978
328.021
328.063
328.104
328.143
328.181
328.218
328.255
328.29
328.325
328.359
328.392
328.424
328.456
328.487
328.517
328.547
328.577
328.605
328.634
328.662
328.689
328.716
328.742
328.768
328.794
328.819
328.844
328.868
328.892
328.916
328.939
328.961
328.984
329.006
329.027
329.049
329.07
329.09
329.111
329.131
329.15
329.17
329.189
329.208
329.227
329.246
329.264
329.283
329.301
329.32
329.339
329.358
329.379
329.401
329.427
329.464
329.557
329.901
323.373
323.87
324.334
324.726
325.065
325.359
325.619
325.849
326.054
326.239
326.407
326.559
326.699
326.827
326.946
327.055
327.158
327.253
327.343
327.427
327.507
327.582
327.653
327.721
327.786
327.847
327.906
327.963
328.017
328.07
328.121
328.17
328.217
328.263
328.308
328.352
328.394
328.435
328.475
328.515
328.553
328.591
328.628
328.664
328.699
328.734
328.768
328.802
328.835
328.867
328.899
328.93
328.961
328.991
329.021
329.05
329.079
329.108
329.135
329.163
329.19
329.217
329.243
329.268
329.294
329.319
329.343
329.368
329.392
329.415
329.438
329.461
329.483
329.505
329.527
329.549
329.57
329.591
329.612
329.633
329.654
329.674
329.695
329.717
329.739
329.763
329.79
329.826
329.907
330.202
)
;
        Tnbr            T;
        qrNbr           qr;
        qr              none;
        thermalInertia  false;
        thicknessLayers List<scalar> 0();
        kappaLayers     List<scalar> 0();
        kappaMethod     solidThermo;
        kappa           none;
        alphaAni        none;
        alpha           none;
    }
    asphalt_to_concrete
    {
        type            compressible::turbulentTemperatureRadCoupledMixed;
        refValue        nonuniform List<scalar> 
52
(
325.707
325.728
325.76
325.793
325.825
325.856
325.887
325.918
325.947
325.976
326.005
326.033
326.061
326.089
326.115
326.141
326.167
326.191
326.214
326.237
326.26
326.284
326.307
326.331
326.357
326.396
327.246
327.275
327.311
327.346
327.38
327.413
327.446
327.478
327.51
327.54
327.571
327.6
327.63
327.659
327.688
327.715
327.742
327.768
327.792
327.817
327.842
327.866
327.891
327.916
327.942
327.977
)
;
        refGradient     uniform 0;
        valueFraction   nonuniform List<scalar> 
52
(
0.470588
0.470588
0.470588
0.470588
0.470588
0.470588
0.470588
0.470588
0.470588
0.470588
0.470588
0.470588
0.470588
0.470588
0.470588
0.470588
0.470588
0.470588
0.470588
0.470588
0.470588
0.470588
0.470588
0.470588
0.470588
0.470588
0.470588
0.470588
0.470588
0.470588
0.470588
0.470588
0.470588
0.470588
0.470588
0.470588
0.470588
0.470588
0.470588
0.470588
0.470588
0.470588
0.470588
0.470588
0.470588
0.470588
0.470588
0.470588
0.470588
0.470588
0.470588
0.470588
)
;
        value           nonuniform List<scalar> 
52
(
325.785
325.812
325.845
325.878
325.911
325.942
325.974
326.004
326.034
326.063
326.092
326.12
326.148
326.175
326.202
326.228
326.253
326.278
326.301
326.325
326.348
326.371
326.395
326.418
326.443
326.476
327.253
327.286
327.322
327.357
327.391
327.425
327.458
327.49
327.521
327.552
327.583
327.612
327.642
327.671
327.699
327.727
327.753
327.779
327.804
327.829
327.854
327.878
327.903
327.928
327.953
327.983
)
;
        Tnbr            T;
        qrNbr           none;
        qr              none;
        thermalInertia  false;
        thicknessLayers List<scalar> 0();
        kappaLayers     List<scalar> 0();
        kappaMethod     solidThermo;
        kappa           none;
        alphaAni        none;
        alpha           none;
    }
    asphalt_to_soil2
    {
        type            compressible::turbulentTemperatureRadCoupledMixed;
        refValue        nonuniform List<scalar> 
128
(
321.649
322.068
322.481
322.835
323.14
323.405
323.638
323.843
324.026
324.19
324.338
324.472
324.594
324.706
324.809
324.904
324.993
325.074
325.15
325.221
325.287
325.349
325.407
325.462
325.515
325.565
325.613
325.659
325.704
325.747
325.787
325.813
326.571
326.609
326.633
326.655
326.674
326.694
326.713
326.732
326.751
326.769
326.787
326.805
326.823
326.84
326.858
326.875
326.892
326.909
326.925
326.941
326.958
326.975
326.992
327.009
327.028
327.047
327.067
327.091
327.12
327.166
327.273
327.578
322.795
323.258
323.7
324.073
324.394
324.673
324.918
325.134
325.326
325.499
325.654
325.795
325.924
326.042
326.151
326.251
326.344
326.43
326.51
326.585
326.654
326.719
326.781
326.839
326.895
326.947
326.998
327.047
327.094
327.14
327.183
327.217
328.015
328.049
328.074
328.096
328.116
328.137
328.158
328.177
328.197
328.217
328.236
328.254
328.273
328.291
328.31
328.328
328.346
328.363
328.38
328.398
328.415
328.433
328.451
328.469
328.488
328.508
328.53
328.554
328.584
328.629
328.738
329.083
)
;
        refGradient     uniform 0;
        valueFraction   nonuniform List<scalar> 
128
(
0.5
0.5
0.5
0.5
0.5
0.5
0.5
0.5
0.5
0.5
0.5
0.5
0.5
0.5
0.5
0.5
0.5
0.5
0.5
0.5
0.5
0.5
0.5
0.5
0.5
0.5
0.5
0.5
0.5
0.5
0.5
0.5
0.5
0.5
0.5
0.5
0.5
0.5
0.5
0.5
0.5
0.5
0.5
0.5
0.5
0.5
0.5
0.5
0.5
0.5
0.5
0.5
0.5
0.5
0.5
0.5
0.5
0.5
0.5
0.5
0.5
0.5
0.5
0.5
0.5
0.5
0.5
0.5
0.5
0.5
0.5
0.5
0.5
0.5
0.5
0.5
0.5
0.5
0.5
0.5
0.5
0.5
0.5
0.5
0.5
0.5
0.5
0.5
0.5
0.5
0.5
0.5
0.5
0.5
0.5
0.5
0.5
0.5
0.5
0.5
0.5
0.5
0.5
0.5
0.5
0.5
0.5
0.5
0.5
0.5
0.5
0.5
0.5
0.5
0.5
0.5
0.5
0.5
0.5
0.5
0.5
0.5
0.5
0.5
0.5
0.5
0.5
0.5
)
;
        value           nonuniform List<scalar> 
128
(
321.649
322.068
322.481
322.835
323.14
323.405
323.638
323.843
324.026
324.19
324.338
324.472
324.594
324.706
324.809
324.904
324.992
325.074
325.15
325.221
325.287
325.348
325.407
325.462
325.515
325.565
325.613
325.659
325.705
325.748
325.789
325.821
326.577
326.609
326.632
326.654
326.674
326.694
326.713
326.732
326.751
326.77
326.788
326.806
326.823
326.841
326.858
326.876
326.893
326.909
326.926
326.942
326.958
326.975
326.992
327.009
327.027
327.046
327.067
327.091
327.12
327.165
327.273
327.578
322.795
323.258
323.7
324.073
324.394
324.673
324.917
325.134
325.326
325.499
325.654
325.795
325.924
326.042
326.151
326.251
326.344
326.43
326.51
326.584
326.654
326.719
326.781
326.839
326.895
326.948
326.998
327.047
327.095
327.141
327.185
327.222
328.019
328.048
328.072
328.095
328.116
328.137
328.157
328.177
328.197
328.217
328.236
328.255
328.273
328.292
328.31
328.328
328.346
328.364
328.381
328.398
328.415
328.433
328.451
328.469
328.488
328.508
328.529
328.554
328.583
328.629
328.737
329.083
)
;
        Tnbr            T;
        qrNbr           none;
        qr              none;
        thermalInertia  false;
        thicknessLayers List<scalar> 0();
        kappaLayers     List<scalar> 0();
        kappaMethod     solidThermo;
        kappa           none;
        alphaAni        none;
        alpha           none;
    }
}


// ************************************************************************* //
