/*--------------------------------*- C++ -*----------------------------------*\
| =========                 |                                                 |
| \\      /  F ield         | OpenFOAM: The Open Source CFD Toolbox           |
|  \\    /   O peration     | Version:  v2012                                 |
|   \\  /    A nd           | Website:  www.openfoam.com                      |
|    \\/     M anipulation  |                                                 |
\*---------------------------------------------------------------------------*/
FoamFile
{
    version     2.0;
    format      ascii;
    class       cellSet;
    location    "constant/air/polyMesh/sets";
    object      tree_cube_1;
}
// * * * * * * * * * * * * * * * * * * * * * * * * * * * * * * * * * * * * * //


240
(
38418
38419
38420
38421
16920
16921
16922
16923
17948
17949
17950
17951
31282
31283
31284
31285
9784
9785
39994
9786
39995
9787
39996
10812
39997
10813
10814
10815
24146
24147
24148
24149
32858
32859
32860
32861
38508
38509
38510
38511
17010
17011
17012
17013
25722
25723
25724
25725
31372
31373
31374
31375
9874
9875
40084
9876
40085
9877
40086
40087
18586
18587
18588
18589
24236
24237
24238
24239
32948
32949
32950
32951
11450
11451
11452
11453
39110
39111
39112
39113
17100
17101
17102
17103
25812
25813
25814
25815
31974
31975
31976
31977
9964
9965
40174
9966
40175
9967
40176
40177
18676
18677
18678
18679
24838
24839
24840
24841
33038
33039
33040
33041
11540
11541
11542
11543
39192
39193
39194
39195
17702
17703
17704
17705
25902
25903
25904
25905
32056
32057
32058
32059
10566
10567
40264
10568
40265
10569
40266
40267
18766
18767
18768
18769
24920
24921
24922
24923
38238
38239
38240
38241
33128
33129
39274
33130
39275
33131
39276
39277
11630
11631
11632
11633
17784
17785
17786
17787
31102
31103
31104
31105
25992
25993
32138
25994
32139
25995
32140
32141
10648
10649
10650
10651
23966
23967
23968
23969
18856
18857
25002
18858
25003
18859
25004
25005
38328
38329
38330
38331
39356
39357
39358
16830
39359
16831
16832
16833
11720
11721
17866
11722
17867
11723
17868
17869
31192
31193
31194
31195
32220
32221
32222
9694
32223
9695
9696
9697
10730
10731
10732
10733
24056
24057
24058
24059
25084
25085
25086
25087
)


// ************************************************************************* //
