/*--------------------------------*- C++ -*----------------------------------*\
| =========                 |                                                 |
| \\      /  F ield         | OpenFOAM: The Open Source CFD Toolbox           |
|  \\    /   O peration     | Version:  v2012                                 |
|   \\  /    A nd           | Website:  www.openfoam.com                      |
|    \\/     M anipulation  |                                                 |
\*---------------------------------------------------------------------------*/
FoamFile
{
    version     2.0;
    format      ascii;
    class       cellSet;
    location    "constant/air/polyMesh/sets";
    object      vegetation;
}
// * * * * * * * * * * * * * * * * * * * * * * * * * * * * * * * * * * * * * //


1228
(
81926
81927
81928
81929
90126
90127
90128
90129
61492
61493
61494
61495
82008
82009
82010
32858
82011
32859
32860
32861
90216
90217
90218
90219
53382
53383
53384
53385
61582
61583
61584
61585
82090
82091
82092
82093
32948
32949
32950
32951
73918
73919
73920
73921
53464
53465
53466
53467
61672
61673
61674
61675
82172
82173
82174
82175
24838
24839
24840
24841
33038
33039
33040
33041
74008
74009
74010
74011
53546
53547
53548
53549
45374
45375
45376
45377
24920
24921
24922
24923
33128
33129
33130
33131
74098
74099
74100
74101
53628
53629
53630
53631
45464
45465
45466
45467
25002
25003
25004
25005
74188
74189
74190
74191
45554
45555
45556
45557
25084
25085
25086
25087
45644
45645
45646
45647
82810
82811
82812
82813
910
911
912
913
914
915
916
917
918
919
920
921
922
923
924
925
926
927
928
929
930
931
932
933
934
935
936
937
938
939
940
941
942
943
944
945
946
947
948
949
950
951
952
953
954
955
956
957
958
959
960
961
962
963
964
965
966
967
968
969
970
971
972
973
974
975
976
977
978
979
82900
82901
82902
82903
1000
1001
1002
1003
1004
1005
1006
1007
1008
1009
1010
1011
1012
1013
1014
1015
1016
1017
54266
1018
54267
1019
54268
1020
54269
1021
1022
1023
1024
1025
1026
1027
1028
1029
1030
1031
1032
1033
1034
1035
1036
1037
1038
1039
1040
1041
1042
1043
1044
1045
1046
1047
1048
1049
1050
1051
1052
1053
1054
1055
1056
1057
1058
1059
1060
1061
74790
1062
74791
1063
74792
1064
74793
1065
1066
1067
1068
1069
82990
82991
82992
82993
1090
1091
1092
1093
1094
1095
1096
1097
1098
1099
1100
1101
1102
1103
1104
1105
1106
1107
54356
1108
54357
1109
54358
1110
54359
1111
1112
1113
1114
1115
1116
1117
95326
1118
95327
1119
95328
1120
95329
1121
1122
1123
1124
1125
1126
1127
1128
1129
1130
1131
1132
1133
1134
1135
1136
1137
1138
1139
1140
1141
1142
1143
74872
1144
74873
1145
74874
25722
1146
74875
25723
1147
25724
1148
25725
1149
1150
1151
1152
1153
1154
1155
1156
1157
1158
1159
83080
83081
83082
83083
1180
1181
1182
1183
1184
1185
1186
1187
1188
1189
46246
1190
46247
1191
46248
1192
46249
1193
1194
1195
1196
1197
54446
1198
54447
1199
54448
1200
54449
1201
1202
1203
1204
1205
1206
1207
95416
1208
95417
1209
95418
1210
95419
1211
1212
1213
1214
1215
1216
1217
1218
1219
1220
1221
1222
1223
1224
1225
74954
1226
74955
1227
74956
1228
74957
1229
1230
1231
1232
1233
1234
1235
25812
1236
25813
1237
25814
1238
25815
1239
1240
1241
1242
1243
1244
1245
66782
1246
66783
1247
66784
1248
66785
1249
1270
1271
46328
1272
46329
1273
46330
1274
46331
1275
1276
1277
1278
1279
1280
1281
1282
1283
1284
1285
1286
1287
54536
1288
54537
1289
54538
1290
54539
1291
1292
1293
1294
1295
1296
1297
95506
1298
95507
1299
95508
1300
95509
1301
1302
1303
1304
1305
1306
1307
75036
1308
75037
1309
75038
1310
75039
1311
1312
1313
1314
1315
1316
1317
1318
1319
1320
1321
1322
1323
1324
1325
25902
1326
25903
1327
25904
1328
25905
1329
1330
1331
1332
1333
1334
1335
66872
1336
66873
1337
66874
1338
66875
1339
46410
46411
46412
46413
1360
1361
1362
1363
1364
1365
1366
1367
1368
1369
1370
1371
1372
1373
38238
1374
38239
1375
38240
1376
38241
1377
1378
1379
1380
1381
1382
1383
1384
1385
1386
1387
95596
1388
95597
1389
95598
1390
95599
1391
1392
1393
1394
1395
1396
1397
1398
1399
1400
1401
1402
1403
1404
1405
1406
1407
1408
1409
1410
1411
1412
1413
1414
1415
25992
1416
25993
1417
25994
1418
25995
1419
1420
1421
1422
1423
1424
1425
66962
1426
66963
1427
66964
1428
66965
1429
46492
46493
46494
46495
1450
1451
1452
1453
1454
1455
1456
1457
1458
1459
1460
1461
1462
1463
38328
1464
38329
1465
38330
1466
38331
1467
1468
1469
1470
1471
1472
1473
1474
1475
1476
1477
1478
1479
1480
1481
1482
1483
1484
1485
1486
1487
1488
1489
1490
1491
1492
1493
1494
1495
1496
1497
1498
1499
1500
1501
1502
1503
1504
1505
1506
1507
1508
1509
1510
1511
1512
1513
1514
1515
67052
1516
67053
1517
67054
1518
67055
1519
1540
1541
1542
1543
1544
1545
1546
1547
1548
1549
1550
1551
1552
1553
38418
1554
38419
1555
38420
1556
38421
1557
1558
1559
1560
1561
1562
1563
1564
1565
1566
1567
1568
1569
1570
1571
1572
1573
1574
1575
1576
1577
1578
1579
1580
1581
1582
1583
1584
1585
1586
1587
1588
1589
1590
1591
1592
1593
1594
1595
1596
1597
1598
1599
1600
1601
1602
1603
1604
1605
1606
1607
1608
1609
1630
1631
1632
1633
1634
1635
1636
1637
1638
1639
1640
1641
1642
1643
38508
1644
38509
1645
38510
1646
38511
1647
1648
1649
1650
1651
1652
1653
1654
1655
1656
1657
1658
1659
1660
1661
1662
1663
1664
1665
1666
1667
1668
1669
1670
1671
1672
1673
1674
1675
1676
1677
1678
1679
1680
1681
1682
1683
1684
1685
1686
1687
1688
1689
1690
1691
1692
1693
1694
1695
1696
1697
1698
1699
1720
1721
1722
1723
1724
1725
1726
1727
1728
1729
1730
1731
1732
1733
1734
1735
1736
1737
1738
1739
1740
1741
1742
1743
1744
1745
1746
1747
1748
1749
1750
1751
1752
1753
1754
1755
1756
1757
1758
1759
1760
1761
1762
1763
1764
1765
1766
1767
1768
1769
1770
1771
1772
1773
1774
1775
1776
1777
1778
1779
1780
1781
1782
1783
1784
1785
1786
1787
1788
1789
75674
75675
75676
75677
96198
96199
96200
96201
75764
75765
75766
75767
96280
96281
96282
47130
96283
47131
47132
47133
67654
67655
67656
67657
75854
75855
75856
75857
96362
96363
96364
96365
47220
47221
47222
47223
88190
88191
88192
88193
67736
67737
67738
67739
75944
75945
75946
75947
96444
96445
96446
96447
39110
39111
39112
39113
47310
47311
47312
47313
88280
88281
88282
88283
67818
67819
67820
67821
59646
59647
59648
59649
39192
39193
39194
39195
47400
47401
47402
47403
88370
88371
88372
88373
67900
67901
67902
67903
59736
59737
59738
59739
39274
39275
39276
39277
31102
31103
31104
31105
88460
88461
88462
88463
59826
59827
59828
59829
39356
39357
39358
39359
31192
31193
31194
31195
59916
59917
59918
59919
31282
31283
31284
31285
31372
31373
31374
31375
97082
97083
97084
97085
97172
97173
97174
97175
68538
68539
68540
68541
89062
89063
89064
89065
97262
97263
97264
97265
68628
68629
68630
68631
89144
89145
89146
39994
89147
39995
39996
39997
97352
97353
97354
97355
60518
60519
60520
60521
68718
68719
68720
68721
89226
89227
89228
89229
40084
40085
40086
40087
81054
81055
81056
81057
60600
60601
60602
60603
68808
68809
68810
68811
89308
89309
89310
89311
31974
31975
31976
31977
40174
40175
40176
40177
81144
81145
81146
81147
60682
60683
60684
60685
52510
52511
52512
52513
32056
32057
32058
32059
40264
40265
40266
40267
81234
81235
81236
81237
60764
60765
60766
60767
52600
52601
52602
52603
32138
32139
32140
32141
23966
23967
23968
23969
81324
81325
81326
81327
52690
52691
52692
52693
32220
32221
32222
32223
24056
24057
24058
24059
52780
52781
52782
52783
24146
24147
24148
24149
24236
24237
24238
24239
89946
89947
89948
89949
90036
90037
90038
90039
61402
61403
61404
61405
)


// ************************************************************************* //
