/*--------------------------------*- C++ -*----------------------------------*\
| =========                 |                                                 |
| \\      /  F ield         | OpenFOAM: The Open Source CFD Toolbox           |
|  \\    /   O peration     | Version:  v2012                                 |
|   \\  /    A nd           | Website:  www.openfoam.com                      |
|    \\/     M anipulation  |                                                 |
\*---------------------------------------------------------------------------*/
FoamFile
{
    version     2.0;
    format      ascii;
    class       volScalarField;
    location    "400/asphalt";
    object      T;
}
// * * * * * * * * * * * * * * * * * * * * * * * * * * * * * * * * * * * * * //

dimensions      [0 0 0 1 0 0 0];


internalField   nonuniform List<scalar> 
1980
(
321.648
322.067
322.48
322.834
323.139
323.404
323.636
323.842
324.024
324.188
324.336
324.47
324.592
324.704
324.807
324.902
324.99
325.072
325.147
325.217
325.283
325.343
325.401
325.455
325.507
325.557
325.605
325.652
325.698
325.743
325.786
325.825
325.851
325.884
325.918
325.952
325.984
326.016
326.047
326.078
326.108
326.137
326.166
326.194
326.222
326.25
326.277
326.303
326.329
326.353
326.376
326.399
326.422
326.444
326.467
326.491
326.515
326.542
326.579
326.606
326.63
326.652
326.674
326.695
326.715
326.734
326.753
326.772
326.791
326.81
326.828
326.846
326.864
326.882
326.899
326.917
326.934
326.951
326.968
326.985
327.003
327.022
327.042
327.063
327.085
327.111
327.142
327.191
327.301
327.61
321.648
322.067
322.48
322.834
323.139
323.404
323.636
323.842
324.024
324.188
324.336
324.47
324.592
324.704
324.807
324.902
324.99
325.072
325.147
325.217
325.282
325.344
325.401
325.456
325.509
325.559
325.607
325.655
325.701
325.747
325.79
325.831
325.868
325.904
325.939
325.973
326.006
326.039
326.07
326.101
326.131
326.161
326.189
326.218
326.245
326.272
326.299
326.325
326.351
326.376
326.4
326.424
326.447
326.47
326.493
326.516
326.539
326.562
326.586
326.609
326.632
326.654
326.676
326.697
326.717
326.737
326.756
326.775
326.794
326.813
326.831
326.85
326.868
326.886
326.903
326.921
326.938
326.955
326.972
326.989
327.007
327.025
327.045
327.065
327.087
327.112
327.144
327.192
327.303
327.612
321.648
322.067
322.48
322.834
323.139
323.404
323.636
323.842
324.024
324.188
324.336
324.47
324.592
324.704
324.807
324.902
324.99
325.072
325.147
325.217
325.283
325.344
325.402
325.458
325.51
325.561
325.61
325.658
325.705
325.75
325.793
325.834
325.872
325.909
325.944
325.978
326.012
326.045
326.077
326.108
326.138
326.167
326.196
326.225
326.252
326.279
326.305
326.331
326.357
326.383
326.408
326.432
326.456
326.479
326.502
326.525
326.547
326.57
326.592
326.614
326.636
326.657
326.679
326.7
326.72
326.74
326.76
326.779
326.798
326.817
326.835
326.854
326.872
326.89
326.908
326.925
326.943
326.96
326.977
326.995
327.012
327.03
327.049
327.069
327.091
327.115
327.146
327.195
327.306
327.615
321.648
322.067
322.48
322.834
323.139
323.404
323.636
323.842
324.024
324.188
324.336
324.47
324.592
324.704
324.807
324.902
324.99
325.072
325.147
325.217
325.283
325.345
325.404
325.459
325.513
325.564
325.613
325.662
325.708
325.753
325.796
325.836
325.874
325.911
325.946
325.981
326.015
326.048
326.08
326.111
326.141
326.171
326.2
326.228
326.256
326.282
326.309
326.335
326.361
326.387
326.412
326.437
326.461
326.485
326.508
326.53
326.553
326.575
326.597
326.618
326.64
326.661
326.683
326.703
326.724
326.743
326.763
326.782
326.801
326.82
326.839
326.858
326.876
326.894
326.912
326.93
326.947
326.965
326.983
327
327.018
327.035
327.054
327.073
327.095
327.119
327.149
327.198
327.308
327.617
321.648
322.066
322.48
322.834
323.139
323.404
323.636
323.842
324.024
324.188
324.336
324.47
324.592
324.704
324.807
324.902
324.99
325.072
325.147
325.218
325.284
325.346
325.405
325.461
325.515
325.567
325.616
325.664
325.711
325.755
325.797
325.837
325.875
325.912
325.948
325.982
326.017
326.05
326.082
326.113
326.144
326.173
326.202
326.231
326.258
326.285
326.311
326.338
326.364
326.39
326.415
326.44
326.465
326.488
326.512
326.535
326.557
326.579
326.601
326.623
326.644
326.665
326.686
326.707
326.727
326.747
326.766
326.786
326.805
326.824
326.843
326.862
326.88
326.898
326.916
326.934
326.952
326.97
326.988
327.006
327.023
327.041
327.059
327.079
327.1
327.124
327.154
327.201
327.312
327.62
321.648
322.066
322.48
322.834
323.139
323.404
323.636
323.842
324.024
324.188
324.336
324.47
324.592
324.704
324.807
324.902
324.99
325.072
325.147
325.218
325.285
325.347
325.407
325.464
325.518
325.569
325.619
325.667
325.713
325.757
325.799
325.838
325.876
325.913
325.949
325.984
326.018
326.052
326.084
326.115
326.146
326.176
326.205
326.233
326.261
326.288
326.314
326.341
326.367
326.393
326.418
326.444
326.468
326.492
326.516
326.539
326.561
326.584
326.606
326.627
326.648
326.669
326.69
326.711
326.731
326.751
326.771
326.79
326.81
326.829
326.848
326.866
326.885
326.903
326.921
326.939
326.957
326.975
326.993
327.012
327.03
327.048
327.066
327.085
327.106
327.13
327.16
327.207
327.317
327.625
321.647
322.066
322.48
322.834
323.139
323.404
323.636
323.841
324.024
324.188
324.336
324.47
324.592
324.704
324.807
324.902
324.99
325.072
325.148
325.219
325.286
325.349
325.409
325.466
325.52
325.572
325.622
325.669
325.715
325.758
325.8
325.84
325.878
325.915
325.951
325.986
326.021
326.054
326.086
326.118
326.148
326.178
326.208
326.236
326.264
326.291
326.318
326.345
326.371
326.397
326.422
326.447
326.472
326.496
326.52
326.543
326.566
326.589
326.611
326.632
326.654
326.675
326.695
326.716
326.736
326.756
326.776
326.796
326.815
326.834
326.854
326.872
326.891
326.909
326.927
326.945
326.963
326.982
327
327.018
327.037
327.055
327.074
327.093
327.114
327.138
327.167
327.213
327.322
327.63
321.647
322.066
322.48
322.833
323.138
323.403
323.636
323.841
324.024
324.188
324.336
324.47
324.592
324.704
324.807
324.903
324.991
325.073
325.149
325.22
325.288
325.351
325.412
325.469
325.523
325.575
325.625
325.672
325.718
325.761
325.803
325.843
325.881
325.919
325.955
325.99
326.025
326.058
326.09
326.122
326.153
326.183
326.213
326.241
326.269
326.297
326.324
326.351
326.377
326.403
326.429
326.454
326.479
326.503
326.527
326.55
326.573
326.596
326.618
326.64
326.661
326.682
326.703
326.724
326.744
326.764
326.784
326.804
326.823
326.843
326.862
326.881
326.899
326.917
326.935
326.953
326.971
326.99
327.008
327.026
327.045
327.063
327.082
327.101
327.122
327.145
327.174
327.219
327.326
327.631
321.647
322.066
322.48
322.833
323.139
323.404
323.636
323.842
324.025
324.189
324.337
324.472
324.594
324.707
324.81
324.905
324.994
325.076
325.153
325.225
325.293
325.357
325.417
325.475
325.53
325.582
325.632
325.679
325.725
325.768
325.81
325.85
325.89
325.927
325.964
326
326.034
326.068
326.101
326.133
326.164
326.194
326.224
326.253
326.282
326.31
326.337
326.364
326.391
326.417
326.443
326.468
326.493
326.517
326.542
326.565
326.589
326.611
326.634
326.656
326.678
326.699
326.72
326.741
326.761
326.781
326.801
326.821
326.841
326.86
326.879
326.898
326.916
326.935
326.953
326.97
326.989
327.007
327.025
327.043
327.061
327.079
327.098
327.117
327.138
327.161
327.188
327.231
327.334
327.633
321.648
322.067
322.482
322.837
323.144
323.41
323.644
323.851
324.035
324.201
324.35
324.486
324.609
324.723
324.827
324.924
325.014
325.097
325.175
325.249
325.318
325.383
325.445
325.503
325.559
325.612
325.663
325.712
325.758
325.803
325.846
325.887
325.927
325.966
326.004
326.041
326.076
326.111
326.145
326.178
326.21
326.242
326.272
326.302
326.332
326.361
326.39
326.418
326.445
326.472
326.499
326.525
326.551
326.576
326.601
326.625
326.649
326.673
326.696
326.719
326.742
326.764
326.786
326.807
326.828
326.849
326.87
326.89
326.911
326.93
326.95
326.969
326.988
327.007
327.026
327.044
327.063
327.081
327.1
327.118
327.136
327.155
327.174
327.194
327.214
327.237
327.265
327.305
327.4
327.686
321.655
322.081
322.503
322.865
323.178
323.451
323.691
323.903
324.093
324.264
324.419
324.56
324.689
324.807
324.916
325.018
325.112
325.2
325.283
325.361
325.434
325.503
325.569
325.631
325.691
325.748
325.802
325.854
325.904
325.953
325.999
326.044
326.088
326.131
326.172
326.212
326.251
326.289
326.326
326.362
326.398
326.432
326.466
326.5
326.532
326.564
326.596
326.627
326.657
326.687
326.717
326.746
326.774
326.802
326.83
326.857
326.884
326.91
326.936
326.962
326.987
327.011
327.036
327.06
327.083
327.107
327.13
327.153
327.175
327.197
327.219
327.241
327.262
327.283
327.304
327.324
327.345
327.365
327.386
327.406
327.426
327.446
327.467
327.488
327.51
327.534
327.562
327.601
327.686
327.932
322.794
323.257
323.699
324.072
324.393
324.672
324.916
325.132
325.325
325.497
325.652
325.793
325.922
326.04
326.148
326.249
326.342
326.428
326.507
326.581
326.65
326.714
326.775
326.832
326.887
326.939
326.99
327.039
327.088
327.135
327.181
327.223
327.256
327.293
327.329
327.364
327.399
327.432
327.465
327.497
327.529
327.56
327.59
327.62
327.649
327.678
327.707
327.735
327.761
327.787
327.812
327.836
327.86
327.884
327.908
327.932
327.957
327.984
328.018
328.045
328.069
328.092
328.115
328.137
328.158
328.179
328.199
328.219
328.238
328.258
328.277
328.296
328.315
328.333
328.352
328.37
328.388
328.406
328.423
328.441
328.46
328.48
328.501
328.523
328.546
328.573
328.604
328.653
328.764
329.114
322.794
323.257
323.699
324.072
324.393
324.672
324.916
325.132
325.325
325.497
325.652
325.793
325.922
326.04
326.149
326.249
326.342
326.428
326.507
326.581
326.65
326.714
326.775
326.833
326.888
326.941
326.992
327.042
327.091
327.139
327.185
327.228
327.268
327.306
327.343
327.379
327.414
327.448
327.482
327.514
327.546
327.577
327.607
327.637
327.666
327.694
327.722
327.75
327.777
327.804
327.829
327.854
327.879
327.903
327.927
327.951
327.975
327.999
328.024
328.048
328.071
328.094
328.118
328.14
328.161
328.181
328.202
328.222
328.242
328.261
328.281
328.3
328.319
328.337
328.356
328.374
328.392
328.41
328.428
328.446
328.464
328.483
328.504
328.525
328.548
328.574
328.606
328.654
328.766
329.115
322.794
323.257
323.699
324.072
324.393
324.672
324.916
325.132
325.325
325.497
325.652
325.794
325.922
326.04
326.149
326.249
326.342
326.427
326.507
326.581
326.65
326.715
326.776
326.834
326.89
326.944
326.995
327.046
327.095
327.143
327.188
327.231
327.271
327.31
327.347
327.383
327.419
327.453
327.487
327.52
327.551
327.583
327.613
327.643
327.672
327.7
327.728
327.755
327.783
327.81
327.836
327.862
327.887
327.911
327.935
327.959
327.983
328.006
328.029
328.052
328.075
328.098
328.121
328.143
328.164
328.185
328.205
328.225
328.245
328.265
328.285
328.304
328.323
328.342
328.36
328.379
328.397
328.415
328.433
328.451
328.47
328.488
328.508
328.529
328.551
328.577
328.608
328.657
328.768
329.118
322.794
323.257
323.699
324.072
324.393
324.672
324.916
325.132
325.325
325.497
325.653
325.794
325.922
326.04
326.149
326.249
326.342
326.427
326.507
326.581
326.65
326.715
326.777
326.836
326.892
326.946
326.998
327.049
327.098
327.145
327.19
327.233
327.273
327.312
327.349
327.385
327.421
327.456
327.49
327.523
327.555
327.586
327.616
327.646
327.675
327.703
327.731
327.758
327.786
327.813
327.84
327.866
327.891
327.916
327.941
327.964
327.988
328.011
328.034
328.057
328.079
328.102
328.124
328.146
328.167
328.188
328.209
328.229
328.249
328.269
328.289
328.308
328.327
328.346
328.365
328.383
328.402
328.42
328.439
328.457
328.475
328.494
328.513
328.533
328.555
328.581
328.611
328.659
328.771
329.121
322.794
323.257
323.698
324.071
324.392
324.671
324.916
325.132
325.324
325.497
325.652
325.794
325.922
326.04
326.149
326.249
326.342
326.427
326.507
326.581
326.651
326.717
326.779
326.838
326.895
326.949
327.001
327.052
327.101
327.148
327.192
327.234
327.274
327.313
327.35
327.387
327.423
327.458
327.492
327.525
327.557
327.588
327.619
327.649
327.677
327.706
327.734
327.761
327.789
327.816
327.843
327.869
327.895
327.92
327.945
327.969
327.992
328.016
328.039
328.061
328.083
328.106
328.128
328.15
328.171
328.192
328.212
328.233
328.253
328.273
328.293
328.312
328.331
328.35
328.369
328.388
328.406
328.425
328.444
328.463
328.481
328.5
328.519
328.539
328.561
328.585
328.616
328.663
328.774
329.124
322.794
323.257
323.698
324.071
324.392
324.671
324.916
325.132
325.324
325.497
325.652
325.793
325.922
326.04
326.149
326.249
326.341
326.427
326.507
326.582
326.652
326.718
326.781
326.84
326.897
326.952
327.004
327.055
327.103
327.149
327.193
327.235
327.275
327.314
327.352
327.389
327.425
327.46
327.494
327.527
327.559
327.59
327.621
327.651
327.68
327.709
327.737
327.764
327.792
327.819
327.846
327.873
327.899
327.924
327.949
327.973
327.997
328.02
328.043
328.066
328.088
328.11
328.132
328.154
328.175
328.196
328.217
328.237
328.257
328.278
328.297
328.317
328.336
328.355
328.374
328.393
328.412
328.431
328.45
328.469
328.488
328.506
328.526
328.546
328.567
328.592
328.622
328.668
328.779
329.128
322.794
323.257
323.698
324.071
324.392
324.671
324.915
325.132
325.324
325.497
325.652
325.793
325.922
326.04
326.149
326.249
326.341
326.427
326.507
326.582
326.653
326.719
326.783
326.843
326.9
326.954
327.007
327.057
327.105
327.151
327.195
327.236
327.277
327.316
327.354
327.391
327.427
327.462
327.496
327.529
327.562
327.593
327.624
327.654
327.683
327.712
327.74
327.768
327.796
327.823
327.85
327.877
327.902
327.928
327.953
327.977
328.001
328.025
328.048
328.071
328.093
328.115
328.137
328.159
328.18
328.201
328.222
328.243
328.263
328.283
328.303
328.323
328.342
328.361
328.38
328.399
328.418
328.437
328.457
328.476
328.495
328.514
328.533
328.554
328.576
328.6
328.629
328.675
328.785
329.133
322.793
323.256
323.698
324.071
324.392
324.671
324.915
325.131
325.324
325.496
325.652
325.793
325.922
326.04
326.149
326.249
326.342
326.428
326.508
326.584
326.655
326.722
326.785
326.845
326.903
326.957
327.01
327.06
327.108
327.153
327.197
327.239
327.28
327.319
327.357
327.395
327.431
327.466
327.5
327.533
327.566
327.598
327.629
327.659
327.689
327.718
327.746
327.774
327.802
327.829
327.856
327.883
327.909
327.934
327.959
327.984
328.008
328.032
328.056
328.078
328.101
328.123
328.145
328.167
328.188
328.209
328.23
328.251
328.271
328.291
328.311
328.331
328.35
328.369
328.388
328.407
328.426
328.445
328.464
328.484
328.503
328.522
328.541
328.561
328.583
328.607
328.636
328.68
328.788
329.133
322.793
323.256
323.697
324.071
324.392
324.671
324.915
325.132
325.324
325.497
325.653
325.794
325.923
326.042
326.15
326.251
326.344
326.431
326.512
326.587
326.659
326.726
326.79
326.851
326.908
326.963
327.015
327.066
327.113
327.159
327.203
327.246
327.287
327.327
327.365
327.403
327.439
327.475
327.509
327.543
327.576
327.608
327.639
327.67
327.7
327.729
327.758
327.787
327.815
327.842
327.869
327.896
327.922
327.948
327.973
327.998
328.022
328.046
328.07
328.093
328.116
328.138
328.16
328.182
328.203
328.224
328.245
328.266
328.287
328.307
328.327
328.347
328.366
328.385
328.404
328.422
328.441
328.46
328.479
328.498
328.517
328.536
328.555
328.575
328.597
328.62
328.648
328.69
328.793
329.132
322.794
323.257
323.7
324.074
324.396
324.676
324.922
325.14
325.334
325.508
325.665
325.807
325.937
326.057
326.167
326.268
326.363
326.451
326.533
326.61
326.683
326.751
326.816
326.878
326.936
326.992
327.046
327.097
327.145
327.192
327.238
327.281
327.323
327.364
327.404
327.443
327.48
327.516
327.552
327.587
327.621
327.654
327.686
327.718
327.749
327.779
327.809
327.839
327.868
327.896
327.924
327.951
327.978
328.005
328.031
328.056
328.082
328.107
328.131
328.155
328.179
328.202
328.225
328.247
328.269
328.291
328.313
328.334
328.355
328.376
328.397
328.417
328.437
328.456
328.475
328.495
328.514
328.533
328.552
328.572
328.591
328.61
328.63
328.65
328.672
328.695
328.723
328.762
328.858
329.182
322.801
323.273
323.723
324.105
324.435
324.723
324.975
325.2
325.4
325.58
325.744
325.892
326.028
326.153
326.268
326.375
326.475
326.568
326.655
326.737
326.815
326.888
326.958
327.024
327.087
327.147
327.204
327.259
327.312
327.363
327.413
327.46
327.507
327.552
327.595
327.638
327.679
327.719
327.758
327.797
327.834
327.871
327.907
327.942
327.977
328.011
328.044
328.077
328.109
328.141
328.172
328.202
328.233
328.262
328.291
328.32
328.348
328.376
328.404
328.431
328.457
328.484
328.509
328.535
328.56
328.584
328.609
328.633
328.657
328.68
328.703
328.726
328.748
328.77
328.792
328.814
328.835
328.857
328.878
328.899
328.92
328.941
328.963
328.985
329.008
329.033
329.061
329.1
329.184
329.462
)
;

boundaryField
{
    inlet
    {
        type            zeroGradient;
    }
    outlet
    {
        type            zeroGradient;
    }
    side
    {
        type            zeroGradient;
    }
    asphalt_to_soil1
    {
        type            compressible::turbulentTemperatureRadCoupledMixed;
        refValue        nonuniform List<scalar> 
990
(
320.488
320.866
321.252
321.587
321.875
322.126
322.346
322.54
322.713
322.868
323.008
323.135
323.25
323.356
323.454
323.544
323.627
323.705
323.776
323.842
323.904
323.961
324.016
324.067
324.116
324.163
324.209
324.253
324.296
324.339
324.379
324.414
324.435
324.465
324.497
324.529
324.559
324.589
324.619
324.648
324.676
324.704
324.731
324.757
324.784
324.81
324.836
324.861
324.885
324.908
324.93
324.951
324.973
324.994
325.016
325.038
325.061
325.089
325.129
325.155
325.178
325.2
325.22
325.24
325.259
325.278
325.296
325.314
325.332
325.349
325.367
325.384
325.401
325.418
325.435
325.451
325.467
325.483
325.5
325.516
325.533
325.551
325.57
325.589
325.611
325.636
325.666
325.715
325.823
326.095
320.488
320.866
321.252
321.587
321.875
322.126
322.346
322.54
322.713
322.868
323.008
323.135
323.25
323.356
323.454
323.544
323.627
323.704
323.776
323.842
323.904
323.961
324.016
324.068
324.117
324.165
324.211
324.256
324.3
324.343
324.384
324.422
324.456
324.49
324.523
324.555
324.586
324.617
324.647
324.676
324.705
324.732
324.76
324.786
324.812
324.838
324.863
324.888
324.913
324.936
324.959
324.982
325.004
325.025
325.047
325.069
325.09
325.113
325.137
325.159
325.18
325.201
325.223
325.243
325.262
325.28
325.298
325.317
325.335
325.352
325.37
325.387
325.404
325.421
325.438
325.455
325.471
325.488
325.504
325.52
325.537
325.554
325.572
325.592
325.613
325.637
325.668
325.716
325.825
326.097
320.488
320.866
321.252
321.587
321.875
322.126
322.346
322.541
322.714
322.869
323.008
323.135
323.251
323.357
323.454
323.544
323.627
323.704
323.776
323.842
323.904
323.962
324.017
324.069
324.119
324.167
324.214
324.259
324.303
324.346
324.387
324.425
324.461
324.496
324.529
324.561
324.593
324.625
324.655
324.684
324.712
324.74
324.768
324.795
324.82
324.846
324.871
324.896
324.92
324.944
324.968
324.991
325.013
325.035
325.057
325.079
325.1
325.121
325.142
325.163
325.184
325.204
325.225
325.245
325.265
325.283
325.302
325.32
325.338
325.356
325.373
325.391
325.408
325.425
325.442
325.459
325.476
325.492
325.509
325.525
325.542
325.559
325.577
325.596
325.617
325.641
325.671
325.719
325.827
326.1
320.488
320.866
321.252
321.587
321.875
322.126
322.346
322.541
322.714
322.869
323.008
323.135
323.251
323.357
323.454
323.544
323.627
323.704
323.776
323.842
323.904
323.963
324.018
324.071
324.122
324.17
324.217
324.262
324.306
324.349
324.389
324.427
324.463
324.498
324.531
324.564
324.596
324.628
324.658
324.687
324.716
324.744
324.772
324.798
324.824
324.849
324.874
324.899
324.924
324.948
324.972
324.996
325.019
325.041
325.063
325.084
325.106
325.127
325.147
325.168
325.188
325.208
325.229
325.248
325.268
325.286
325.305
325.323
325.341
325.359
325.377
325.395
325.412
325.429
325.446
325.463
325.48
325.497
325.514
325.53
325.547
325.564
325.582
325.6
325.621
325.644
325.674
325.722
325.83
326.103
320.488
320.866
321.252
321.587
321.875
322.126
322.346
322.541
322.714
322.869
323.008
323.135
323.251
323.357
323.454
323.544
323.627
323.704
323.776
323.842
323.905
323.964
324.02
324.073
324.124
324.173
324.22
324.265
324.309
324.351
324.391
324.428
324.465
324.499
324.533
324.566
324.598
324.63
324.66
324.689
324.718
324.746
324.774
324.801
324.827
324.852
324.877
324.902
324.927
324.951
324.975
324.999
325.022
325.045
325.067
325.088
325.11
325.131
325.151
325.172
325.192
325.212
325.232
325.252
325.271
325.29
325.308
325.327
325.345
325.363
325.381
325.399
325.416
325.433
325.45
325.467
325.484
325.502
325.519
325.536
325.553
325.57
325.587
325.606
325.626
325.649
325.678
325.726
325.834
326.106
320.487
320.866
321.252
321.586
321.875
322.126
322.346
322.54
322.713
322.868
323.008
323.135
323.251
323.357
323.454
323.544
323.627
323.704
323.776
323.843
323.906
323.965
324.022
324.075
324.126
324.175
324.222
324.268
324.311
324.353
324.392
324.43
324.466
324.501
324.535
324.568
324.6
324.631
324.662
324.692
324.72
324.749
324.776
324.803
324.829
324.855
324.88
324.905
324.93
324.954
324.978
325.002
325.026
325.048
325.07
325.092
325.114
325.135
325.156
325.176
325.196
325.216
325.236
325.255
325.275
325.294
325.312
325.331
325.349
325.367
325.385
325.403
325.421
325.438
325.455
325.472
325.489
325.507
325.524
325.541
325.559
325.576
325.593
325.612
325.632
325.655
325.684
325.731
325.839
326.111
320.487
320.865
321.252
321.586
321.875
322.126
322.346
322.54
322.713
322.868
323.008
323.135
323.251
323.357
323.454
323.544
323.627
323.705
323.776
323.844
323.907
323.967
324.023
324.077
324.129
324.178
324.225
324.27
324.313
324.354
324.393
324.431
324.467
324.503
324.537
324.57
324.602
324.634
324.664
324.694
324.723
324.751
324.779
324.806
324.832
324.858
324.884
324.909
324.934
324.958
324.982
325.006
325.029
325.052
325.075
325.097
325.118
325.14
325.161
325.181
325.201
325.221
325.241
325.26
325.28
325.299
325.317
325.336
325.355
325.373
325.391
325.409
325.426
325.444
325.461
325.478
325.495
325.513
325.531
325.548
325.565
325.583
325.601
325.62
325.64
325.663
325.691
325.737
325.844
326.115
320.487
320.865
321.252
321.586
321.875
322.126
322.346
322.54
322.713
322.869
323.009
323.135
323.251
323.357
323.455
323.545
323.628
323.706
323.778
323.846
323.909
323.969
324.026
324.08
324.132
324.181
324.228
324.273
324.316
324.357
324.396
324.434
324.471
324.506
324.541
324.574
324.606
324.638
324.669
324.699
324.728
324.756
324.784
324.812
324.838
324.864
324.89
324.915
324.94
324.965
324.989
325.013
325.036
325.059
325.082
325.104
325.126
325.147
325.168
325.189
325.209
325.229
325.249
325.268
325.288
325.307
325.326
325.344
325.363
325.381
325.4
325.417
325.435
325.452
325.469
325.487
325.504
325.521
325.539
325.556
325.574
325.591
325.609
325.628
325.648
325.67
325.698
325.743
325.848
326.117
320.487
320.865
321.252
321.586
321.875
322.126
322.347
322.541
322.715
322.87
323.01
323.138
323.254
323.36
323.458
323.548
323.632
323.71
323.782
323.851
323.915
323.975
324.033
324.087
324.139
324.188
324.236
324.281
324.324
324.365
324.405
324.443
324.48
324.516
324.55
324.584
324.617
324.649
324.68
324.71
324.74
324.769
324.797
324.824
324.851
324.878
324.904
324.93
324.955
324.98
325.004
325.028
325.052
325.075
325.098
325.12
325.142
325.164
325.185
325.206
325.227
325.247
325.267
325.287
325.306
325.325
325.344
325.363
325.382
325.4
325.418
325.436
325.454
325.471
325.488
325.505
325.522
325.54
325.557
325.574
325.592
325.609
325.627
325.646
325.666
325.688
325.715
325.758
325.858
326.122
320.488
320.867
321.255
321.591
321.881
322.133
322.355
322.551
322.725
322.882
323.024
323.152
323.269
323.377
323.476
323.567
323.652
323.731
323.806
323.875
323.94
324.002
324.061
324.116
324.169
324.219
324.268
324.314
324.358
324.4
324.441
324.48
324.518
324.555
324.591
324.626
324.659
324.692
324.724
324.756
324.786
324.816
324.845
324.874
324.902
324.929
324.956
324.983
325.009
325.035
325.06
325.085
325.109
325.133
325.157
325.18
325.203
325.225
325.248
325.269
325.291
325.312
325.332
325.353
325.373
325.393
325.413
325.432
325.451
325.47
325.489
325.507
325.526
325.543
325.561
325.579
325.596
325.614
325.632
325.649
325.667
325.685
325.703
325.722
325.742
325.764
325.791
325.831
325.925
326.176
320.494
320.879
321.273
321.615
321.911
322.169
322.396
322.597
322.776
322.938
323.084
323.217
323.339
323.451
323.554
323.65
323.739
323.822
323.9
323.973
324.042
324.108
324.17
324.228
324.285
324.338
324.389
324.439
324.486
324.531
324.575
324.618
324.659
324.699
324.738
324.776
324.812
324.848
324.883
324.917
324.951
324.983
325.015
325.047
325.078
325.108
325.138
325.167
325.195
325.224
325.251
325.279
325.305
325.332
325.358
325.383
325.409
325.434
325.458
325.482
325.506
325.529
325.552
325.575
325.597
325.619
325.641
325.662
325.684
325.705
325.725
325.746
325.766
325.786
325.805
325.825
325.844
325.864
325.883
325.902
325.921
325.94
325.96
325.98
326.001
326.024
326.052
326.091
326.174
326.393
)
;
        refGradient     uniform 0;
        valueFraction   nonuniform List<scalar> 
990
(
0.495766
0.495766
0.495766
0.495766
0.495766
0.495766
0.495766
0.495766
0.495766
0.495766
0.495766
0.495766
0.495766
0.495766
0.495766
0.495766
0.495766
0.495766
0.495766
0.495766
0.495766
0.495766
0.495766
0.495766
0.495766
0.495766
0.495766
0.495766
0.495766
0.495766
0.495766
0.495766
0.495766
0.495766
0.495766
0.495766
0.495766
0.495766
0.495766
0.495766
0.495766
0.495766
0.495766
0.495766
0.495766
0.495766
0.495766
0.495766
0.495766
0.495766
0.495766
0.495766
0.495766
0.495766
0.495766
0.495766
0.495766
0.495766
0.495766
0.495766
0.495766
0.495766
0.495766
0.495766
0.495766
0.495766
0.495766
0.495766
0.495766
0.495766
0.495766
0.495766
0.495766
0.495766
0.495766
0.495766
0.495766
0.495766
0.495766
0.495766
0.495766
0.495766
0.495766
0.495766
0.495766
0.495766
0.495766
0.495766
0.495766
0.495766
0.495766
0.495766
0.495766
0.495766
0.495766
0.495766
0.495766
0.495766
0.495766
0.495766
0.495766
0.495766
0.495766
0.495766
0.495766
0.495766
0.495766
0.495766
0.495766
0.495766
0.495766
0.495766
0.495766
0.495766
0.495766
0.495766
0.495766
0.495766
0.495766
0.495766
0.495766
0.495766
0.495766
0.495766
0.495766
0.495766
0.495766
0.495766
0.495766
0.495766
0.495766
0.495766
0.495766
0.495766
0.495766
0.495766
0.495766
0.495766
0.495766
0.495766
0.495766
0.495766
0.495766
0.495766
0.495766
0.495766
0.495766
0.495766
0.495766
0.495766
0.495766
0.495766
0.495766
0.495766
0.495766
0.495766
0.495766
0.495766
0.495766
0.495766
0.495766
0.495766
0.495766
0.495766
0.495766
0.495766
0.495766
0.495766
0.495766
0.495766
0.495766
0.495766
0.495766
0.495766
0.495766
0.495766
0.495766
0.495766
0.495766
0.495766
0.495766
0.495766
0.495766
0.495766
0.495766
0.495766
0.495766
0.495766
0.495766
0.495766
0.495766
0.495766
0.495766
0.495766
0.495766
0.495766
0.495766
0.495766
0.495766
0.495766
0.495766
0.495766
0.495766
0.495766
0.495766
0.495766
0.495766
0.495766
0.495766
0.495766
0.495766
0.495766
0.495766
0.495766
0.495766
0.495766
0.495766
0.495766
0.495766
0.495766
0.495766
0.495766
0.495766
0.495766
0.495766
0.495766
0.495766
0.495766
0.495766
0.495766
0.495766
0.495766
0.495766
0.495766
0.495766
0.495766
0.495766
0.495766
0.495766
0.495766
0.495766
0.495766
0.495766
0.495766
0.495766
0.495766
0.495766
0.495766
0.495766
0.495766
0.495766
0.495766
0.495766
0.495766
0.495766
0.495766
0.495766
0.495766
0.495766
0.495766
0.495766
0.495766
0.495766
0.495766
0.495766
0.495766
0.495766
0.495766
0.495766
0.495766
0.495766
0.495766
0.495766
0.495766
0.495766
0.495766
0.495766
0.495766
0.495766
0.495766
0.495766
0.495766
0.495766
0.495766
0.495766
0.495766
0.495766
0.495766
0.495766
0.495766
0.495766
0.495766
0.495766
0.495766
0.495766
0.495766
0.495766
0.495766
0.495766
0.495766
0.495766
0.495766
0.495766
0.495766
0.495766
0.495766
0.495766
0.495766
0.495766
0.495766
0.495766
0.495766
0.495766
0.495766
0.495766
0.495766
0.495766
0.495766
0.495766
0.495766
0.495766
0.495766
0.495766
0.495766
0.495766
0.495766
0.495766
0.495766
0.495766
0.495766
0.495766
0.495766
0.495766
0.495766
0.495766
0.495766
0.495766
0.495766
0.495766
0.495766
0.495766
0.495766
0.495766
0.495766
0.495766
0.495766
0.495766
0.495766
0.495766
0.495766
0.495766
0.495766
0.495766
0.495766
0.495766
0.495766
0.495766
0.495766
0.495766
0.495766
0.495766
0.495766
0.495766
0.495766
0.495766
0.495766
0.495766
0.495766
0.495766
0.495766
0.495766
0.495766
0.495766
0.495766
0.495766
0.495766
0.495766
0.495766
0.495766
0.495766
0.495766
0.495766
0.495766
0.495766
0.495766
0.495766
0.495766
0.495766
0.495766
0.495766
0.495766
0.495766
0.495766
0.495766
0.495766
0.495766
0.495766
0.495766
0.495766
0.495766
0.495766
0.495766
0.495766
0.495766
0.495766
0.495766
0.495766
0.495766
0.495766
0.495766
0.495766
0.495766
0.495766
0.495766
0.495766
0.495766
0.495766
0.495766
0.495766
0.495766
0.495766
0.495766
0.495766
0.495766
0.495766
0.495766
0.495766
0.495766
0.495766
0.495766
0.495766
0.495766
0.495766
0.495766
0.495766
0.495766
0.495766
0.495766
0.495766
0.495766
0.495766
0.495766
0.495766
0.495766
0.495766
0.495766
0.495766
0.495766
0.495766
0.495766
0.495766
0.495766
0.495766
0.495766
0.495766
0.495766
0.495766
0.495766
0.495766
0.495766
0.495766
0.495766
0.495766
0.495766
0.495766
0.495766
0.495766
0.495766
0.495766
0.495766
0.495766
0.495766
0.495766
0.495766
0.495766
0.495766
0.495766
0.495766
0.495766
0.495766
0.495766
0.495766
0.495766
0.495766
0.495766
0.495766
0.495766
0.495766
0.495766
0.495766
0.495766
0.495766
0.495766
0.495766
0.495766
0.495766
0.495766
0.495766
0.495766
0.495766
0.495766
0.495766
0.495766
0.495766
0.495766
0.495766
0.495766
0.495766
0.495766
0.495766
0.495766
0.495766
0.495766
0.495766
0.495766
0.495766
0.495766
0.495766
0.495766
0.495766
0.495766
0.495766
0.495766
0.495766
0.495766
0.495766
0.495766
0.495766
0.495766
0.495766
0.495766
0.495766
0.495766
0.495766
0.495766
0.495766
0.495766
0.495766
0.495766
0.495766
0.495766
0.495766
0.495766
0.495766
0.495766
0.495766
0.495766
0.495766
0.495766
0.495766
0.495766
0.495766
0.495766
0.495766
0.495766
0.495766
0.495766
0.495766
0.495766
0.495766
0.495766
0.495766
0.495766
0.495766
0.495766
0.495766
0.495766
0.495766
0.495766
0.495766
0.495766
0.495766
0.495766
0.495766
0.495766
0.495766
0.495766
0.495766
0.495766
0.495766
0.495766
0.495766
0.495766
0.495766
0.495766
0.495766
0.495766
0.495766
0.495766
0.495766
0.495766
0.495766
0.495766
0.495766
0.495766
0.495766
0.495766
0.495766
0.495766
0.495766
0.495766
0.495766
0.495766
0.495766
0.495766
0.495766
0.495766
0.495766
0.495766
0.495766
0.495766
0.495766
0.495766
0.495766
0.495766
0.495766
0.495766
0.495766
0.495766
0.495766
0.495766
0.495766
0.495766
0.495766
0.495766
0.495766
0.495766
0.495766
0.495766
0.495766
0.495766
0.495766
0.495766
0.495766
0.495766
0.495766
0.495766
0.495766
0.495766
0.495766
0.495766
0.495766
0.495766
0.495766
0.495766
0.495766
0.495766
0.495766
0.495766
0.495766
0.495766
0.495766
0.495766
0.495766
0.495766
0.495766
0.495766
0.495766
0.495766
0.495766
0.495766
0.495766
0.495766
0.495766
0.495766
0.495766
0.495766
0.495766
0.495766
0.495766
0.495766
0.495766
0.495766
0.495766
0.495766
0.495766
0.495766
0.495766
0.495766
0.495766
0.495766
0.495766
0.495766
0.495766
0.495766
0.495766
0.495766
0.495766
0.495766
0.495766
0.495766
0.495766
0.495766
0.495766
0.495766
0.495766
0.495766
0.495766
0.495766
0.495766
0.495766
0.495766
0.495766
0.495766
0.495766
0.495766
0.495766
0.495766
0.495766
0.495766
0.495766
0.495766
0.495766
0.495766
0.495766
0.495766
0.495766
0.495766
0.495766
0.495766
0.495766
0.495766
0.495766
0.495766
0.495766
0.495766
0.495766
0.495766
0.495766
0.495766
0.495766
0.495766
0.495766
0.495766
0.495766
0.495766
0.495766
0.495766
0.495766
0.495766
0.495766
0.495766
0.495766
0.495766
0.495766
0.495766
0.495766
0.495766
0.495766
0.495766
0.495766
0.495766
0.495766
0.495766
0.495766
0.495766
0.495766
0.495766
0.495766
0.495766
0.495766
0.495766
0.495766
0.495766
0.495766
0.495766
0.495766
0.495766
0.495766
0.495766
0.495766
0.495766
0.495766
0.495766
0.495766
0.495766
0.495766
0.495766
0.495766
0.495766
0.495766
0.495766
0.495766
0.495766
0.495766
0.495766
0.495766
0.495766
0.495766
0.495766
0.495766
0.495766
0.495766
0.495766
0.495766
0.495766
0.495766
0.495766
0.495766
0.495766
0.495766
0.495766
0.495766
0.495766
0.495766
0.495766
0.495766
0.495766
0.495766
0.495766
0.495766
0.495766
0.495766
0.495766
0.495766
0.495766
0.495766
0.495766
0.495766
0.495766
0.495766
0.495766
0.495766
0.495766
0.495766
0.495766
0.495766
0.495766
0.495766
0.495766
0.495766
0.495766
0.495766
0.495766
0.495766
0.495766
0.495766
0.495766
0.495766
0.495766
0.495766
0.495766
0.495766
0.495766
0.495766
0.495766
0.495766
0.495766
0.495766
0.495766
0.495766
0.495766
0.495766
0.495766
0.495766
0.495766
0.495766
0.495766
0.495766
0.495766
0.495766
0.495766
0.495766
0.495766
0.495766
0.495766
0.495766
0.495766
0.495766
0.495766
0.495766
0.495766
0.495766
0.495766
0.495766
0.495766
0.495766
0.495766
0.495766
0.495766
0.495766
0.495766
0.495766
0.495766
0.495766
0.495766
0.495766
0.495766
0.495766
0.495766
0.495766
0.495766
0.495766
0.495766
0.495766
0.495766
0.495766
0.495766
0.495766
0.495766
0.495766
0.495766
0.495766
0.495766
0.495766
0.495766
0.495766
0.495766
0.495766
0.495766
0.495766
0.495766
0.495766
0.495766
0.495766
0.495766
0.495766
0.495766
0.495766
0.495766
0.495766
0.495766
0.495766
0.495766
0.495766
0.495766
0.495766
0.495766
0.495766
0.495766
0.495766
0.495766
0.495766
0.495766
0.495766
0.495766
0.495766
0.495766
0.495766
0.495766
0.495766
0.495766
0.495766
0.495766
0.495766
0.495766
0.495766
0.495766
0.495766
0.495766
0.495766
0.495766
0.495766
0.495766
0.495766
0.495766
0.495766
0.495766
0.495766
0.495766
0.495766
0.495766
0.495766
0.495766
0.495766
0.495766
0.495766
0.495766
0.495766
0.495766
0.495766
0.495766
0.495766
0.495766
0.495766
0.495766
0.495766
0.495766
0.495766
0.495766
0.495766
0.495766
0.495766
0.495766
0.495766
0.495766
0.495766
0.495766
0.495766
0.495766
)
;
        value           nonuniform List<scalar> 
990
(
321.073
321.471
321.872
322.216
322.512
322.77
322.997
323.196
323.374
323.534
323.678
323.808
323.927
324.036
324.136
324.229
324.315
324.394
324.467
324.536
324.599
324.658
324.714
324.767
324.818
324.866
324.913
324.958
325.003
325.047
325.089
325.125
325.149
325.181
325.214
325.246
325.278
325.309
325.339
325.369
325.398
325.426
325.454
325.482
325.509
325.536
325.562
325.588
325.613
325.636
325.659
325.681
325.703
325.726
325.748
325.771
325.794
325.821
325.86
325.887
325.91
325.932
325.953
325.974
325.993
326.012
326.031
326.049
326.068
326.086
326.103
326.121
326.139
326.156
326.173
326.19
326.207
326.223
326.24
326.257
326.274
326.293
326.312
326.332
326.355
326.38
326.411
326.459
326.568
326.859
321.073
321.471
321.872
322.216
322.513
322.771
322.997
323.197
323.374
323.534
323.678
323.808
323.927
324.036
324.136
324.229
324.315
324.394
324.467
324.535
324.599
324.658
324.714
324.768
324.819
324.868
324.915
324.961
325.006
325.051
325.093
325.132
325.168
325.203
325.237
325.27
325.302
325.334
325.365
325.394
325.424
325.452
325.481
325.508
325.535
325.561
325.587
325.613
325.638
325.662
325.686
325.709
325.731
325.754
325.776
325.798
325.821
325.844
325.868
325.89
325.912
325.934
325.956
325.976
325.996
326.015
326.034
326.052
326.071
326.089
326.107
326.125
326.142
326.16
326.177
326.194
326.211
326.228
326.244
326.261
326.278
326.296
326.315
326.335
326.357
326.381
326.412
326.461
326.57
326.861
321.073
321.471
321.872
322.216
322.513
322.771
322.997
323.197
323.375
323.534
323.678
323.808
323.927
324.036
324.136
324.229
324.315
324.394
324.467
324.535
324.599
324.659
324.715
324.769
324.821
324.87
324.918
324.964
325.01
325.054
325.096
325.136
325.173
325.208
325.242
325.276
325.309
325.341
325.372
325.402
325.431
325.46
325.488
325.516
325.542
325.568
325.594
325.62
325.645
325.67
325.694
325.718
325.741
325.763
325.786
325.808
325.83
325.852
325.873
325.895
325.916
325.937
325.959
325.979
325.999
326.018
326.037
326.056
326.074
326.093
326.111
326.128
326.146
326.164
326.181
326.199
326.216
326.233
326.249
326.266
326.283
326.301
326.319
326.339
326.36
326.384
326.415
326.463
326.573
326.864
321.073
321.471
321.872
322.216
322.513
322.771
322.997
323.197
323.375
323.534
323.678
323.808
323.927
324.036
324.136
324.229
324.315
324.394
324.467
324.536
324.6
324.66
324.717
324.771
324.823
324.873
324.921
324.968
325.013
325.057
325.098
325.138
325.175
325.21
325.245
325.278
325.312
325.344
325.375
325.405
325.435
325.464
325.492
325.52
325.546
325.572
325.598
325.623
325.648
325.674
325.698
325.722
325.746
325.769
325.791
325.813
325.835
325.857
325.878
325.899
325.92
325.941
325.962
325.982
326.002
326.021
326.04
326.059
326.078
326.096
326.114
326.132
326.15
326.168
326.185
326.203
326.22
326.237
326.254
326.271
326.289
326.306
326.324
326.343
326.364
326.388
326.418
326.466
326.576
326.867
321.073
321.471
321.871
322.216
322.512
322.771
322.997
323.197
323.375
323.534
323.678
323.808
323.927
324.036
324.136
324.229
324.315
324.394
324.467
324.536
324.6
324.661
324.718
324.773
324.825
324.876
324.924
324.971
325.016
325.059
325.1
325.139
325.176
325.212
325.246
325.28
325.313
325.346
325.377
325.407
325.437
325.466
325.494
325.522
325.548
325.574
325.6
325.626
325.651
325.676
325.701
325.726
325.75
325.773
325.795
325.818
325.84
325.861
325.882
325.903
325.924
325.944
325.965
325.985
326.005
326.024
326.044
326.062
326.081
326.1
326.118
326.136
326.154
326.172
326.189
326.207
326.224
326.242
326.26
326.277
326.294
326.312
326.33
326.349
326.369
326.393
326.422
326.47
326.579
326.87
321.072
321.471
321.871
322.215
322.512
322.77
322.997
323.196
323.374
323.534
323.678
323.808
323.927
324.036
324.136
324.229
324.314
324.394
324.467
324.536
324.601
324.662
324.72
324.775
324.828
324.878
324.927
324.973
325.018
325.061
325.101
325.14
325.177
325.213
325.248
325.282
325.315
325.348
325.379
325.409
325.439
325.468
325.497
325.524
325.551
325.577
325.603
325.629
325.654
325.68
325.705
325.729
325.753
325.776
325.799
325.822
325.844
325.866
325.887
325.908
325.928
325.949
325.969
325.989
326.009
326.028
326.048
326.067
326.086
326.104
326.123
326.141
326.159
326.177
326.194
326.212
326.229
326.247
326.265
326.283
326.3
326.318
326.336
326.355
326.376
326.399
326.428
326.475
326.584
326.875
321.072
321.471
321.871
322.215
322.512
322.77
322.996
323.196
323.374
323.534
323.678
323.808
323.927
324.036
324.136
324.229
324.314
324.394
324.468
324.537
324.602
324.664
324.722
324.777
324.83
324.881
324.929
324.976
325.02
325.062
325.103
325.141
325.179
325.215
325.25
325.284
325.317
325.35
325.381
325.412
325.442
325.471
325.499
325.527
325.554
325.581
325.607
325.633
325.658
325.683
325.708
325.733
325.757
325.78
325.803
325.826
325.848
325.87
325.892
325.913
325.934
325.954
325.974
325.994
326.014
326.034
326.053
326.072
326.091
326.11
326.129
326.147
326.165
326.183
326.2
326.218
326.236
326.254
326.272
326.29
326.307
326.325
326.344
326.363
326.383
326.407
326.435
326.482
326.59
326.879
321.072
321.471
321.871
322.215
322.512
322.77
322.996
323.196
323.374
323.534
323.678
323.808
323.927
324.037
324.137
324.229
324.315
324.395
324.469
324.539
324.604
324.666
324.725
324.78
324.833
324.884
324.932
324.979
325.023
325.065
325.105
325.144
325.182
325.218
325.254
325.288
325.321
325.354
325.386
325.416
325.446
325.476
325.504
325.532
325.56
325.587
325.613
325.639
325.665
325.69
325.715
325.739
325.763
325.787
325.81
325.833
325.856
325.878
325.899
325.921
325.941
325.962
325.982
326.002
326.022
326.042
326.061
326.08
326.099
326.118
326.137
326.155
326.173
326.191
326.209
326.226
326.244
326.262
326.28
326.298
326.316
326.334
326.352
326.371
326.391
326.414
326.443
326.487
326.593
326.88
321.072
321.471
321.871
322.215
322.512
322.771
322.997
323.197
323.375
323.535
323.679
323.81
323.93
324.039
324.14
324.232
324.319
324.399
324.473
324.544
324.61
324.672
324.731
324.787
324.84
324.891
324.939
324.986
325.03
325.073
325.113
325.153
325.191
325.228
325.263
325.298
325.332
325.364
325.396
325.427
325.458
325.488
325.517
325.545
325.573
325.6
325.627
325.653
325.679
325.705
325.73
325.754
325.778
325.802
325.826
325.849
325.871
325.894
325.916
325.937
325.958
325.979
326
326.02
326.04
326.059
326.079
326.098
326.117
326.136
326.155
326.173
326.191
326.209
326.227
326.244
326.262
326.28
326.297
326.315
326.333
326.351
326.369
326.388
326.408
326.431
326.458
326.501
326.602
326.884
321.073
321.472
321.874
322.219
322.518
322.777
323.005
323.206
323.386
323.547
323.692
323.824
323.945
324.055
324.157
324.251
324.339
324.42
324.496
324.568
324.635
324.699
324.759
324.816
324.87
324.922
324.971
325.018
325.064
325.107
325.149
325.19
325.229
325.267
325.303
325.339
325.374
325.408
325.441
325.473
325.504
325.535
325.565
325.594
325.623
325.651
325.679
325.706
325.733
325.76
325.785
325.811
325.836
325.861
325.885
325.909
325.932
325.955
325.978
326
326.022
326.044
326.065
326.086
326.107
326.127
326.147
326.167
326.187
326.207
326.226
326.245
326.263
326.282
326.3
326.318
326.336
326.354
326.372
326.39
326.408
326.426
326.445
326.464
326.485
326.507
326.534
326.575
326.669
326.937
321.079
321.485
321.893
322.245
322.55
322.815
323.049
323.256
323.441
323.607
323.757
323.894
324.019
324.135
324.241
324.339
324.431
324.517
324.597
324.673
324.744
324.811
324.875
324.936
324.994
325.049
325.102
325.152
325.201
325.248
325.293
325.337
325.38
325.421
325.461
325.5
325.538
325.575
325.611
325.646
325.68
325.714
325.747
325.779
325.811
325.842
325.873
325.903
325.933
325.962
325.99
326.018
326.046
326.073
326.1
326.126
326.152
326.178
326.203
326.228
326.253
326.277
326.3
326.324
326.347
326.369
326.392
326.414
326.436
326.457
326.479
326.5
326.52
326.541
326.561
326.581
326.601
326.621
326.641
326.66
326.68
326.7
326.72
326.74
326.762
326.786
326.813
326.852
326.937
327.169
)
;
        Tnbr            T;
        qrNbr           none;
        qr              none;
        thermalInertia  false;
        thicknessLayers List<scalar> 0();
        kappaLayers     List<scalar> 0();
        kappaMethod     solidThermo;
        kappa           none;
        alphaAni        none;
        alpha           none;
    }
    asphalt_to_air
    {
        type            compressible::turbulentTemperatureRadCoupledMixed;
        refValue        nonuniform List<scalar> 
990
(
310.211
310.408
310.585
310.746
310.895
311.033
311.163
311.285
311.4
311.509
311.613
311.712
311.806
311.898
311.985
312.07
312.152
312.231
312.308
312.383
312.456
312.528
312.597
312.665
312.732
312.797
312.861
312.924
312.986
313.047
313.107
313.166
313.224
313.282
313.338
313.394
313.449
313.503
313.557
313.61
313.662
313.713
313.764
313.814
313.864
313.913
313.961
314.009
314.056
314.103
314.149
314.194
314.238
314.283
314.326
314.369
314.411
314.453
314.495
314.535
314.576
314.616
314.655
314.694
314.732
314.77
314.807
314.844
314.881
314.916
314.952
314.987
315.021
315.056
315.089
315.123
315.155
315.188
315.22
315.252
315.283
315.314
315.345
315.376
315.407
315.437
315.468
315.499
315.533
315.572
310.211
310.408
310.585
310.746
310.895
311.033
311.163
311.285
311.4
311.509
311.612
311.712
311.806
311.897
311.985
312.07
312.152
312.231
312.308
312.383
312.456
312.527
312.597
312.665
312.732
312.797
312.861
312.924
312.986
313.047
313.107
313.166
313.224
313.282
313.338
313.394
313.449
313.503
313.557
313.609
313.662
313.713
313.764
313.814
313.864
313.913
313.961
314.009
314.056
314.102
314.148
314.193
314.238
314.282
314.326
314.369
314.411
314.453
314.494
314.535
314.575
314.615
314.655
314.693
314.732
314.769
314.807
314.844
314.88
314.916
314.951
314.986
315.021
315.055
315.089
315.122
315.155
315.188
315.22
315.252
315.283
315.314
315.345
315.376
315.407
315.438
315.469
315.5
315.534
315.573
310.211
310.408
310.585
310.746
310.895
311.033
311.163
311.285
311.4
311.509
311.612
311.712
311.806
311.897
311.985
312.07
312.152
312.231
312.308
312.383
312.456
312.527
312.597
312.665
312.731
312.797
312.861
312.924
312.986
313.047
313.107
313.166
313.224
313.281
313.338
313.393
313.448
313.503
313.556
313.609
313.661
313.713
313.763
313.814
313.863
313.912
313.96
314.008
314.055
314.101
314.147
314.193
314.237
314.281
314.325
314.368
314.41
314.452
314.494
314.534
314.575
314.615
314.654
314.693
314.731
314.769
314.806
314.843
314.88
314.916
314.951
314.986
315.021
315.055
315.089
315.123
315.156
315.188
315.221
315.253
315.285
315.316
315.347
315.378
315.409
315.44
315.471
315.503
315.536
315.576
310.211
310.408
310.585
310.746
310.895
311.033
311.163
311.285
311.4
311.509
311.612
311.712
311.806
311.897
311.985
312.07
312.152
312.231
312.308
312.383
312.456
312.527
312.597
312.665
312.731
312.797
312.861
312.924
312.986
313.047
313.106
313.166
313.224
313.281
313.337
313.393
313.448
313.502
313.556
313.609
313.661
313.712
313.763
313.813
313.862
313.911
313.96
314.007
314.054
314.101
314.147
314.192
314.237
314.281
314.324
314.367
314.41
314.452
314.493
314.534
314.574
314.614
314.653
314.692
314.731
314.769
314.806
314.843
314.879
314.915
314.951
314.986
315.021
315.055
315.089
315.123
315.156
315.189
315.221
315.253
315.285
315.317
315.348
315.379
315.41
315.441
315.472
315.504
315.538
315.578
310.211
310.408
310.585
310.746
310.895
311.033
311.163
311.285
311.4
311.509
311.612
311.711
311.806
311.897
311.985
312.07
312.151
312.231
312.308
312.383
312.456
312.527
312.596
312.664
312.731
312.796
312.861
312.924
312.985
313.046
313.106
313.165
313.223
313.281
313.337
313.393
313.448
313.502
313.555
313.608
313.66
313.711
313.762
313.812
313.862
313.91
313.959
314.006
314.053
314.1
314.146
314.191
314.236
314.28
314.323
314.366
314.409
314.451
314.492
314.533
314.573
314.613
314.653
314.691
314.73
314.768
314.805
314.842
314.879
314.915
314.95
314.986
315.02
315.055
315.089
315.122
315.156
315.189
315.221
315.253
315.285
315.317
315.349
315.38
315.411
315.442
315.474
315.506
315.54
315.58
310.211
310.408
310.585
310.746
310.895
311.033
311.163
311.285
311.4
311.509
311.612
311.711
311.806
311.897
311.985
312.07
312.151
312.231
312.308
312.383
312.456
312.527
312.596
312.664
312.731
312.796
312.861
312.923
312.985
313.046
313.106
313.165
313.223
313.281
313.337
313.393
313.447
313.502
313.555
313.608
313.66
313.711
313.762
313.812
313.861
313.91
313.958
314.006
314.053
314.099
314.145
314.191
314.235
314.279
314.323
314.366
314.409
314.451
314.492
314.533
314.573
314.613
314.653
314.691
314.73
314.768
314.805
314.842
314.879
314.915
314.951
314.986
315.021
315.055
315.089
315.123
315.156
315.189
315.222
315.255
315.287
315.319
315.35
315.382
315.413
315.444
315.476
315.508
315.542
315.583
310.211
310.408
310.585
310.746
310.895
311.033
311.163
311.285
311.4
311.509
311.612
311.711
311.806
311.897
311.985
312.069
312.151
312.231
312.308
312.382
312.455
312.527
312.596
312.664
312.731
312.796
312.86
312.923
312.985
313.046
313.106
313.165
313.223
313.28
313.337
313.392
313.447
313.501
313.554
313.607
313.659
313.71
313.761
313.811
313.861
313.909
313.958
314.005
314.052
314.098
314.144
314.19
314.234
314.278
314.322
314.365
314.407
314.449
314.491
314.532
314.572
314.612
314.652
314.69
314.729
314.767
314.804
314.841
314.878
314.914
314.95
314.985
315.02
315.055
315.089
315.123
315.156
315.189
315.222
315.255
315.287
315.319
315.351
315.382
315.414
315.445
315.477
315.509
315.544
315.584
310.211
310.408
310.585
310.746
310.895
311.033
311.163
311.284
311.399
311.508
311.612
311.711
311.806
311.897
311.985
312.069
312.151
312.23
312.307
312.382
312.455
312.527
312.596
312.664
312.731
312.796
312.86
312.923
312.985
313.046
313.106
313.165
313.223
313.28
313.337
313.392
313.447
313.501
313.554
313.607
313.659
313.71
313.761
313.811
313.861
313.909
313.958
314.005
314.052
314.098
314.144
314.189
314.234
314.278
314.322
314.365
314.407
314.449
314.49
314.531
314.572
314.611
314.651
314.69
314.728
314.766
314.803
314.84
314.877
314.913
314.948
314.983
315.018
315.052
315.086
315.12
315.153
315.186
315.218
315.25
315.282
315.314
315.345
315.376
315.407
315.438
315.469
315.501
315.535
315.574
310.211
310.408
310.585
310.746
310.895
311.033
311.163
311.284
311.399
311.508
311.612
311.711
311.806
311.897
311.985
312.069
312.151
312.23
312.307
312.382
312.455
312.526
312.596
312.664
312.731
312.796
312.86
312.923
312.985
313.046
313.106
313.165
313.223
313.28
313.336
313.392
313.447
313.501
313.554
313.607
313.658
313.71
313.76
313.81
313.859
313.908
313.956
314.004
314.05
314.097
314.142
314.187
314.232
314.276
314.319
314.362
314.404
314.446
314.487
314.527
314.567
314.607
314.646
314.684
314.722
314.76
314.797
314.833
314.869
314.905
314.94
314.974
315.008
315.042
315.076
315.108
315.141
315.173
315.205
315.236
315.267
315.298
315.328
315.358
315.388
315.418
315.448
315.479
315.512
315.55
310.211
310.408
310.585
310.746
310.895
311.033
311.163
311.285
311.4
311.509
311.612
311.712
311.806
311.898
311.985
312.07
312.152
312.231
312.308
312.383
312.457
312.528
312.598
312.666
312.733
312.798
312.863
312.926
312.988
313.049
313.109
313.168
313.226
313.283
313.34
313.396
313.451
313.505
313.558
313.611
313.663
313.714
313.765
313.815
313.865
313.913
313.962
314.009
314.056
314.102
314.148
314.193
314.238
314.282
314.325
314.368
314.41
314.452
314.493
314.533
314.573
314.613
314.652
314.69
314.728
314.765
314.802
314.838
314.874
314.909
314.944
314.978
315.012
315.046
315.079
315.111
315.143
315.175
315.206
315.237
315.268
315.298
315.328
315.357
315.387
315.416
315.446
315.475
315.507
315.544
310.211
310.408
310.585
310.746
310.896
311.035
311.165
311.287
311.403
311.512
311.617
311.716
311.812
311.904
311.992
312.077
312.16
312.24
312.318
312.394
312.468
312.54
312.61
312.68
312.747
312.814
312.879
312.943
313.006
313.067
313.128
313.188
313.247
313.306
313.363
313.42
313.475
313.531
313.585
313.639
313.692
313.744
313.796
313.847
313.897
313.947
313.996
314.044
314.092
314.139
314.186
314.232
314.277
314.322
314.366
314.41
314.453
314.496
314.538
314.579
314.62
314.66
314.7
314.739
314.778
314.816
314.854
314.891
314.927
314.964
314.999
315.034
315.069
315.103
315.137
315.17
315.202
315.235
315.267
315.298
315.329
315.36
315.39
315.421
315.45
315.48
315.51
315.54
315.572
315.609
)
;
        refGradient     nonuniform List<scalar> 
990
(
71.2841
69.0559
67.3203
65.7955
64.481
63.337
62.3325
61.4436
60.6512
59.9405
59.2991
58.7172
58.1872
57.7024
57.2574
56.847
56.4665
56.1115
55.7784
55.4647
55.1686
54.8891
54.6257
54.3775
54.1435
53.9226
53.7142
53.5184
53.3357
53.1657
53.0066
52.8594
52.7335
52.5901
52.4431
52.2991
52.159
52.0236
51.8927
51.7653
51.6408
51.5191
51.3999
51.2824
51.1685
51.0566
50.9466
50.8384
50.7308
50.6228
50.5146
50.4079
50.3042
50.2041
50.107
50.0118
49.9172
49.8194
49.7072
49.6136
49.5291
49.4474
49.3678
49.2891
49.2086
49.1289
49.0507
48.9739
48.8979
48.8225
48.7476
48.6736
48.6006
48.5285
48.4568
48.385
48.3132
48.2419
48.1719
48.1041
48.0385
47.9747
47.9122
47.8515
47.7938
47.74
47.6896
47.6512
47.745
48.8082
71.2836
69.0554
67.3199
65.7951
64.4808
63.3369
62.3325
61.4438
60.6516
59.941
59.2997
58.7182
58.1885
57.7041
57.2593
56.8489
56.4682
56.1129
55.7796
55.4659
55.1701
54.8912
54.6286
54.3814
54.1484
53.9285
53.7212
53.5267
53.3447
53.1738
53.011
52.8539
52.7013
52.5489
52.3992
52.254
52.1156
51.9809
51.8494
51.7212
51.5962
51.4741
51.3547
51.2377
51.1212
51.0072
50.8964
50.788
50.6814
50.5758
50.4709
50.3671
50.265
50.1653
50.0679
49.9726
49.879
49.7868
49.6925
49.6043
49.5202
49.4379
49.3619
49.2828
49.2023
49.1226
49.0443
48.9676
48.8919
48.817
48.7426
48.669
48.5963
48.5246
48.4535
48.3827
48.3118
48.2412
48.1714
48.1028
48.0358
47.9701
47.9057
47.8433
47.7843
47.7294
47.6783
47.6398
47.7336
48.7977
71.2828
69.0547
67.3192
65.7944
64.4801
63.3364
62.3321
61.4435
60.6514
59.9409
59.2998
58.7185
58.1891
57.705
57.2603
56.8498
56.4689
56.1135
55.7801
55.4666
55.1713
54.8935
54.6321
54.386
54.154
53.9351
53.7288
53.5351
53.353
53.1805
53.0143
52.8522
52.6933
52.5378
52.3871
52.2415
52.1038
51.9692
51.8371
51.7083
51.5829
51.4605
51.3409
51.2241
51.1062
50.9912
50.8797
50.7709
50.6646
50.5606
50.4581
50.3567
50.2563
50.1572
50.0601
49.9649
49.8716
49.7803
49.6887
49.6008
49.5158
49.4327
49.3552
49.2755
49.195
49.1153
49.0369
48.9601
48.8845
48.8097
48.7357
48.6622
48.5895
48.5178
48.447
48.3767
48.3067
48.2371
48.1678
48.0993
48.0315
47.9645
47.8986
47.8347
47.774
47.7174
47.6644
47.6247
47.7179
48.7827
71.2819
69.0537
67.3182
65.7935
64.4793
63.3356
62.3315
61.4429
60.6509
59.9405
59.2996
58.7186
58.1895
57.7055
57.2609
56.8503
56.4692
56.1137
55.7804
55.4674
55.1731
54.8964
54.6363
54.3914
54.1604
53.9423
53.7367
53.5432
53.3602
53.1853
53.016
52.8506
52.6893
52.5328
52.3819
52.2361
52.0981
51.9632
51.8307
51.7015
51.5757
51.453
51.3332
51.2163
51.0981
50.9828
50.8709
50.7618
50.6556
50.5522
50.4511
50.3513
50.2522
50.154
50.0573
49.9625
49.8695
49.7784
49.6879
49.5996
49.5136
49.4295
49.3496
49.2692
49.1887
49.1091
49.0308
48.9539
48.8783
48.8038
48.7299
48.6566
48.584
48.5122
48.4414
48.3715
48.3024
48.2339
48.1658
48.098
48.0304
47.9631
47.8967
47.832
47.7702
47.712
47.657
47.6154
47.7076
48.7717
71.2808
69.0526
67.3171
65.7924
64.4783
63.3347
62.3307
61.4422
60.6503
59.9401
59.2995
58.7188
58.1899
57.7061
57.2614
56.8508
56.4697
56.1141
55.7813
55.469
55.1759
54.9006
54.6418
54.3979
54.1677
53.9503
53.745
53.5509
53.3664
53.1891
53.0171
52.8497
52.6873
52.5306
52.3798
52.234
52.0952
51.9598
51.8269
51.6975
51.5714
51.4485
51.3284
51.2112
51.0934
50.9782
50.8664
50.7572
50.651
50.5478
50.4471
50.348
50.2497
50.1523
50.0563
49.962
49.8694
49.7784
49.6886
49.6
49.5133
49.4285
49.3466
49.2656
49.185
49.1054
49.0271
48.9502
48.8746
48.8002
48.7265
48.6533
48.5806
48.5086
48.4376
48.3678
48.2992
48.2315
48.1643
48.0973
48.0303
47.9633
47.8969
47.832
47.7696
47.71
47.653
47.6091
47.6998
48.7626
71.2797
69.0514
67.3159
65.7913
64.4772
63.3337
62.3297
61.4414
60.6497
59.9397
59.2994
58.7189
58.1901
57.7064
57.2618
56.8511
56.47
56.1147
55.7825
55.4712
55.1793
54.9053
54.6476
54.4045
54.1748
53.9577
53.7523
53.5573
53.3709
53.1914
53.0175
52.849
52.6863
52.5298
52.3791
52.2332
52.0935
51.9573
51.8242
51.6946
51.5683
51.4452
51.3248
51.2073
51.0901
50.9754
50.8638
50.7548
50.6486
50.5452
50.4443
50.3452
50.2472
50.1504
50.055
49.9612
49.869
49.7783
49.6889
49.6004
49.5135
49.4282
49.3452
49.2634
49.1827
49.1031
49.0249
48.948
48.8725
48.7982
48.7246
48.6516
48.579
48.5069
48.4358
48.366
48.2976
48.2303
48.1638
48.0975
48.0311
47.9647
47.8988
47.8342
47.7717
47.7112
47.6523
47.6059
47.695
48.756
71.2785
69.0501
67.3146
65.79
64.476
63.3326
62.3289
61.4407
60.6493
59.9395
59.2994
58.7192
58.1906
57.707
57.2624
56.8519
56.4709
56.1161
55.7847
55.4745
55.1839
54.9111
54.6542
54.4117
54.1824
53.9653
53.7594
53.5633
53.3753
53.1941
53.0191
52.8503
52.6878
52.5315
52.3809
52.235
52.0944
51.9578
51.8245
51.6948
51.5685
51.4452
51.3247
51.2069
51.0904
50.9763
50.8651
50.7565
50.6505
50.547
50.4457
50.3462
50.2483
50.1519
50.057
49.9637
49.8719
49.7816
49.6926
49.6046
49.5178
49.4325
49.3489
49.2668
49.186
49.1064
49.0283
48.9515
48.876
48.8017
48.7283
48.6555
48.5831
48.5112
48.4402
48.3704
48.3022
48.2352
48.1691
48.1033
48.0374
47.9716
47.9063
47.8422
47.7799
47.7189
47.6587
47.6098
47.697
48.7565
71.2771
69.0484
67.3128
65.7882
64.4742
63.3309
62.3272
61.4392
60.6479
59.9384
59.2984
58.7184
58.19
57.7064
57.262
56.8515
56.4709
56.1167
55.7862
55.4771
55.1875
54.9155
54.6592
54.4171
54.1879
53.9707
53.7641
53.5669
53.3777
53.1955
53.0202
52.8515
52.6894
52.5333
52.3827
52.2369
52.0957
51.9587
51.8254
51.6957
51.5694
51.4462
51.3257
51.2078
51.092
50.9786
50.868
50.7599
50.6542
50.5507
50.4492
50.3495
50.2517
50.1555
50.0611
49.9684
49.8772
49.7875
49.6991
49.6119
49.526
49.4413
49.3579
49.2761
49.1957
49.1167
49.0391
48.9629
48.888
48.8143
48.7415
48.6695
48.598
48.5271
48.4572
48.3885
48.3215
48.2558
48.1911
48.1268
48.0626
47.9987
47.9354
47.8733
47.8127
47.7531
47.6931
47.6425
47.727
48.7826
71.2749
69.0456
67.3095
65.7845
64.4703
63.3269
62.3232
61.4352
60.644
59.9346
59.2949
58.715
58.1868
57.7035
57.2593
56.8492
56.4692
56.1158
55.7863
55.4783
55.1897
54.9185
54.6627
54.4209
54.1919
53.9745
53.7675
53.5697
53.3799
53.1977
53.0226
52.8545
52.693
52.5373
52.387
52.2414
52.1002
51.9632
51.8302
51.7009
51.5749
51.452
51.3319
51.2144
51.0995
50.9872
50.8774
50.7702
50.6652
50.5622
50.4611
50.3618
50.2645
50.1691
50.0756
49.9838
49.8936
49.805
49.7179
49.6321
49.5475
49.4643
49.3822
49.3016
49.2226
49.145
49.0689
48.9942
48.9208
48.8486
48.7774
48.707
48.6373
48.5683
48.5004
48.4339
48.3688
48.3052
48.2426
48.1807
48.1193
48.0584
47.9986
47.9401
47.8831
47.8268
47.7693
47.7179
47.7958
48.8406
71.2736
69.0462
67.3117
65.7882
64.4757
63.3339
62.332
61.4458
60.6564
59.9488
59.3109
58.7329
58.2066
57.7251
57.2827
56.8746
56.4967
56.1456
55.8184
55.5127
55.2262
54.9568
54.7028
54.4625
54.2349
54.0187
53.8127
53.6158
53.4272
53.2464
53.0731
52.9068
52.7469
52.5928
52.4438
52.2997
52.1598
52.0241
51.8926
51.7647
51.6402
51.5187
51.4
51.284
51.1709
51.0605
50.9525
50.8469
50.7435
50.6421
50.5424
50.4446
50.3489
50.2551
50.1633
50.0732
49.9849
49.8982
49.8131
49.7295
49.6472
49.5662
49.4864
49.408
49.3313
49.256
49.1823
49.11
49.039
48.9691
48.9003
48.8323
48.7652
48.699
48.6339
48.5701
48.5076
48.4465
48.3864
48.3271
48.2685
48.2107
48.1542
48.0991
48.0457
47.9933
47.9395
47.8872
47.9485
48.9509
71.3168
69.1386
67.4444
65.9575
64.6781
63.5669
62.5933
61.7335
60.9689
60.2847
59.669
59.1121
58.6058
58.1436
57.7198
57.3297
56.9693
56.6352
56.3245
56.0347
55.7634
55.5086
55.2688
55.0423
54.8279
54.6246
54.4312
54.2469
54.071
53.9029
53.7421
53.5879
53.4397
53.297
53.1593
53.0263
52.8973
52.7725
52.6516
52.5342
52.4199
52.3087
52.2002
52.0943
51.9913
51.8908
51.7926
51.6965
51.6025
51.5103
51.4199
51.3313
51.2446
51.1597
51.0766
50.9952
50.9155
50.8373
50.7607
50.6856
50.6119
50.5395
50.4682
50.3983
50.3298
50.2626
50.1968
50.1323
50.069
50.0068
49.9455
49.8852
49.8259
49.7675
49.7102
49.654
49.5989
49.5445
49.4909
49.4379
49.3855
49.3339
49.2833
49.2336
49.1848
49.136
49.0856
49.0332
49.0609
49.8548
)
;
        valueFraction   nonuniform List<scalar> 
990
(
0.185375
0.175274
0.167264
0.160733
0.155302
0.150718
0.146803
0.143426
0.140487
0.13791
0.135635
0.133614
0.131811
0.130193
0.128735
0.127416
0.126218
0.125128
0.124132
0.123219
0.122381
0.121609
0.120897
0.120238
0.119628
0.119061
0.118533
0.118041
0.117582
0.117152
0.116749
0.116371
0.116017
0.115683
0.115366
0.115066
0.114781
0.114509
0.114248
0.113997
0.113756
0.113522
0.113295
0.113075
0.11286
0.112649
0.112443
0.112241
0.112044
0.11185
0.11166
0.111475
0.111293
0.111115
0.110942
0.110772
0.110608
0.110447
0.110289
0.110136
0.109988
0.109844
0.109703
0.109565
0.109429
0.109295
0.109163
0.109033
0.108903
0.108774
0.108646
0.108519
0.108392
0.108266
0.108141
0.108016
0.107892
0.107767
0.107643
0.107518
0.107392
0.107264
0.107133
0.106997
0.106855
0.106703
0.106535
0.106332
0.106088
0.105546
0.185375
0.175274
0.167264
0.160734
0.155303
0.150719
0.146804
0.143427
0.140489
0.137912
0.135637
0.133618
0.131814
0.130197
0.128739
0.127421
0.126224
0.125134
0.124138
0.123225
0.122387
0.121615
0.120902
0.120242
0.119631
0.119062
0.118533
0.118039
0.117578
0.117145
0.11674
0.116359
0.116001
0.115663
0.115343
0.11504
0.114751
0.114475
0.114211
0.113958
0.113714
0.113478
0.113249
0.113027
0.112811
0.1126
0.112394
0.112192
0.111995
0.111801
0.111612
0.111428
0.111247
0.11107
0.110897
0.110729
0.110565
0.110405
0.110248
0.110096
0.109948
0.109802
0.10966
0.109521
0.109384
0.10925
0.109117
0.108985
0.108855
0.108727
0.108599
0.108472
0.108346
0.108221
0.108096
0.107972
0.107848
0.107725
0.107602
0.107478
0.107353
0.107226
0.107096
0.106961
0.10682
0.106669
0.106501
0.106299
0.106055
0.105514
0.185375
0.175274
0.167264
0.160734
0.155303
0.15072
0.146805
0.143429
0.14049
0.137914
0.13564
0.13362
0.131818
0.1302
0.128743
0.127425
0.126229
0.125139
0.124143
0.12323
0.122392
0.121619
0.120906
0.120246
0.119633
0.119063
0.118533
0.118037
0.117574
0.117139
0.116732
0.116349
0.115988
0.115647
0.115324
0.115018
0.114726
0.114447
0.114181
0.113925
0.113678
0.11344
0.11321
0.112986
0.112769
0.112558
0.112351
0.112149
0.111952
0.111759
0.11157
0.111386
0.111206
0.111029
0.110857
0.110689
0.110525
0.110365
0.110209
0.110056
0.109907
0.109761
0.109618
0.109477
0.10934
0.109204
0.109071
0.108939
0.108808
0.108679
0.108551
0.108424
0.108298
0.108173
0.108049
0.107925
0.107802
0.107679
0.107556
0.107432
0.107308
0.107181
0.107052
0.106918
0.106778
0.106626
0.106459
0.106258
0.106014
0.105472
0.185375
0.175274
0.167264
0.160734
0.155303
0.15072
0.146806
0.14343
0.140492
0.137916
0.135642
0.133623
0.13182
0.130203
0.128747
0.127429
0.126233
0.125143
0.124147
0.123234
0.122396
0.121623
0.120909
0.120247
0.119634
0.119063
0.118531
0.118034
0.117569
0.117133
0.116723
0.116338
0.115975
0.115632
0.115307
0.114998
0.114703
0.114422
0.114153
0.113895
0.113646
0.113406
0.113174
0.112949
0.112731
0.112519
0.112312
0.11211
0.111913
0.11172
0.111531
0.111347
0.111167
0.110991
0.110819
0.110651
0.110487
0.110327
0.11017
0.110018
0.109868
0.109721
0.109578
0.109437
0.109298
0.109162
0.109028
0.108895
0.108765
0.108635
0.108507
0.108381
0.108255
0.10813
0.108006
0.107883
0.107761
0.107638
0.107516
0.107393
0.107269
0.107144
0.107015
0.106882
0.106742
0.106592
0.106426
0.106225
0.105981
0.10544
0.185375
0.175275
0.167264
0.160734
0.155304
0.150721
0.146807
0.143431
0.140493
0.137918
0.135644
0.133625
0.131823
0.130207
0.12875
0.127433
0.126237
0.125147
0.124151
0.123239
0.1224
0.121626
0.120912
0.12025
0.119635
0.119064
0.118531
0.118032
0.117566
0.117128
0.116717
0.11633
0.115965
0.11562
0.115292
0.114981
0.114684
0.114401
0.11413
0.11387
0.113619
0.113377
0.113144
0.112918
0.112699
0.112485
0.112278
0.112075
0.111878
0.111685
0.111496
0.111312
0.111132
0.110956
0.110784
0.110616
0.110452
0.110291
0.110135
0.109981
0.109831
0.109684
0.10954
0.109398
0.109259
0.109122
0.108988
0.108855
0.108723
0.108594
0.108466
0.108339
0.108213
0.108089
0.107965
0.107842
0.10772
0.107598
0.107475
0.107353
0.10723
0.107104
0.106977
0.106844
0.106705
0.106555
0.106389
0.106189
0.105947
0.105406
0.185375
0.175275
0.167265
0.160734
0.155304
0.150721
0.146808
0.143432
0.140494
0.137919
0.135646
0.133627
0.131825
0.130209
0.128753
0.127436
0.12624
0.12515
0.124154
0.123241
0.122402
0.121628
0.120913
0.120251
0.119635
0.119063
0.118529
0.118029
0.117562
0.117123
0.11671
0.116322
0.115955
0.115608
0.115278
0.114965
0.114666
0.114381
0.114108
0.113846
0.113593
0.11335
0.113115
0.112888
0.112668
0.112453
0.112245
0.112042
0.111844
0.111651
0.111462
0.111278
0.111098
0.110922
0.11075
0.110582
0.110417
0.110257
0.110099
0.109946
0.109795
0.109647
0.109503
0.10936
0.109221
0.109084
0.108948
0.108815
0.108684
0.108554
0.108425
0.108299
0.108173
0.108048
0.107925
0.107802
0.10768
0.107558
0.107436
0.107314
0.107191
0.107066
0.106939
0.106807
0.106668
0.106519
0.106354
0.106154
0.105912
0.105371
0.185375
0.175275
0.167265
0.160735
0.155305
0.150722
0.146809
0.143433
0.140496
0.137921
0.135648
0.13363
0.131829
0.130213
0.128757
0.12744
0.126244
0.125155
0.124159
0.123246
0.122406
0.121632
0.120917
0.120254
0.119638
0.119065
0.11853
0.118029
0.117561
0.117121
0.116707
0.116317
0.115948
0.115599
0.115268
0.114953
0.114653
0.114365
0.114091
0.113827
0.113573
0.113328
0.113092
0.112863
0.112642
0.112427
0.112218
0.112014
0.111815
0.111622
0.111433
0.111248
0.111068
0.110891
0.110719
0.110551
0.110386
0.110225
0.110067
0.109913
0.109762
0.109614
0.109469
0.109326
0.109186
0.109048
0.108912
0.108778
0.108646
0.108516
0.108388
0.108261
0.108135
0.10801
0.107887
0.107764
0.107642
0.10752
0.107399
0.107277
0.107154
0.107029
0.106902
0.106771
0.106633
0.106485
0.106321
0.106123
0.105882
0.105343
0.185376
0.175275
0.167265
0.160735
0.155305
0.150723
0.146809
0.143434
0.140497
0.137922
0.135649
0.133632
0.13183
0.130214
0.128759
0.127442
0.126246
0.125157
0.124161
0.123247
0.122408
0.121633
0.120917
0.120254
0.119637
0.119063
0.118528
0.118027
0.117557
0.117116
0.116701
0.11631
0.11594
0.11559
0.115257
0.11494
0.114638
0.11435
0.114073
0.113808
0.113553
0.113307
0.11307
0.11284
0.112618
0.112402
0.112192
0.111988
0.111789
0.111595
0.111406
0.111221
0.111041
0.110865
0.110693
0.110524
0.11036
0.110199
0.110041
0.109887
0.109736
0.109588
0.109443
0.1093
0.10916
0.109023
0.108888
0.108754
0.108623
0.108494
0.108366
0.10824
0.108116
0.107993
0.107871
0.10775
0.10763
0.10751
0.107391
0.107271
0.107151
0.10703
0.106906
0.106778
0.106643
0.106499
0.10634
0.106147
0.105912
0.10538
0.185376
0.175275
0.167266
0.160736
0.155306
0.150724
0.146811
0.143436
0.1405
0.137925
0.135653
0.133635
0.131834
0.130219
0.128763
0.127447
0.126251
0.125162
0.124166
0.123253
0.122413
0.121638
0.120922
0.120258
0.119641
0.119067
0.118531
0.118029
0.117559
0.117117
0.116701
0.116309
0.115937
0.115586
0.115252
0.114934
0.11463
0.114341
0.114063
0.113797
0.11354
0.113294
0.113055
0.112825
0.112602
0.112385
0.112175
0.111971
0.111772
0.111578
0.111389
0.111204
0.111025
0.110849
0.110677
0.11051
0.110346
0.110186
0.110029
0.109876
0.109726
0.109579
0.109435
0.109294
0.109155
0.10902
0.108886
0.108755
0.108626
0.108499
0.108374
0.108251
0.10813
0.10801
0.107891
0.107774
0.107658
0.107543
0.107428
0.107313
0.107198
0.107082
0.106964
0.106842
0.106715
0.106578
0.106427
0.106244
0.10602
0.105504
0.185376
0.175275
0.167265
0.160735
0.155305
0.150723
0.14681
0.143434
0.140497
0.137923
0.13565
0.133633
0.131831
0.130216
0.12876
0.127443
0.126247
0.125158
0.124162
0.123248
0.122408
0.121633
0.120916
0.120252
0.119635
0.119059
0.118523
0.11802
0.117549
0.117107
0.11669
0.116296
0.115924
0.115571
0.115236
0.114917
0.114613
0.114322
0.114044
0.113776
0.113519
0.113272
0.113033
0.112802
0.112578
0.112361
0.11215
0.111945
0.111746
0.111552
0.111363
0.111179
0.110999
0.110824
0.110653
0.110486
0.110322
0.110163
0.110007
0.109854
0.109705
0.109559
0.109417
0.109277
0.10914
0.109005
0.108874
0.108744
0.108617
0.108493
0.10837
0.10825
0.108131
0.108014
0.107899
0.107785
0.107673
0.107561
0.10745
0.10734
0.107229
0.107118
0.107005
0.106888
0.106766
0.106635
0.106491
0.106315
0.106101
0.105599
0.185374
0.175272
0.16726
0.160728
0.155297
0.150712
0.146798
0.143421
0.140482
0.137906
0.135632
0.133613
0.13181
0.130193
0.128736
0.127418
0.12622
0.125129
0.124131
0.123216
0.122374
0.121598
0.120879
0.120213
0.119594
0.119017
0.118478
0.117974
0.1175
0.117055
0.116636
0.11624
0.115865
0.115509
0.115171
0.11485
0.114542
0.114249
0.113967
0.113697
0.113437
0.113187
0.112945
0.112711
0.112485
0.112266
0.112053
0.111846
0.111645
0.111449
0.111258
0.111072
0.110891
0.110714
0.110542
0.110374
0.110209
0.110049
0.109892
0.109738
0.109588
0.109442
0.109298
0.109158
0.10902
0.108885
0.108753
0.108623
0.108496
0.108371
0.108248
0.108128
0.108009
0.107893
0.107778
0.107665
0.107553
0.107442
0.107332
0.107222
0.107113
0.107002
0.10689
0.106775
0.106655
0.106526
0.106384
0.106212
0.106004
0.105519
)
;
        value           nonuniform List<scalar> 
990
(
323.365
323.853
324.308
324.691
325.02
325.305
325.556
325.777
325.975
326.151
326.311
326.455
326.587
326.708
326.819
326.922
327.018
327.106
327.187
327.263
327.333
327.399
327.461
327.52
327.576
327.63
327.682
327.733
327.782
327.831
327.879
327.922
327.959
327.997
328.034
328.071
328.106
328.14
328.174
328.207
328.239
328.271
328.302
328.332
328.363
328.393
328.422
328.45
328.478
328.504
328.529
328.554
328.578
328.603
328.628
328.653
328.678
328.705
328.737
328.764
328.789
328.812
328.836
328.858
328.88
328.901
328.921
328.942
328.962
328.982
329.001
329.021
329.04
329.059
329.078
329.096
329.115
329.133
329.151
329.169
329.189
329.209
329.23
329.253
329.277
329.303
329.336
329.383
329.495
329.867
323.365
323.853
324.308
324.691
325.02
325.305
325.556
325.777
325.975
326.151
326.311
326.455
326.587
326.708
326.819
326.922
327.017
327.106
327.187
327.263
327.333
327.399
327.462
327.521
327.578
327.632
327.685
327.736
327.786
327.835
327.882
327.927
327.968
328.007
328.045
328.082
328.118
328.153
328.187
328.221
328.253
328.285
328.316
328.347
328.376
328.405
328.434
328.463
328.491
328.518
328.544
328.57
328.595
328.619
328.644
328.669
328.693
328.718
328.743
328.767
328.791
328.814
328.838
328.861
328.883
328.904
328.924
328.945
328.965
328.985
329.005
329.025
329.044
329.063
329.082
329.101
329.119
329.137
329.155
329.174
329.193
329.212
329.233
329.255
329.278
329.305
329.337
329.385
329.496
329.869
323.365
323.853
324.308
324.691
325.02
325.305
325.556
325.777
325.975
326.151
326.311
326.455
326.587
326.708
326.82
326.922
327.017
327.105
327.187
327.263
327.333
327.4
327.463
327.523
327.58
327.635
327.688
327.739
327.79
327.839
327.885
327.93
327.971
328.01
328.048
328.085
328.122
328.158
328.192
328.225
328.258
328.29
328.321
328.352
328.381
328.41
328.439
328.467
328.495
328.523
328.55
328.576
328.602
328.627
328.652
328.676
328.7
328.724
328.748
328.771
328.794
328.818
328.842
328.864
328.886
328.907
328.928
328.948
328.969
328.989
329.009
329.029
329.048
329.068
329.087
329.106
329.124
329.143
329.161
329.18
329.198
329.218
329.238
329.259
329.282
329.308
329.339
329.387
329.499
329.872
323.365
323.853
324.308
324.691
325.02
325.305
325.556
325.777
325.975
326.151
326.311
326.455
326.587
326.708
326.82
326.922
327.017
327.105
327.187
327.263
327.334
327.401
327.464
327.524
327.582
327.637
327.691
327.743
327.793
327.842
327.888
327.931
327.972
328.012
328.05
328.087
328.124
328.16
328.195
328.228
328.261
328.293
328.325
328.355
328.385
328.413
328.442
328.47
328.498
328.526
328.554
328.581
328.607
328.632
328.657
328.681
328.706
328.73
328.753
328.776
328.799
328.822
328.845
328.868
328.889
328.91
328.931
328.952
328.973
328.993
329.013
329.033
329.052
329.072
329.091
329.11
329.129
329.148
329.167
329.185
329.204
329.223
329.242
329.263
329.286
329.311
329.342
329.389
329.501
329.874
323.365
323.852
324.308
324.69
325.019
325.305
325.556
325.777
325.975
326.151
326.311
326.455
326.587
326.708
326.82
326.922
327.017
327.105
327.187
327.263
327.334
327.402
327.466
327.527
327.585
327.64
327.694
327.746
327.796
327.844
327.889
327.932
327.974
328.013
328.052
328.089
328.126
328.162
328.197
328.23
328.263
328.296
328.327
328.358
328.387
328.416
328.445
328.473
328.501
328.529
328.557
328.584
328.61
328.636
328.661
328.686
328.71
328.734
328.757
328.78
328.803
328.826
328.849
328.871
328.893
328.914
328.935
328.956
328.977
328.997
329.017
329.037
329.057
329.076
329.095
329.115
329.134
329.153
329.172
329.191
329.21
329.229
329.248
329.269
329.291
329.316
329.346
329.393
329.504
329.877
323.365
323.852
324.308
324.69
325.019
325.305
325.556
325.777
325.974
326.151
326.311
326.455
326.587
326.708
326.82
326.922
327.017
327.105
327.187
327.263
327.335
327.403
327.468
327.529
327.587
327.643
327.697
327.749
327.798
327.846
327.891
327.934
327.975
328.015
328.053
328.091
328.128
328.164
328.199
328.233
328.266
328.298
328.329
328.36
328.39
328.419
328.448
328.476
328.504
328.532
328.56
328.587
328.614
328.64
328.665
328.69
328.714
328.739
328.762
328.785
328.808
328.831
328.853
328.875
328.897
328.918
328.94
328.96
328.981
329.002
329.022
329.042
329.062
329.081
329.1
329.12
329.139
329.159
329.178
329.197
329.217
329.236
329.255
329.276
329.298
329.323
329.352
329.398
329.509
329.882
323.364
323.852
324.307
324.69
325.019
325.305
325.555
325.777
325.974
326.151
326.31
326.455
326.587
326.708
326.819
326.922
327.017
327.105
327.187
327.264
327.336
327.405
327.469
327.531
327.59
327.646
327.699
327.751
327.8
327.847
327.892
327.935
327.976
328.016
328.055
328.093
328.13
328.166
328.201
328.235
328.268
328.301
328.332
328.363
328.393
328.422
328.451
328.48
328.508
328.536
328.564
328.591
328.618
328.644
328.669
328.694
328.719
328.743
328.767
328.79
328.813
328.836
328.858
328.88
328.902
328.924
328.945
328.966
328.987
329.008
329.028
329.048
329.068
329.087
329.107
329.126
329.146
329.165
329.185
329.204
329.224
329.243
329.263
329.284
329.306
329.331
329.36
329.405
329.515
329.887
323.364
323.852
324.307
324.69
325.019
325.304
325.555
325.777
325.974
326.151
326.31
326.455
326.587
326.708
326.819
326.922
327.017
327.106
327.188
327.265
327.338
327.407
327.472
327.534
327.592
327.648
327.702
327.753
327.802
327.849
327.894
327.937
327.979
328.019
328.059
328.097
328.134
328.17
328.205
328.239
328.272
328.305
328.337
328.368
328.398
328.428
328.457
328.486
328.514
328.542
328.57
328.597
328.624
328.65
328.676
328.701
328.726
328.75
328.774
328.798
328.821
328.843
328.866
328.888
328.91
328.931
328.953
328.974
328.995
329.016
329.036
329.056
329.076
329.095
329.115
329.134
329.153
329.173
329.192
329.212
329.231
329.251
329.271
329.291
329.313
329.338
329.366
329.41
329.517
329.886
323.364
323.851
324.307
324.689
325.018
325.304
325.555
325.777
325.974
326.151
326.311
326.456
326.588
326.709
326.821
326.924
327.019
327.108
327.191
327.269
327.342
327.411
327.476
327.538
327.597
327.654
327.707
327.759
327.808
327.855
327.9
327.943
327.986
328.026
328.066
328.104
328.142
328.178
328.213
328.248
328.281
328.314
328.346
328.378
328.409
328.439
328.468
328.497
328.526
328.554
328.582
328.609
328.636
328.662
328.688
328.714
328.739
328.763
328.788
328.811
328.835
328.857
328.88
328.902
328.924
328.946
328.967
328.988
329.009
329.03
329.05
329.071
329.09
329.11
329.129
329.148
329.167
329.186
329.206
329.225
329.244
329.264
329.283
329.304
329.326
329.349
329.377
329.418
329.521
329.883
323.364
323.852
324.309
324.692
325.022
325.309
325.561
325.784
325.983
326.161
326.322
326.468
326.601
326.723
326.836
326.94
327.037
327.127
327.211
327.29
327.365
327.435
327.501
327.564
327.624
327.682
327.736
327.789
327.839
327.887
327.933
327.978
328.021
328.063
328.103
328.143
328.181
328.218
328.255
328.29
328.325
328.359
328.392
328.424
328.456
328.487
328.518
328.548
328.578
328.607
328.635
328.663
328.691
328.718
328.745
328.771
328.797
328.822
328.847
328.872
328.896
328.92
328.943
328.966
328.989
329.011
329.033
329.055
329.076
329.098
329.119
329.139
329.159
329.179
329.199
329.219
329.238
329.258
329.278
329.297
329.316
329.336
329.356
329.377
329.399
329.423
329.45
329.489
329.584
329.931
323.372
323.869
324.334
324.726
325.064
325.359
325.618
325.848
326.054
326.239
326.406
326.559
326.698
326.827
326.945
327.055
327.157
327.253
327.342
327.427
327.506
327.581
327.653
327.721
327.785
327.847
327.906
327.963
328.017
328.07
328.12
328.169
328.217
328.263
328.308
328.351
328.394
328.435
328.475
328.515
328.554
328.591
328.628
328.664
328.7
328.735
328.769
328.803
328.836
328.869
328.901
328.932
328.963
328.994
329.024
329.053
329.082
329.111
329.139
329.167
329.194
329.221
329.247
329.273
329.299
329.324
329.349
329.374
329.399
329.423
329.446
329.47
329.493
329.515
329.538
329.56
329.582
329.604
329.626
329.647
329.669
329.691
329.713
329.735
329.759
329.784
329.813
329.851
329.934
330.23
)
;
        Tnbr            T;
        qrNbr           qr;
        qr              none;
        thermalInertia  false;
        thicknessLayers List<scalar> 0();
        kappaLayers     List<scalar> 0();
        kappaMethod     solidThermo;
        kappa           none;
        alphaAni        none;
        alpha           none;
    }
    asphalt_to_concrete
    {
        type            compressible::turbulentTemperatureRadCoupledMixed;
        refValue        nonuniform List<scalar> 
52
(
325.702
325.724
325.756
325.789
325.82
325.851
325.882
325.912
325.942
325.971
325.999
326.027
326.056
326.085
326.112
326.138
326.163
326.186
326.208
326.23
326.253
326.276
326.299
326.323
326.349
326.389
327.241
327.271
327.306
327.341
327.374
327.407
327.439
327.472
327.503
327.534
327.564
327.594
327.624
327.655
327.683
327.711
327.737
327.762
327.786
327.809
327.832
327.857
327.881
327.906
327.933
327.969
)
;
        refGradient     uniform 0;
        valueFraction   nonuniform List<scalar> 
52
(
0.470588
0.470588
0.470588
0.470588
0.470588
0.470588
0.470588
0.470588
0.470588
0.470588
0.470588
0.470588
0.470588
0.470588
0.470588
0.470588
0.470588
0.470588
0.470588
0.470588
0.470588
0.470588
0.470588
0.470588
0.470588
0.470588
0.470588
0.470588
0.470588
0.470588
0.470588
0.470588
0.470588
0.470588
0.470588
0.470588
0.470588
0.470588
0.470588
0.470588
0.470588
0.470588
0.470588
0.470588
0.470588
0.470588
0.470588
0.470588
0.470588
0.470588
0.470588
0.470588
)
;
        value           nonuniform List<scalar> 
52
(
325.781
325.809
325.842
325.875
325.907
325.938
325.969
326
326.03
326.059
326.087
326.115
326.144
326.172
326.199
326.226
326.251
326.274
326.297
326.319
326.342
326.365
326.388
326.412
326.437
326.47
327.249
327.282
327.318
327.353
327.387
327.42
327.453
327.485
327.517
327.547
327.578
327.607
327.637
327.667
327.696
327.723
327.75
327.775
327.799
327.823
327.847
327.871
327.895
327.92
327.945
327.977
)
;
        Tnbr            T;
        qrNbr           none;
        qr              none;
        thermalInertia  false;
        thicknessLayers List<scalar> 0();
        kappaLayers     List<scalar> 0();
        kappaMethod     solidThermo;
        kappa           none;
        alphaAni        none;
        alpha           none;
    }
    asphalt_to_soil2
    {
        type            compressible::turbulentTemperatureRadCoupledMixed;
        refValue        nonuniform List<scalar> 
128
(
321.648
322.067
322.48
322.834
323.139
323.404
323.636
323.842
324.024
324.188
324.336
324.47
324.592
324.704
324.807
324.902
324.99
325.072
325.148
325.218
325.283
325.344
325.401
325.455
325.507
325.556
325.604
325.65
325.695
325.739
325.781
325.808
326.566
326.605
326.631
326.653
326.674
326.694
326.714
326.734
326.753
326.771
326.79
326.808
326.826
326.844
326.862
326.88
326.897
326.915
326.932
326.949
326.966
326.984
327.002
327.021
327.041
327.062
327.085
327.111
327.142
327.191
327.301
327.609
322.794
323.257
323.699
324.072
324.393
324.672
324.916
325.132
325.325
325.497
325.652
325.793
325.922
326.04
326.148
326.249
326.342
326.428
326.508
326.582
326.65
326.714
326.775
326.832
326.886
326.938
326.988
327.037
327.085
327.132
327.176
327.211
328.01
328.045
328.071
328.094
328.115
328.137
328.158
328.178
328.198
328.218
328.237
328.256
328.275
328.294
328.313
328.331
328.35
328.368
328.386
328.403
328.421
328.44
328.459
328.479
328.501
328.523
328.547
328.573
328.605
328.653
328.764
329.114
)
;
        refGradient     uniform 0;
        valueFraction   nonuniform List<scalar> 
128
(
0.5
0.5
0.5
0.5
0.5
0.5
0.5
0.5
0.5
0.5
0.5
0.5
0.5
0.5
0.5
0.5
0.5
0.5
0.5
0.5
0.5
0.5
0.5
0.5
0.5
0.5
0.5
0.5
0.5
0.5
0.5
0.5
0.5
0.5
0.5
0.5
0.5
0.5
0.5
0.5
0.5
0.5
0.5
0.5
0.5
0.5
0.5
0.5
0.5
0.5
0.5
0.5
0.5
0.5
0.5
0.5
0.5
0.5
0.5
0.5
0.5
0.5
0.5
0.5
0.5
0.5
0.5
0.5
0.5
0.5
0.5
0.5
0.5
0.5
0.5
0.5
0.5
0.5
0.5
0.5
0.5
0.5
0.5
0.5
0.5
0.5
0.5
0.5
0.5
0.5
0.5
0.5
0.5
0.5
0.5
0.5
0.5
0.5
0.5
0.5
0.5
0.5
0.5
0.5
0.5
0.5
0.5
0.5
0.5
0.5
0.5
0.5
0.5
0.5
0.5
0.5
0.5
0.5
0.5
0.5
0.5
0.5
0.5
0.5
0.5
0.5
0.5
0.5
)
;
        value           nonuniform List<scalar> 
128
(
321.648
322.067
322.48
322.834
323.139
323.404
323.636
323.842
324.024
324.188
324.336
324.47
324.592
324.704
324.807
324.902
324.99
325.072
325.148
325.218
325.283
325.344
325.401
325.455
325.507
325.557
325.604
325.651
325.696
325.741
325.783
325.816
326.573
326.606
326.63
326.653
326.674
326.695
326.715
326.734
326.753
326.772
326.791
326.809
326.827
326.845
326.863
326.881
326.898
326.916
326.933
326.95
326.967
326.984
327.003
327.022
327.042
327.063
327.085
327.111
327.142
327.191
327.301
327.61
322.794
323.257
323.699
324.072
324.393
324.671
324.916
325.132
325.324
325.497
325.652
325.793
325.922
326.04
326.148
326.249
326.342
326.428
326.508
326.581
326.65
326.714
326.775
326.832
326.886
326.939
326.989
327.038
327.086
327.133
327.179
327.217
328.014
328.044
328.07
328.093
328.115
328.137
328.158
328.178
328.198
328.218
328.238
328.257
328.276
328.295
328.313
328.332
328.351
328.369
328.386
328.404
328.422
328.44
328.46
328.48
328.501
328.523
328.547
328.573
328.605
328.653
328.764
329.114
)
;
        Tnbr            T;
        qrNbr           none;
        qr              none;
        thermalInertia  false;
        thicknessLayers List<scalar> 0();
        kappaLayers     List<scalar> 0();
        kappaMethod     solidThermo;
        kappa           none;
        alphaAni        none;
        alpha           none;
    }
}


// ************************************************************************* //
