/*--------------------------------*- C++ -*----------------------------------*\
| =========                 |                                                 |
| \\      /  F ield         | OpenFOAM: The Open Source CFD Toolbox           |
|  \\    /   O peration     | Version:  v2012                                 |
|   \\  /    A nd           | Website:  www.openfoam.com                      |
|    \\/     M anipulation  |                                                 |
\*---------------------------------------------------------------------------*/
FoamFile
{
    version     2.0;
    format      ascii;
    class       volScalarField;
    location    "250/concrete";
    object      T;
}
// * * * * * * * * * * * * * * * * * * * * * * * * * * * * * * * * * * * * * //

dimensions      [0 0 0 1 0 0 0];


internalField   nonuniform List<scalar> 
1924
(
324.217
324.5
324.837
325
325.188
324.204
311.569
310.336
310.218
311.085
322.219
322.809
322.445
322.185
321.872
321.716
321.696
321.746
321.829
321.932
322.049
322.171
322.288
322.396
322.494
322.594
324.21
324.44
324.709
324.791
325.06
324.14
311.791
310.571
310.514
311.565
323.639
324.406
323.925
323.592
323.159
322.886
322.751
322.691
322.666
322.667
322.687
322.717
322.751
322.787
322.829
322.89
324.054
324.132
324.228
324.257
324.756
323.862
311.319
310.048
310.027
311.251
323.985
324.903
324.173
323.831
323.42
323.168
323.037
322.964
322.896
322.829
322.779
322.759
322.77
322.814
322.889
322.993
323.637
323.544
323.434
323.364
323.432
322.477
311.791
310.65
310.639
311.846
323.594
325.032
324.815
324.494
323.906
323.421
323.061
323.071
323.114
322.995
322.807
322.759
322.788
322.846
322.929
323.024
322.91
322.798
322.586
321.35
303.098
300.281
298.509
298.03
298.036
298.554
300.481
303.531
323.313
324.238
323.756
323.374
323.186
323.136
323.119
323.085
323.039
323.006
322.991
322.997
323.033
323.085
322.122
322.265
322.389
321.105
300.342
297.073
296.165
295.907
295.91
296.182
297.137
300.596
322.847
324.316
323.991
323.639
323.413
323.278
323.182
323.103
323.026
322.966
322.927
322.918
322.937
322.972
321.544
321.959
322.356
321.22
299.815
296.407
295.602
295.396
295.396
295.607
296.437
300.006
322.749
324.297
324.008
323.66
323.406
323.217
323.075
322.97
322.896
322.851
322.832
322.84
322.86
322.891
321.288
321.793
322.312
321.318
299.697
296.248
295.456
295.261
295.26
295.456
296.268
299.868
322.731
324.268
323.99
323.64
323.373
323.18
323.037
322.94
322.88
322.853
322.859
322.88
322.905
322.946
321.095
321.571
322.084
321.165
299.644
296.211
295.426
295.235
295.234
295.426
296.234
299.842
322.734
324.286
324.022
323.708
323.468
323.286
323.147
323.058
323.006
322.994
323.013
323.044
323.087
323.16
321.053
321.386
321.746
320.791
299.608
296.236
295.467
295.278
295.275
295.463
296.266
299.87
322.808
324.428
324.183
323.93
323.696
323.513
323.369
323.274
323.229
323.215
323.235
323.288
323.375
323.498
321.427
321.441
321.452
320.336
299.695
296.446
295.707
295.52
295.508
295.681
296.457
300.011
322.973
324.78
324.624
324.255
323.914
323.703
323.565
323.47
323.413
323.398
323.435
323.536
323.695
323.882
322.114
321.835
321.382
319.977
300.543
297.613
296.939
296.739
296.69
296.81
297.481
300.755
323.036
324.595
324.375
324.071
323.809
323.645
323.546
323.487
323.46
323.475
323.561
323.739
323.992
324.243
322.787
322.437
321.777
320.279
307.724
306.063
305.504
305.168
304.917
304.792
305.036
306.832
321.528
323.054
323.242
323.246
323.246
323.272
323.312
323.357
323.405
323.482
323.638
323.905
324.252
324.551
323.223
322.96
322.364
320.794
308.515
307.076
306.654
306.442
306.316
306.294
306.54
307.953
320.852
322.325
322.683
322.851
322.986
323.119
323.242
323.349
323.442
323.556
323.753
324.072
324.468
324.782
323.462
323.303
322.85
321.31
308.595
307.199
306.841
306.675
306.588
306.588
306.811
308.129
321.015
322.458
322.82
322.997
323.137
323.268
323.39
323.496
323.588
323.7
323.892
324.203
324.589
324.863
323.611
323.512
323.18
321.748
308.729
307.343
307.018
306.877
306.811
306.825
307.04
308.32
321.252
322.644
322.976
323.141
323.275
323.4
323.517
323.622
323.717
323.824
323.993
324.263
324.608
324.866
323.739
323.662
323.407
322.157
310.062
308.785
308.498
308.38
308.329
308.348
308.54
309.71
321.689
322.953
323.244
323.39
323.509
323.618
323.72
323.814
323.902
323.995
324.124
324.32
324.571
324.551
323.857
323.795
323.61
322.66
313.336
312.339
312.12
312.035
312
312.015
312.164
313.076
322.338
323.325
323.553
323.67
323.767
323.856
323.94
324.021
324.101
324.181
324.271
324.382
324.485
323.997
323.956
323.913
323.801
323.232
317.822
317.219
317.089
317.045
317.029
317.042
317.139
317.699
323.098
323.711
323.865
323.95
324.023
324.092
324.158
324.223
324.292
324.361
324.425
324.469
324.411
323.429
324.035
324.011
323.964
323.739
321.854
321.614
321.565
321.556
321.559
321.572
321.625
321.863
323.769
324.04
324.126
324.183
324.235
324.286
324.336
324.388
324.444
324.504
324.557
324.569
324.4
323.083
324.101
324.093
324.09
324.078
324.247
324.232
324.237
324.252
324.267
324.282
324.305
324.344
324.211
324.269
324.312
324.35
324.389
324.43
324.471
324.513
324.559
324.607
324.651
324.653
324.451
323.065
324.169
324.169
324.186
324.252
324.995
325.063
325.092
325.118
325.139
325.155
325.165
325.133
324.43
324.413
324.437
324.466
324.5
324.535
324.572
324.61
324.649
324.688
324.721
324.713
324.51
323.15
324.246
324.249
324.271
324.334
324.852
324.917
324.95
324.979
325.002
325.019
325.027
325
324.524
324.512
324.532
324.559
324.59
324.624
324.66
324.696
324.731
324.766
324.791
324.776
324.568
323.222
324.333
324.338
324.359
324.398
324.562
324.6
324.631
324.658
324.682
324.7
324.712
324.71
324.591
324.605
324.628
324.654
324.684
324.717
324.751
324.786
324.82
324.852
324.874
324.859
324.669
323.43
324.43
324.436
324.457
324.482
324.459
324.479
324.507
324.532
324.555
324.576
324.593
324.61
324.678
324.71
324.733
324.759
324.787
324.819
324.852
324.886
324.919
324.949
324.97
324.961
324.811
323.814
324.533
324.54
324.564
324.587
324.537
324.553
324.578
324.603
324.626
324.649
324.67
324.693
324.791
324.826
324.849
324.873
324.9
324.929
324.96
324.993
325.024
325.054
325.077
325.079
324.986
324.34
324.638
324.648
324.674
324.702
324.684
324.702
324.726
324.749
324.772
324.797
324.821
324.845
324.914
324.947
324.968
324.99
325.015
325.042
325.071
325.102
325.133
325.162
325.188
325.201
325.166
324.87
324.743
324.756
324.785
324.817
324.826
324.844
324.868
324.891
324.915
324.94
324.966
324.991
325.036
325.068
325.088
325.107
325.13
325.155
325.183
325.212
325.241
325.27
325.298
325.321
325.329
325.281
324.848
324.863
324.895
324.929
324.945
324.964
324.988
325.011
325.035
325.061
325.088
325.113
325.154
325.186
325.205
325.223
325.243
325.267
325.293
325.32
325.348
325.376
325.405
325.433
325.465
325.535
324.952
324.969
325.003
325.038
325.053
325.071
325.095
325.119
325.144
325.17
325.197
325.224
325.267
325.301
325.321
325.337
325.356
325.378
325.402
325.428
325.454
325.482
325.511
325.541
325.58
325.672
325.056
325.075
325.11
325.144
325.158
325.176
325.2
325.225
325.251
325.277
325.304
325.332
325.378
325.414
325.435
325.451
325.469
325.489
325.511
325.535
325.561
325.588
325.616
325.647
325.685
325.76
325.159
325.179
325.214
325.248
325.262
325.281
325.306
325.332
325.358
325.385
325.412
325.44
325.486
325.523
325.545
325.563
325.581
325.599
325.62
325.643
325.667
325.693
325.721
325.751
325.786
325.844
325.258
325.278
325.313
325.346
325.362
325.383
325.409
325.437
325.464
325.49
325.518
325.546
325.59
325.626
325.651
325.67
325.688
325.706
325.726
325.747
325.771
325.796
325.823
325.852
325.886
325.935
325.349
325.369
325.403
325.436
325.455
325.478
325.505
325.533
325.561
325.589
325.616
325.644
325.685
325.72
325.746
325.768
325.787
325.806
325.824
325.845
325.868
325.893
325.919
325.947
325.98
326.028
325.429
325.449
325.481
325.514
325.537
325.561
325.59
325.619
325.648
325.675
325.703
325.731
325.768
325.802
325.83
325.853
325.874
325.894
325.913
325.933
325.956
325.98
326.006
326.033
326.064
326.113
325.497
325.517
325.549
325.581
325.607
325.634
325.664
325.694
325.723
325.751
325.779
325.807
325.842
325.874
325.901
325.927
325.95
325.971
325.991
326.012
326.034
326.058
326.083
326.109
326.139
326.187
325.565
325.587
325.619
325.652
325.681
325.71
325.74
325.771
325.8
325.829
325.858
325.886
325.918
325.948
325.976
326.002
326.027
326.049
326.071
326.093
326.116
326.139
326.164
326.189
326.218
326.262
325.971
326.267
326.618
326.784
327.065
326.436
311.828
310.928
310.815
311.365
324.254
324.466
323.984
323.706
323.38
323.232
323.223
323.283
323.377
323.495
323.63
323.771
323.906
324.031
324.147
324.26
325.961
326.197
326.468
326.536
326.901
326.322
312.063
311.17
311.117
311.844
325.818
326.228
325.621
325.277
324.835
324.569
324.436
324.371
324.343
324.345
324.37
324.405
324.444
324.484
324.531
324.593
325.785
325.858
325.936
325.958
326.64
326.095
311.526
310.563
310.542
311.446
326.227
326.786
325.832
325.475
325.08
324.867
324.759
324.696
324.632
324.56
324.498
324.463
324.465
324.508
324.592
324.709
325.327
325.22
325.085
325.12
325.871
325.32
312.774
311.862
311.845
312.797
326.613
327.715
326.746
326.292
325.664
325.188
324.752
324.744
324.92
324.924
324.64
324.523
324.534
324.592
324.682
324.785
324.525
324.411
324.233
323.471
301.805
299.312
297.748
297.339
297.344
297.786
299.488
302.19
325.774
326.141
325.53
325.134
324.951
324.924
324.94
324.929
324.879
324.832
324.804
324.801
324.833
324.878
323.66
323.841
324.093
323.459
299.354
296.466
295.689
295.469
295.472
295.703
296.521
299.579
325.461
326.289
325.836
325.477
325.256
325.12
325.02
324.94
324.855
324.78
324.727
324.707
324.721
324.746
323.046
323.526
324.092
323.677
298.905
295.896
295.208
295.033
295.033
295.212
295.921
299.074
325.431
326.292
325.864
325.503
325.247
325.044
324.884
324.765
324.679
324.625
324.598
324.602
324.619
324.64
322.807
323.367
324.063
323.823
298.805
295.761
295.084
294.918
294.918
295.084
295.778
298.957
325.437
326.267
325.843
325.47
325.186
324.973
324.81
324.7
324.631
324.599
324.604
324.625
324.647
324.681
322.622
323.139
323.822
323.663
298.76
295.729
295.059
294.896
294.895
295.058
295.749
298.935
325.445
326.289
325.87
325.525
325.264
325.059
324.899
324.8
324.741
324.727
324.747
324.778
324.822
324.89
322.587
322.95
323.462
323.241
298.728
295.751
295.093
294.933
294.93
295.09
295.776
298.959
325.531
326.46
326.043
325.757
325.496
325.289
325.122
325.015
324.966
324.949
324.968
325.022
325.112
325.232
323.012
323.027
323.152
322.717
298.8
295.93
295.299
295.14
295.129
295.276
295.94
299.081
325.73
326.91
326.581
326.122
325.73
325.49
325.333
325.224
325.158
325.136
325.171
325.274
325.439
325.624
323.783
323.479
323.076
322.248
299.558
296.968
296.391
296.221
296.178
296.278
296.851
299.748
325.822
326.726
326.301
325.918
325.612
325.421
325.305
325.236
325.201
325.211
325.294
325.476
325.738
325.986
324.528
324.149
323.506
322.385
308.208
306.944
306.459
306.124
305.85
305.681
305.81
307.159
323.835
324.904
324.986
324.964
324.96
324.988
325.032
325.08
325.131
325.21
325.365
325.636
325.991
326.284
324.999
324.724
324.157
322.911
308.856
307.78
307.432
307.236
307.111
307.071
307.234
308.256
322.987
324.085
324.372
324.534
324.678
324.822
324.957
325.074
325.175
325.292
325.487
325.802
326.198
326.499
325.246
325.093
324.693
323.485
308.868
307.836
307.552
307.4
307.311
307.293
307.436
308.375
323.183
324.264
324.556
324.723
324.866
325.005
325.134
325.247
325.345
325.458
325.643
325.941
326.316
326.576
325.394
325.31
325.045
323.964
308.939
307.913
307.659
307.53
307.462
307.46
307.598
308.508
323.425
324.459
324.721
324.876
325.013
325.145
325.269
325.382
325.484
325.594
325.756
326.009
326.34
326.584
325.521
325.462
325.274
324.354
310.363
309.411
309.189
309.08
309.027
309.031
309.155
309.988
323.845
324.783
325.01
325.147
325.269
325.383
325.491
325.591
325.686
325.784
325.908
326.091
326.338
326.359
325.641
325.596
325.466
324.776
314.002
313.258
313.09
313.013
312.977
312.98
313.075
313.725
324.428
325.16
325.338
325.448
325.548
325.642
325.73
325.816
325.902
325.988
326.079
326.186
326.308
325.975
325.743
325.715
325.639
325.231
319.029
318.582
318.485
318.448
318.432
318.436
318.498
318.898
325.088
325.547
325.669
325.75
325.825
325.897
325.967
326.036
326.11
326.185
326.256
326.309
326.297
325.575
325.824
325.813
325.785
325.628
323.53
323.356
323.325
323.321
323.325
323.335
323.371
323.544
325.664
325.871
325.944
325.999
326.053
326.106
326.16
326.214
326.274
326.339
326.401
326.434
326.338
325.348
325.894
325.896
325.9
325.898
326.164
326.159
326.17
326.188
326.205
326.219
326.239
326.271
326.045
326.097
326.138
326.177
326.218
326.261
326.304
326.349
326.398
326.451
326.503
326.528
326.411
325.407
325.966
325.975
325.994
326.048
326.944
327
327.03
327.058
327.081
327.098
327.111
327.093
326.243
326.241
326.268
326.299
326.335
326.373
326.412
326.452
326.494
326.537
326.577
326.591
326.474
325.505
326.047
326.059
326.082
326.135
326.739
326.793
326.827
326.858
326.883
326.901
326.913
326.899
326.34
326.343
326.367
326.397
326.43
326.466
326.505
326.543
326.581
326.619
326.651
326.657
326.532
325.57
326.14
326.153
326.177
326.213
326.394
326.428
326.46
326.49
326.515
326.535
326.55
326.554
326.42
326.443
326.468
326.496
326.528
326.564
326.601
326.638
326.675
326.709
326.738
326.741
326.627
325.743
326.241
326.256
326.28
326.308
326.273
326.295
326.324
326.351
326.376
326.398
326.418
326.435
326.519
326.553
326.578
326.606
326.637
326.67
326.706
326.742
326.777
326.81
326.837
326.843
326.754
326.044
326.346
326.363
326.39
326.418
326.357
326.375
326.403
326.429
326.454
326.478
326.502
326.524
326.638
326.674
326.698
326.723
326.752
326.784
326.817
326.852
326.886
326.918
326.946
326.959
326.908
326.452
326.452
326.471
326.502
326.534
326.512
326.532
326.559
326.584
326.609
326.635
326.661
326.685
326.763
326.797
326.819
326.842
326.869
326.898
326.929
326.962
326.995
327.027
327.056
327.076
327.064
326.861
326.555
326.577
326.611
326.647
326.656
326.677
326.703
326.727
326.753
326.781
326.808
326.833
326.883
326.917
326.937
326.958
326.982
327.009
327.039
327.07
327.101
327.132
327.162
327.189
327.206
327.182
326.654
326.679
326.715
326.753
326.771
326.791
326.817
326.842
326.868
326.896
326.925
326.952
326.995
327.03
327.05
327.068
327.09
327.116
327.143
327.172
327.202
327.233
327.263
327.293
327.326
327.386
326.749
326.776
326.814
326.853
326.868
326.888
326.914
326.94
326.967
326.995
327.024
327.052
327.1
327.136
327.156
327.174
327.194
327.217
327.243
327.27
327.299
327.328
327.358
327.39
327.428
327.503
326.838
326.867
326.906
326.945
326.958
326.978
327.005
327.032
327.059
327.087
327.117
327.145
327.196
327.234
327.256
327.274
327.293
327.314
327.338
327.363
327.391
327.419
327.449
327.481
327.518
327.581
326.921
326.951
326.99
327.028
327.042
327.063
327.09
327.119
327.147
327.175
327.204
327.233
327.284
327.323
327.347
327.366
327.384
327.404
327.426
327.45
327.476
327.504
327.533
327.564
327.6
327.649
326.993
327.024
327.063
327.1
327.117
327.139
327.167
327.197
327.226
327.255
327.284
327.313
327.361
327.4
327.426
327.447
327.465
327.485
327.505
327.528
327.553
327.58
327.608
327.639
327.673
327.716
327.054
327.084
327.122
327.158
327.178
327.203
327.232
327.263
327.293
327.322
327.351
327.38
327.425
327.462
327.49
327.513
327.534
327.553
327.573
327.595
327.619
327.645
327.673
327.702
327.735
327.778
327.101
327.131
327.168
327.203
327.227
327.254
327.285
327.316
327.346
327.376
327.406
327.435
327.475
327.511
327.54
327.565
327.588
327.608
327.628
327.65
327.674
327.699
327.726
327.755
327.786
327.829
327.138
327.168
327.204
327.239
327.266
327.295
327.327
327.359
327.39
327.42
327.45
327.48
327.517
327.551
327.58
327.607
327.631
327.653
327.675
327.697
327.72
327.745
327.772
327.799
327.83
327.872
327.175
327.206
327.242
327.277
327.308
327.339
327.372
327.404
327.436
327.466
327.497
327.527
327.56
327.593
327.622
327.65
327.676
327.7
327.723
327.746
327.77
327.795
327.821
327.847
327.876
327.915
)
;

boundaryField
{
    concrete_to_air
    {
        type            compressible::turbulentTemperatureRadCoupledMixed;
        refValue        nonuniform List<scalar> 
898
(
312.969
313.013
313.043
313.057
313.088
313.118
312.899
312.619
312.316
312.056
312.029
312.01
311.996
311.988
311.985
311.987
311.995
312.01
312.031
312.055
312.084
312.114
312.146
312.178
312.209
312.24
312.939
312.941
312.913
312.864
312.875
312.911
312.764
312.63
312.497
312.373
312.447
312.511
312.553
312.576
312.58
312.572
312.558
312.544
312.533
312.527
312.528
312.535
312.546
312.562
312.582
312.605
312.823
312.761
312.666
312.58
312.613
312.671
312.505
312.357
312.232
312.132
312.273
312.402
312.5
312.582
312.645
312.692
312.724
312.744
312.761
312.78
312.802
312.824
312.846
312.865
312.879
312.885
312.584
312.477
312.361
312.324
312.44
312.585
312.383
312.2
312.062
311.981
312.346
312.673
312.896
313.012
313.066
313.081
313.08
313.113
313.21
313.131
312.663
312.463
312.367
312.304
312.267
312.247
312.25
312.17
312.12
312.2
313.144
312.939
312.793
312.695
312.573
312.425
312.268
312.136
312.052
311.993
311.953
311.924
311.911
311.909
311.924
311.928
311.991
312.208
312.807
312.509
312.319
312.19
312.087
312
311.925
311.864
311.812
311.77
311.741
311.723
311.722
311.726
311.664
311.75
311.906
312.257
312.705
312.366
312.166
312.034
311.932
311.842
311.769
311.715
311.676
311.65
311.635
311.632
311.639
311.647
311.442
311.572
311.788
312.239
312.661
312.302
312.095
311.951
311.845
311.765
311.704
311.662
311.635
311.619
311.617
311.625
311.637
311.652
311.222
311.368
311.601
312.089
312.664
312.282
312.066
311.936
311.846
311.776
311.72
311.686
311.667
311.661
311.671
311.685
311.704
311.728
311.178
311.312
311.516
311.937
312.728
312.343
312.101
312.014
311.928
311.858
311.802
311.768
311.76
311.763
311.776
311.798
311.826
311.861
311.323
311.383
311.498
311.798
312.921
312.621
312.374
312.188
312.033
311.951
311.902
311.878
311.873
311.882
311.903
311.935
311.976
312.025
311.574
311.559
311.57
311.737
313.039
312.564
312.269
312.097
311.984
311.928
311.91
311.916
311.937
311.97
312.013
312.066
312.128
312.197
311.83
311.788
311.735
311.767
311.563
311.32
311.068
310.82
310.585
310.374
310.207
310.146
310.709
311.043
311.269
311.436
311.57
311.683
311.781
311.871
311.954
312.035
312.116
312.202
312.293
312.384
312.046
312.026
311.971
311.927
311.726
311.542
311.373
311.222
311.087
310.968
310.866
310.792
310.999
311.187
311.353
311.501
311.635
311.76
311.877
311.987
312.093
312.196
312.298
312.404
312.511
312.609
312.232
312.242
312.217
312.169
311.962
311.78
311.62
311.477
311.35
311.237
311.139
311.063
311.227
311.388
311.539
311.682
311.818
311.948
312.072
312.192
312.308
312.421
312.533
312.645
312.751
312.821
312.427
312.451
312.455
312.433
312.229
312.045
311.883
311.739
311.61
311.497
311.397
311.317
311.46
311.606
311.748
311.887
312.023
312.155
312.284
312.41
312.532
312.65
312.767
312.878
312.967
312.966
312.633
312.661
312.679
312.681
312.502
312.337
312.188
312.055
311.937
311.832
311.741
311.669
311.797
311.932
312.066
312.199
312.33
312.458
312.583
312.704
312.821
312.934
313.042
313.132
313.174
313.033
312.811
312.842
312.87
312.889
312.763
312.643
312.533
312.436
312.351
312.277
312.216
312.172
312.281
312.396
312.513
312.629
312.743
312.855
312.964
313.069
313.169
313.265
313.354
313.419
313.425
313.22
312.921
312.961
312.999
313.032
312.978
312.924
312.875
312.832
312.798
312.773
312.757
312.753
312.838
312.928
313.018
313.107
313.196
313.282
313.365
313.445
313.521
313.593
313.66
313.702
313.681
313.435
312.965
313.013
313.059
313.103
313.115
313.124
313.134
313.146
313.161
313.181
313.207
313.239
313.302
313.367
313.432
313.496
313.559
313.62
313.68
313.737
313.792
313.844
313.892
313.922
313.89
313.635
312.972
313.024
313.075
313.126
313.177
313.225
313.272
313.319
313.366
313.415
313.465
313.517
313.566
313.615
313.664
313.711
313.758
313.804
313.848
313.891
313.933
313.974
314.013
314.05
314.065
313.996
312.971
313.024
313.077
313.13
313.193
313.254
313.314
313.373
313.431
313.489
313.546
313.602
313.646
313.689
313.732
313.773
313.814
313.854
313.893
313.931
313.969
314.005
314.041
314.076
314.106
314.103
312.976
313.029
313.082
313.135
313.194
313.253
313.311
313.369
313.425
313.481
313.535
313.588
313.632
313.675
313.717
313.759
313.799
313.839
313.878
313.916
313.953
313.99
314.026
314.061
314.094
314.115
312.989
313.041
313.094
313.146
313.199
313.252
313.305
313.357
313.409
313.459
313.509
313.558
313.603
313.648
313.692
313.734
313.776
313.817
313.858
313.897
313.936
313.974
314.011
314.047
314.081
314.105
313.005
313.058
313.11
313.161
313.211
313.261
313.311
313.36
313.408
313.456
313.503
313.549
313.595
313.641
313.686
313.729
313.772
313.814
313.856
313.896
313.935
313.974
314.012
314.049
314.084
314.111
313.022
313.075
313.127
313.179
313.229
313.278
313.327
313.375
313.422
313.47
313.516
313.562
313.608
313.654
313.699
313.743
313.786
313.828
313.87
313.91
313.95
313.99
314.028
314.066
314.102
314.132
313.041
313.094
313.146
313.198
313.248
313.298
313.347
313.396
313.443
313.491
313.538
313.584
313.63
313.676
313.72
313.764
313.807
313.85
313.891
313.932
313.972
314.012
314.051
314.089
314.125
314.16
313.059
313.112
313.165
313.217
313.268
313.318
313.368
313.417
313.465
313.513
313.56
313.607
313.653
313.699
313.743
313.787
313.83
313.873
313.915
313.956
313.996
314.036
314.075
314.113
314.151
314.187
313.077
313.131
313.184
313.236
313.288
313.338
313.388
313.438
313.486
313.534
313.582
313.629
313.675
313.721
313.766
313.81
313.853
313.896
313.938
313.979
314.019
314.059
314.099
314.137
314.176
314.214
313.095
313.15
313.203
313.256
313.308
313.359
313.409
313.458
313.507
313.555
313.603
313.65
313.697
313.743
313.788
313.832
313.876
313.919
313.961
314.003
314.043
314.084
314.123
314.162
314.201
314.24
313.114
313.168
313.222
313.275
313.328
313.379
313.43
313.479
313.529
313.577
313.625
313.672
313.719
313.765
313.811
313.856
313.9
313.943
313.985
314.027
314.069
314.109
314.149
314.189
314.228
314.267
313.132
313.187
313.242
313.295
313.348
313.4
313.451
313.501
313.55
313.599
313.648
313.695
313.742
313.789
313.835
313.88
313.925
313.968
314.011
314.054
314.095
314.136
314.177
314.217
314.256
314.296
313.151
313.206
313.261
313.315
313.368
313.42
313.472
313.523
313.573
313.622
313.671
313.719
313.766
313.813
313.86
313.905
313.95
313.994
314.038
314.08
314.122
314.164
314.205
314.245
314.285
314.325
313.168
313.224
313.28
313.334
313.388
313.44
313.492
313.543
313.594
313.644
313.693
313.741
313.789
313.837
313.884
313.93
313.975
314.02
314.063
314.107
314.149
314.191
314.233
314.274
314.314
314.354
313.184
313.24
313.296
313.351
313.405
313.458
313.511
313.562
313.613
313.664
313.713
313.762
313.811
313.858
313.906
313.952
313.998
314.043
314.087
314.131
314.174
314.217
314.258
314.3
314.341
314.382
313.197
313.254
313.31
313.365
313.42
313.473
313.526
313.578
313.63
313.68
313.73
313.78
313.829
313.877
313.924
313.971
314.018
314.063
314.108
314.152
314.196
314.239
314.281
314.323
314.364
314.406
313.206
313.264
313.32
313.376
313.431
313.485
313.538
313.591
313.643
313.694
313.744
313.794
313.843
313.892
313.94
313.987
314.034
314.08
314.125
314.17
314.214
314.257
314.3
314.343
314.385
314.426
)
;
        refGradient     nonuniform List<scalar> 
898
(
58.1812
58.8375
60.0759
61.3167
63.8751
67.8893
-1.44025
1.65756
2.04449
-0.0907766
77.1349
74.499
72.474
71.8775
70.5555
69.7746
69.2339
68.6866
68.117
67.5896
67.1094
66.6328
66.1265
65.5977
65.0796
64.5855
58.1979
59.0455
60.9202
63.1656
66.6183
70.4471
-0.663718
2.01263
2.38187
0.260747
72.1813
68.454
65.3212
64.543
63.6122
63.4537
63.5453
63.6199
63.6841
63.7843
63.8806
63.901
63.8095
63.6171
63.3547
63.0279
58.6133
59.9231
62.7367
66.1374
71.6271
74.9368
-2.94494
-0.753111
-0.3357
-1.93815
75.0383
70.9481
64.9491
63.405
62.2848
62.1427
62.2649
62.5209
62.9659
63.5065
63.9447
64.1215
63.9944
63.6185
63.0891
62.4845
60.234
62.1714
65.5209
69.2063
83.2518
85.6809
13.6732
14.8481
15.0833
14.0251
81.1128
76.308
60.1304
58.6251
59.1752
60.9988
61.1752
60.1465
61.6996
63.6818
64.206
64.1644
63.8625
63.4167
62.8676
62.3451
63.0097
64.7201
67.0024
71.0441
59.3075
56.9316
58.6088
59.908
60.6743
61.0741
61.4932
61.9872
62.3694
62.573
62.6177
62.551
62.3137
62.0362
66.8379
67.3246
67.7349
70.7554
60.1274
55.9934
57.0328
58.4322
59.6035
60.4929
61.2089
61.8907
62.4722
62.8449
63.0386
63.0395
62.8556
62.6219
69.182
68.1801
67.1445
69.2998
59.8212
55.423
56.4966
58.1314
59.5856
60.7728
61.7012
62.4127
62.9229
63.231
63.358
63.2752
63.0765
62.8602
69.8421
68.1831
66.5039
68.1507
59.4273
54.9997
56.1934
58.118
59.7669
60.9375
61.787
62.3753
62.7667
62.9757
62.9959
62.8841
62.7101
62.5265
70.4596
68.4974
66.659
68.3112
58.9826
54.373
55.7835
57.7429
59.3145
60.4392
61.2367
61.7132
61.9947
62.0852
62.0538
61.9946
61.9002
61.7984
70.6266
68.8812
67.3646
69.5298
58.1403
53.3295
55.0591
56.7243
58.2193
59.3619
60.2022
60.6717
60.8518
60.9154
60.9374
60.9826
61.0472
61.0729
68.9174
68.5416
68.1617
71.0119
56.7747
51.3189
52.7939
55.0394
57.1884
58.4635
59.3194
59.7843
60.0004
60.0652
60.1179
60.2599
60.4999
60.6253
65.7076
66.9104
68.581
72.2343
55.5759
52.4983
54.497
56.2933
57.8723
58.9332
59.5607
59.8484
59.8958
59.818
59.7674
59.8872
60.1934
60.3081
62.7436
64.3611
66.9132
70.1779
-7.11697
-4.51811
-3.53825
-2.6716
-1.83466
-1.11175
-0.867624
-3.64289
63.6135
60.8703
60.7991
60.9824
61.1042
61.0939
60.9477
60.6837
60.3299
59.9361
59.6218
59.5341
59.7133
59.713
60.6423
61.7242
63.9071
68.138
-6.8933
-4.47757
-3.96132
-3.6191
-3.28166
-2.95773
-2.88048
-5.08193
67.4834
64.2884
63.4032
62.8394
62.3407
61.8607
61.3674
60.846
60.2971
59.7295
59.211
58.8829
58.8561
58.7659
59.6798
60.22
61.6825
65.9155
-7.82253
-5.22282
-4.72939
-4.48993
-4.23035
-3.95715
-3.96757
-6.32464
66.9448
63.5973
62.6176
62.0416
61.5753
61.1502
60.7236
60.2771
59.8009
59.2672
58.6814
58.1819
58.0037
58.0537
59.3205
59.549
60.4613
64.2368
-8.64014
-5.92492
-5.43658
-5.27681
-5.08555
-4.86067
-4.95374
-7.41776
66.379
63.112
62.2042
61.7117
61.3044
60.9051
60.4893
60.0574
59.6041
59.0789
58.4302
57.7768
57.4639
57.7301
59.2407
59.3391
59.9372
63.0924
-3.48577
-0.893664
-0.390648
-0.23305
-0.0686804
0.104549
-0.0493387
-2.4093
65.173
62.1952
61.3987
60.9979
60.6689
60.3256
59.9519
59.5614
59.1596
58.6974
58.0902
57.4175
57.1067
58.406
59.3042
59.3453
59.7318
62.0569
11.7263
13.8435
14.3253
14.5114
14.6539
14.7478
14.5482
12.5965
63.5124
61.1834
60.5422
60.2147
59.9425
59.6477
59.3164
58.9662
58.6132
58.2336
57.7525
57.1878
56.9493
59.2872
59.4851
59.4878
59.6911
61.0482
33.0444
34.3821
34.7358
34.8916
34.9767
34.9817
34.7752
33.482
61.6515
60.1916
59.7241
59.4513
59.2153
58.9611
58.6764
58.3738
58.0704
57.7687
57.4427
57.1024
57.0776
60.1747
59.7524
59.7225
59.7726
60.2789
51.6779
52.2099
52.3749
52.4438
52.4483
52.3789
52.1958
51.5733
60.0976
59.4443
59.1451
58.9279
58.7273
58.5132
58.2758
58.0212
57.7618
57.5091
57.2769
57.1249
57.3776
60.8539
60.0612
60.0057
59.9539
59.9353
61.958
61.9479
61.9597
61.9464
61.8871
61.7736
61.6177
61.4364
59.2383
59.09
58.9052
58.7295
58.5567
58.3744
58.1747
57.9599
57.7397
57.5251
57.3363
57.2538
57.6474
60.9856
60.3753
60.3025
60.2007
59.9919
64.3818
64.1661
64.1023
64.0434
63.9526
63.8226
63.6814
63.653
59.0556
59.0871
58.9548
58.8041
58.6517
58.4941
58.3242
58.1394
57.9461
57.7572
57.594
57.5321
57.9319
61.26
60.6837
60.601
60.4841
60.2846
62.9282
62.7204
62.64
62.5663
62.4689
62.3413
62.2058
62.154
59.2922
59.3063
59.182
59.0401
58.897
58.7525
58.6014
58.4379
58.2641
58.0931
57.9531
57.9218
58.3366
61.5901
60.9872
60.8991
60.7823
60.6462
61.1739
61.0299
60.9518
60.8718
60.7742
60.6547
60.5223
60.4043
59.6502
59.5934
59.4595
59.3186
59.1792
59.0411
58.9014
58.7544
58.5984
58.4424
58.312
58.2813
58.6641
61.681
61.2825
61.1913
61.0772
60.9838
60.5194
60.4126
60.3317
60.242
60.1414
60.0289
59.9016
59.7448
59.9761
59.8718
59.727
59.5845
59.4468
59.3116
59.1779
59.0422
58.9011
58.7592
58.6364
58.5944
58.8894
61.3166
61.5557
61.4626
61.3504
61.2692
60.7266
60.6204
60.5279
60.4244
60.3166
60.2069
60.0858
59.9232
60.2281
60.1091
59.9565
59.811
59.6738
59.5403
59.4097
59.2807
59.1503
59.0198
58.9021
58.8413
59.0116
60.5807
61.7886
61.6947
61.5836
61.4998
61.162
61.0387
60.9315
60.8146
60.6988
60.5883
60.4722
60.3195
60.4182
60.3025
60.1446
59.9945
59.8561
59.7234
59.5944
59.4689
59.3454
59.2234
59.1096
59.0292
59.0724
59.7795
61.9641
61.8709
61.7609
61.6718
61.4702
61.3282
61.2083
61.0817
60.959
60.8452
60.7313
60.5889
60.5515
60.443
60.2817
60.1258
59.9839
59.8504
59.7221
59.5981
59.4779
59.3609
59.2495
59.1541
59.1027
59.1983
62.0677
61.9764
61.8669
61.7729
61.5956
61.4393
61.3103
61.1781
61.0503
60.932
60.8174
60.6809
60.6187
60.5171
60.3553
60.1941
60.0469
59.9107
59.7819
59.6583
59.5391
59.424
59.314
59.2109
59.1105
58.9211
62.0826
61.9934
61.8828
61.783
61.5843
61.4181
61.2832
61.1483
61.0171
60.8939
60.776
60.6415
60.5983
60.5026
60.3434
60.1794
60.0266
59.8858
59.7546
59.6299
59.51
59.395
59.2855
59.1807
59.0668
58.8273
61.9855
61.8975
61.7835
61.6758
61.4589
61.2864
61.1478
61.0117
60.8781
60.7503
60.6282
60.4932
60.4634
60.3721
60.2186
60.0552
59.8985
59.7522
59.6167
59.4895
59.368
59.2521
59.1428
59.0388
58.928
58.7332
61.7525
61.6639
61.5443
61.4266
61.2065
61.0309
60.8898
60.7529
60.6176
60.486
60.3594
60.2229
60.1894
60.0998
59.9538
59.7945
59.6365
59.4855
59.3448
59.2136
59.0898
58.9726
58.8626
58.759
58.653
58.5031
61.3775
61.2859
61.1586
61.0303
60.8167
60.641
60.498
60.3602
60.2233
60.0888
59.9582
59.8201
59.7718
59.6804
59.5418
59.3892
59.2331
59.0796
58.9341
58.7987
58.6721
58.5532
58.4417
58.3364
58.231
58.0982
60.892
60.7949
60.6591
60.5205
60.3173
60.1438
59.9993
59.86
59.7217
59.5851
59.4515
59.3121
59.2449
59.1482
59.0154
58.8704
58.719
58.5658
58.4174
58.2783
58.149
58.0281
57.9142
57.8056
57.6968
57.5612
60.3685
60.2641
60.1198
59.9722
59.7802
59.6106
59.4645
59.3235
59.1837
59.0455
58.9097
58.7698
58.6835
58.579
58.4498
58.3115
58.1663
58.0162
57.8677
57.7265
57.5949
57.4719
57.3551
57.2424
57.1285
56.9846
59.8941
59.7803
59.6281
59.4734
59.292
59.1268
58.9792
58.8362
58.6949
58.5554
58.4181
58.2783
58.1746
58.0613
57.9333
57.8
57.6608
57.5159
57.3699
57.2289
57.096
56.9708
56.8511
56.7344
56.6157
56.4658
59.5129
59.3839
59.2241
59.0639
58.8916
58.7303
58.581
58.4359
58.293
58.1523
58.0138
57.8744
57.7563
57.6343
57.5057
57.375
57.2406
57.1014
56.96
56.821
56.688
56.5612
56.4389
56.3192
56.198
56.0506
)
;
        valueFraction   nonuniform List<scalar> 
898
(
0.124341
0.124493
0.12546
0.127742
0.129506
0.130675
0.137527
0.144754
0.156289
0.166894
0.169694
0.175581
0.179559
0.181607
0.182157
0.181414
0.179687
0.17727
0.174403
0.171285
0.168074
0.164873
0.16175
0.158749
0.155903
0.153246
0.124535
0.125821
0.129135
0.134793
0.13789
0.139273
0.144603
0.1449
0.145552
0.146426
0.142468
0.143396
0.144646
0.146035
0.147675
0.149257
0.150585
0.151534
0.152064
0.15222
0.152083
0.151703
0.15109
0.15024
0.149153
0.147841
0.12687
0.130528
0.137876
0.146275
0.148863
0.148851
0.153174
0.152234
0.151144
0.150008
0.143944
0.143324
0.143386
0.143356
0.143479
0.143815
0.144575
0.14592
0.147865
0.150289
0.15265
0.15419
0.154422
0.153213
0.150764
0.147533
0.134446
0.141111
0.151828
0.157628
0.160005
0.157218
0.156376
0.149999
0.143604
0.137672
0.127948
0.122989
0.118141
0.122028
0.129965
0.137811
0.144332
0.147813
0.146972
0.143226
0.145599
0.147938
0.147065
0.144796
0.14185
0.139083
0.148853
0.154855
0.161932
0.160275
0.101276
0.114649
0.126689
0.132988
0.135559
0.135169
0.133816
0.133078
0.133763
0.134676
0.135197
0.135154
0.134294
0.133399
0.167626
0.166716
0.161937
0.150381
0.097955
0.106086
0.114353
0.119726
0.123622
0.126507
0.128841
0.130832
0.132779
0.134555
0.135746
0.136114
0.135707
0.135229
0.179383
0.170876
0.158399
0.140643
0.0943114
0.103036
0.111435
0.117499
0.122596
0.127137
0.130902
0.133776
0.135874
0.137226
0.13791
0.137754
0.137275
0.136886
0.180537
0.170227
0.155184
0.133943
0.0920744
0.101558
0.110351
0.117514
0.123709
0.1286
0.132352
0.134881
0.136521
0.13738
0.137396
0.136996
0.13656
0.136144
0.181187
0.171169
0.156397
0.13476
0.090643
0.0994385
0.108954
0.116341
0.12243
0.127238
0.130866
0.133009
0.134266
0.134625
0.134389
0.134061
0.133641
0.133182
0.181016
0.173179
0.161326
0.142497
0.0876489
0.0949022
0.105632
0.112119
0.118237
0.123076
0.126863
0.129111
0.129997
0.130424
0.130459
0.130232
0.129828
0.129338
0.171127
0.170736
0.166374
0.15301
0.0823485
0.0850704
0.094684
0.105005
0.11399
0.119461
0.123129
0.125462
0.126798
0.127428
0.127541
0.127295
0.126816
0.126244
0.153959
0.160989
0.168685
0.164728
0.077075
0.0881562
0.100913
0.109629
0.116638
0.121334
0.124287
0.125977
0.126766
0.126916
0.126609
0.125994
0.125199
0.124406
0.13903
0.147445
0.159736
0.164613
0.173068
0.169152
0.160884
0.150492
0.139265
0.128708
0.120623
0.11779
0.115823
0.121429
0.125733
0.128455
0.129947
0.130518
0.130438
0.129908
0.12907
0.128022
0.126827
0.125555
0.124293
0.12325
0.130054
0.135527
0.145132
0.154346
0.16253
0.162006
0.159734
0.156873
0.153989
0.151444
0.149374
0.147665
0.141861
0.14098
0.139912
0.138481
0.136788
0.134957
0.13309
0.131254
0.12948
0.127776
0.126134
0.124577
0.123176
0.122204
0.126749
0.129334
0.134617
0.142155
0.151458
0.153302
0.153429
0.152597
0.151219
0.149577
0.147835
0.14594
0.139254
0.137605
0.136184
0.134792
0.133389
0.131968
0.130534
0.129099
0.127672
0.126254
0.12484
0.123465
0.122221
0.121586
0.126229
0.127245
0.129553
0.133646
0.141944
0.144237
0.145401
0.145819
0.145701
0.145213
0.144473
0.143423
0.137408
0.136266
0.135223
0.134111
0.132918
0.13165
0.130326
0.128959
0.127563
0.126139
0.124681
0.123221
0.121842
0.121546
0.126684
0.12709
0.128079
0.130012
0.136505
0.13825
0.139388
0.140069
0.140357
0.140324
0.140029
0.139391
0.134172
0.133364
0.132627
0.131815
0.130916
0.129934
0.128873
0.127737
0.126526
0.125234
0.12384
0.122355
0.120818
0.121716
0.127274
0.127453
0.127926
0.128872
0.13336
0.134414
0.13517
0.135695
0.135995
0.136087
0.135987
0.135614
0.131734
0.131189
0.130673
0.13007
0.129368
0.12857
0.127677
0.126688
0.125599
0.1244
0.123069
0.121599
0.12001
0.121107
0.127774
0.127848
0.128098
0.128599
0.131137
0.131743
0.132202
0.13254
0.132744
0.132812
0.132741
0.132475
0.130171
0.12973
0.129275
0.12874
0.128117
0.12741
0.126616
0.125732
0.124748
0.123652
0.122423
0.121049
0.119547
0.120657
0.128139
0.128141
0.128258
0.128509
0.129465
0.129791
0.130049
0.130237
0.130342
0.130356
0.130273
0.130071
0.129147
0.128789
0.128387
0.127913
0.127363
0.126735
0.126029
0.125238
0.124355
0.123367
0.122257
0.121013
0.119633
0.120442
0.128399
0.128341
0.128365
0.128461
0.128506
0.128664
0.128799
0.128891
0.128928
0.1289
0.128803
0.128632
0.128489
0.128175
0.127799
0.127357
0.12685
0.126277
0.12564
0.124937
0.124164
0.12332
0.122411
0.121468
0.120557
0.12014
0.128576
0.128468
0.12842
0.128417
0.128163
0.12821
0.128252
0.128268
0.128245
0.128175
0.128054
0.127884
0.127942
0.127653
0.127305
0.126902
0.126446
0.125936
0.125373
0.124759
0.124094
0.123383
0.122636
0.121889
0.121218
0.120899
0.128695
0.128544
0.12844
0.128371
0.128145
0.128119
0.128092
0.128049
0.12798
0.127878
0.127737
0.127558
0.127516
0.127239
0.126914
0.126543
0.126127
0.125668
0.125167
0.124629
0.124059
0.123465
0.122863
0.122288
0.121805
0.121644
0.128768
0.12858
0.128432
0.128313
0.128172
0.128091
0.128009
0.127918
0.127808
0.127675
0.127511
0.127317
0.127132
0.12686
0.126552
0.126208
0.125829
0.125415
0.12497
0.124498
0.124006
0.123502
0.123003
0.122535
0.122151
0.122041
0.128807
0.128589
0.128403
0.128245
0.12813
0.128006
0.127882
0.127753
0.127612
0.127454
0.127274
0.127068
0.126812
0.126545
0.126252
0.12593
0.12558
0.125203
0.124802
0.124382
0.12395
0.123516
0.123093
0.122701
0.12238
0.122271
0.128822
0.128577
0.12836
0.128168
0.128025
0.127866
0.127709
0.12755
0.127383
0.127203
0.127007
0.126792
0.126525
0.126262
0.12598
0.125675
0.125348
0.125
0.124635
0.124258
0.123873
0.12349
0.123119
0.122775
0.122483
0.122335
0.128819
0.128551
0.128308
0.128088
0.127903
0.127715
0.127531
0.127349
0.127161
0.126965
0.126756
0.126534
0.126279
0.12602
0.125747
0.125457
0.125149
0.124826
0.12449
0.124146
0.123798
0.123453
0.12312
0.122809
0.122534
0.122341
0.128803
0.128516
0.128252
0.128008
0.12779
0.127579
0.127373
0.127171
0.126966
0.126755
0.126536
0.126308
0.126059
0.125803
0.125538
0.125259
0.124967
0.124663
0.12435
0.124032
0.123712
0.123396
0.12309
0.1228
0.122536
0.122308
0.128779
0.128476
0.128194
0.127931
0.12769
0.127461
0.127237
0.127018
0.126799
0.126577
0.12635
0.126116
0.125868
0.125613
0.125354
0.125085
0.124806
0.124518
0.124224
0.123926
0.123628
0.123334
0.123048
0.122775
0.122518
0.122274
0.128749
0.128432
0.128135
0.127856
0.127601
0.127356
0.127118
0.126884
0.126654
0.126422
0.126187
0.125948
0.125697
0.125443
0.125188
0.124926
0.124657
0.124382
0.124102
0.12382
0.123539
0.123261
0.12299
0.122728
0.122477
0.122232
0.128716
0.128387
0.128077
0.127785
0.127518
0.12726
0.127009
0.126764
0.126523
0.126283
0.126042
0.125799
0.125546
0.125292
0.125039
0.124783
0.124522
0.124257
0.123989
0.123719
0.123451
0.123185
0.122925
0.122671
0.122426
0.122185
0.128681
0.128341
0.128021
0.127719
0.12744
0.127171
0.126909
0.126654
0.126405
0.126158
0.125911
0.125665
0.12541
0.125157
0.124905
0.124653
0.124398
0.12414
0.123881
0.123621
0.123361
0.123105
0.122852
0.122605
0.122364
0.122127
0.128645
0.128297
0.127968
0.127657
0.127368
0.127089
0.126818
0.126555
0.126298
0.126045
0.125794
0.125545
0.125289
0.125036
0.124785
0.124535
0.124284
0.124032
0.12378
0.123527
0.123275
0.123025
0.122779
0.122536
0.122298
0.122063
0.128612
0.128257
0.12792
0.127602
0.127303
0.127016
0.126738
0.126467
0.126204
0.125946
0.125691
0.125438
0.125182
0.124929
0.124679
0.12443
0.124181
0.123934
0.123686
0.123438
0.123192
0.122947
0.122705
0.122466
0.12223
0.121995
0.128581
0.12822
0.127878
0.127553
0.127246
0.126952
0.126666
0.12639
0.126121
0.125858
0.1256
0.125345
0.125088
0.124835
0.124585
0.124337
0.12409
0.123845
0.1236
0.123357
0.123115
0.122874
0.122635
0.122398
0.122164
0.12193
0.128555
0.128189
0.127841
0.12751
0.127197
0.126896
0.126605
0.126323
0.12605
0.125783
0.125521
0.125263
0.125006
0.124753
0.124503
0.124255
0.124009
0.123766
0.123523
0.123283
0.123043
0.122805
0.122568
0.122334
0.122101
0.121867
0.128531
0.12816
0.127807
0.127471
0.127152
0.126845
0.126549
0.126263
0.125986
0.125715
0.12545
0.125191
0.124933
0.12468
0.124429
0.124182
0.123936
0.123694
0.123453
0.123214
0.122976
0.12274
0.122505
0.122272
0.12204
0.121808
)
;
        value           nonuniform List<scalar> 
898
(
326.828
327.135
327.5
327.667
328.001
327.615
311.88
311.212
311.102
311.435
325.33
325.291
324.743
324.457
324.121
323.976
323.972
324.037
324.135
324.261
324.405
324.555
324.7
324.833
324.958
325.077
326.819
327.065
327.343
327.403
327.822
327.481
312.136
311.47
311.418
311.918
326.973
327.138
326.461
326.113
325.661
325.399
325.266
325.198
325.167
325.17
325.198
325.236
325.276
325.319
325.367
325.43
326.635
326.712
326.785
326.802
327.588
327.284
311.552
310.806
310.786
311.465
327.416
327.724
326.642
326.281
325.891
325.698
325.605
325.547
325.483
325.408
325.34
325.298
325.295
325.338
325.426
325.55
326.158
326.049
325.904
325.993
327.212
326.927
313.289
312.543
312.521
313.291
328.324
329.194
327.703
327.179
326.527
326.05
325.568
325.576
325.824
325.871
325.532
325.385
325.388
325.446
325.541
325.647
325.318
325.209
325.051
324.624
327.098
327.076
326.393
325.989
325.813
325.8
325.831
325.831
325.779
325.727
325.693
325.684
325.715
325.756
324.416
324.62
324.944
324.747
326.872
327.263
326.737
326.373
326.156
326.021
325.92
325.84
325.75
325.667
325.607
325.583
325.593
325.614
323.785
324.301
324.959
325.021
326.879
327.276
326.769
326.402
326.145
325.936
325.768
325.642
325.551
325.492
325.461
325.464
325.479
325.496
323.556
324.147
324.939
325.194
326.899
327.251
326.745
326.36
326.069
325.847
325.675
325.559
325.486
325.451
325.456
325.477
325.498
325.529
323.375
323.914
324.689
325.031
326.908
327.274
326.768
326.408
326.138
325.923
325.754
325.65
325.588
325.573
325.594
325.625
325.668
325.734
323.341
323.72
324.315
324.582
326.999
327.457
326.944
326.644
326.371
326.154
325.977
325.865
325.814
325.795
325.813
325.868
325.958
326.078
323.789
323.805
323.993
324.018
327.214
327.957
327.535
327.03
326.613
326.36
326.196
326.079
326.008
325.983
326.017
326.121
326.289
326.473
324.602
324.285
323.909
323.48
327.323
327.773
327.24
326.819
326.49
326.287
326.164
326.089
326.05
326.056
326.139
326.323
326.591
326.839
325.382
324.99
324.356
323.486
308.412
307.411
306.964
306.626
306.335
306.139
306.201
307.25
325.035
325.805
325.831
325.798
325.794
325.823
325.869
325.919
325.972
326.05
326.207
326.483
326.845
327.136
325.869
325.589
325.039
324.017
308.949
308.116
307.808
307.62
307.495
307.446
307.564
308.325
324.099
324.945
325.194
325.353
325.501
325.652
325.793
325.914
326.018
326.137
326.333
326.652
327.053
327.349
326.118
325.968
325.599
324.621
308.919
308.133
307.888
307.745
307.654
307.626
307.726
308.409
324.316
325.151
325.404
325.566
325.71
325.852
325.986
326.101
326.201
326.314
326.498
326.795
327.171
327.427
326.265
326.188
325.961
325.122
308.947
308.167
307.953
307.83
307.76
307.749
307.846
308.505
324.56
325.35
325.573
325.722
325.861
325.996
326.124
326.24
326.344
326.455
326.616
326.866
327.196
327.431
326.391
326.34
326.19
325.496
310.415
309.688
309.501
309.398
309.343
309.339
309.426
310.03
324.966
325.68
325.872
326.005
326.127
326.245
326.355
326.459
326.556
326.655
326.778
326.957
327.209
327.264
326.512
326.476
326.375
325.863
314.257
313.686
313.546
313.474
313.436
313.433
313.498
313.971
325.501
326.06
326.21
326.316
326.417
326.513
326.604
326.692
326.781
326.869
326.96
327.067
327.205
326.989
326.615
326.595
326.538
326.238
319.584
319.242
319.164
319.13
319.114
319.114
319.158
319.45
326.091
326.445
326.55
326.628
326.705
326.779
326.85
326.921
326.997
327.075
327.148
327.205
327.221
326.691
326.698
326.693
326.675
326.562
324.347
324.215
324.193
324.192
324.197
324.205
324.233
324.362
326.601
326.767
326.832
326.886
326.94
326.995
327.05
327.106
327.167
327.234
327.301
327.344
327.286
326.529
326.77
326.776
326.784
326.787
327.112
327.111
327.125
327.145
327.162
327.177
327.196
327.225
326.94
326.99
327.03
327.069
327.111
327.155
327.199
327.245
327.295
327.35
327.406
327.444
327.372
326.63
326.844
326.857
326.876
326.922
327.906
327.953
327.983
328.013
328.037
328.054
328.069
328.062
327.124
327.133
327.162
327.194
327.231
327.27
327.31
327.352
327.394
327.439
327.483
327.509
327.438
326.737
326.927
326.943
326.967
327.012
327.665
327.711
327.746
327.777
327.803
327.822
327.836
327.831
327.225
327.238
327.264
327.294
327.328
327.366
327.405
327.445
327.484
327.523
327.56
327.576
327.495
326.798
327.022
327.04
327.065
327.099
327.289
327.32
327.353
327.384
327.41
327.43
327.446
327.454
327.313
327.34
327.367
327.396
327.429
327.466
327.504
327.543
327.58
327.616
327.648
327.661
327.588
326.948
327.126
327.145
327.171
327.2
327.158
327.18
327.211
327.239
327.265
327.288
327.308
327.325
327.419
327.454
327.48
327.508
327.54
327.575
327.611
327.649
327.685
327.719
327.749
327.763
327.707
327.196
327.233
327.255
327.283
327.314
327.245
327.266
327.295
327.322
327.347
327.373
327.397
327.418
327.541
327.578
327.602
327.628
327.658
327.69
327.725
327.761
327.796
327.829
327.859
327.877
327.849
327.524
327.339
327.364
327.396
327.431
327.406
327.428
327.455
327.481
327.507
327.535
327.562
327.585
327.667
327.702
327.724
327.748
327.776
327.806
327.838
327.872
327.906
327.939
327.969
327.993
327.993
327.853
327.442
327.469
327.504
327.543
327.552
327.574
327.601
327.627
327.653
327.681
327.71
327.736
327.787
327.822
327.842
327.863
327.889
327.917
327.947
327.979
328.011
328.043
328.074
328.103
328.125
328.116
327.539
327.569
327.607
327.648
327.666
327.687
327.714
327.74
327.767
327.796
327.826
327.852
327.898
327.933
327.953
327.972
327.995
328.021
328.05
328.08
328.11
328.142
328.173
328.204
328.237
328.291
327.631
327.663
327.703
327.744
327.759
327.78
327.807
327.834
327.861
327.89
327.921
327.949
327.999
328.036
328.057
328.075
328.096
328.12
328.146
328.174
328.204
328.234
328.265
328.297
328.334
328.399
327.715
327.749
327.79
327.831
327.844
327.864
327.892
327.92
327.948
327.977
328.008
328.037
328.09
328.129
328.152
328.17
328.189
328.211
328.235
328.262
328.29
328.319
328.35
328.382
328.419
328.474
327.79
327.825
327.866
327.907
327.92
327.942
327.97
328
328.029
328.058
328.088
328.117
328.171
328.211
328.235
328.255
328.273
328.294
328.316
328.341
328.368
328.396
328.426
328.458
328.493
328.539
327.853
327.889
327.929
327.968
327.985
328.008
328.038
328.068
328.098
328.128
328.158
328.187
328.238
328.278
328.304
328.326
328.345
328.365
328.386
328.41
328.435
328.463
328.492
328.523
328.557
328.598
327.901
327.937
327.977
328.014
328.035
328.06
328.091
328.123
328.153
328.183
328.214
328.243
328.289
328.328
328.357
328.381
328.402
328.421
328.442
328.465
328.489
328.516
328.545
328.575
328.608
328.648
327.935
327.971
328.009
328.046
328.071
328.098
328.13
328.163
328.194
328.225
328.255
328.285
328.327
328.364
328.394
328.42
328.443
328.464
328.485
328.507
328.531
328.557
328.585
328.614
328.646
328.686
327.96
327.994
328.032
328.069
328.097
328.127
328.16
328.193
328.225
328.256
328.287
328.317
328.355
328.39
328.421
328.448
328.473
328.496
328.518
328.54
328.565
328.591
328.618
328.646
328.676
328.715
327.984
328.018
328.056
328.092
328.124
328.156
328.19
328.224
328.256
328.288
328.319
328.35
328.385
328.418
328.448
328.477
328.504
328.529
328.552
328.575
328.6
328.626
328.652
328.679
328.708
328.745
)
;
        Tnbr            T;
        qrNbr           qr;
        qr              none;
        thermalInertia  false;
        thicknessLayers List<scalar> 0();
        kappaLayers     List<scalar> 0();
        kappaMethod     solidThermo;
        kappa           none;
        alphaAni        none;
        alpha           none;
    }
    concrete_to_asphalt
    {
        type            compressible::turbulentTemperatureRadCoupledMixed;
        refValue        nonuniform List<scalar> 
52
(
325.749
325.783
325.817
325.85
325.881
325.912
325.943
325.974
326.004
326.034
326.063
326.091
326.121
326.15
326.178
326.205
326.231
326.255
326.279
326.302
326.325
326.349
326.373
326.398
326.424
326.454
327.204
327.241
327.277
327.312
327.345
327.378
327.411
327.444
327.476
327.507
327.538
327.568
327.599
327.63
327.659
327.687
327.715
327.74
327.765
327.789
327.814
327.839
327.864
327.89
327.917
327.947
)
;
        refGradient     uniform 0;
        valueFraction   nonuniform List<scalar> 
52
(
0.529412
0.529412
0.529412
0.529412
0.529412
0.529412
0.529412
0.529412
0.529412
0.529412
0.529412
0.529412
0.529412
0.529412
0.529412
0.529412
0.529412
0.529412
0.529412
0.529412
0.529412
0.529412
0.529412
0.529412
0.529412
0.529412
0.529412
0.529412
0.529412
0.529412
0.529412
0.529412
0.529412
0.529412
0.529412
0.529412
0.529412
0.529412
0.529412
0.529412
0.529412
0.529412
0.529412
0.529412
0.529412
0.529412
0.529412
0.529412
0.529412
0.529412
0.529412
0.529412
)
;
        value           nonuniform List<scalar> 
52
(
325.661
325.689
325.722
325.755
325.785
325.815
325.846
325.876
325.906
325.935
325.964
325.993
326.023
326.053
326.081
326.108
326.133
326.156
326.179
326.201
326.224
326.248
326.273
326.298
326.325
326.362
327.196
327.23
327.266
327.301
327.333
327.366
327.398
327.431
327.463
327.494
327.524
327.554
327.587
327.618
327.648
327.676
327.703
327.727
327.751
327.775
327.799
327.824
327.85
327.876
327.904
327.938
)
;
        Tnbr            T;
        qrNbr           none;
        qr              none;
        thermalInertia  false;
        thicknessLayers List<scalar> 0();
        kappaLayers     List<scalar> 0();
        kappaMethod     solidThermo;
        kappa           none;
        alphaAni        none;
        alpha           none;
    }
    concrete_to_soil2
    {
        type            compressible::turbulentTemperatureRadCoupledMixed;
        refValue        nonuniform List<scalar> 
200
(
324.301
324.566
324.878
325.082
325.277
324.258
311.742
310.515
310.311
310.912
320.381
321.141
321.137
321.192
321.172
321.233
321.362
321.512
321.662
321.81
321.957
322.099
322.227
322.337
322.431
322.511
324.226
322.797
324.3
323.078
324.277
323.224
324.002
323.229
323.317
323.247
322.346
323.116
321.464
323.033
321.068
323.106
320.813
323.364
320.807
323.771
321.427
324.233
322.279
324.67
322.938
325.019
323.299
325.362
323.501
325.118
323.67
325.783
323.84
323.085
323.99
317.67
324.099
312.822
324.173
310.34
324.232
309.682
324.294
309.784
324.367
309.91
324.454
310.997
324.55
313.773
324.653
317.906
324.757
322.028
324.862
324.887
324.966
326.166
325.069
326.368
325.172
326.192
325.274
326.066
325.373
326.087
325.465
326.188
325.545
326.295
325.613
326.378
325.67
326.44
325.909
326.185
326.515
326.729
327.007
326.293
311.922
310.99
310.789
311.127
321.958
322.473
322.427
322.505
322.499
322.584
322.735
322.905
323.071
323.236
323.4
323.558
323.702
323.828
323.937
324.032
325.833
324.341
325.905
324.645
325.864
324.813
325.553
324.85
324.797
324.885
323.737
324.734
322.799
324.629
322.441
324.69
322.219
324.947
322.237
325.362
322.943
325.834
323.893
326.276
324.614
326.612
324.989
326.963
325.179
326.614
325.329
327.511
325.483
324.54
325.623
318.482
325.728
313.139
325.803
310.537
325.865
309.951
325.931
310.088
326.01
310.188
326.101
311.334
326.201
314.372
326.305
318.938
326.41
323.486
326.512
326.607
326.611
327.96
326.705
328.124
326.794
327.885
326.877
327.712
326.952
327.703
327.015
327.779
327.065
327.859
327.105
327.914
327.138
327.952
)
;
        refGradient     uniform 0;
        valueFraction   nonuniform List<scalar> 
200
(
0.529412
0.529412
0.529412
0.529412
0.529412
0.529412
0.529412
0.529412
0.529412
0.529412
0.529412
0.529412
0.529412
0.529412
0.529412
0.529412
0.529412
0.529412
0.529412
0.529412
0.529412
0.529412
0.529412
0.529412
0.529412
0.529412
0.529412
0.529412
0.529412
0.529412
0.529412
0.529412
0.529412
0.529412
0.529412
0.529412
0.529412
0.529412
0.529412
0.529412
0.529412
0.529412
0.529412
0.529412
0.529412
0.529412
0.529412
0.529412
0.529412
0.529412
0.529412
0.529412
0.529412
0.529412
0.529412
0.529412
0.529412
0.529412
0.529412
0.529412
0.529412
0.529412
0.529412
0.529412
0.529412
0.529412
0.529412
0.529412
0.529412
0.529412
0.529412
0.529412
0.529412
0.529412
0.529412
0.529412
0.529412
0.529412
0.529412
0.529412
0.529412
0.529412
0.529412
0.529412
0.529412
0.529412
0.529412
0.529412
0.529412
0.529412
0.529412
0.529412
0.529412
0.529412
0.529412
0.529412
0.529412
0.529412
0.529412
0.529412
0.529412
0.529412
0.529412
0.529412
0.529412
0.529412
0.529412
0.529412
0.529412
0.529412
0.529412
0.529412
0.529412
0.529412
0.529412
0.529412
0.529412
0.529412
0.529412
0.529412
0.529412
0.529412
0.529412
0.529412
0.529412
0.529412
0.529412
0.529412
0.529412
0.529412
0.529412
0.529412
0.529412
0.529412
0.529412
0.529412
0.529412
0.529412
0.529412
0.529412
0.529412
0.529412
0.529412
0.529412
0.529412
0.529412
0.529412
0.529412
0.529412
0.529412
0.529412
0.529412
0.529412
0.529412
0.529412
0.529412
0.529412
0.529412
0.529412
0.529412
0.529412
0.529412
0.529412
0.529412
0.529412
0.529412
0.529412
0.529412
0.529412
0.529412
0.529412
0.529412
0.529412
0.529412
0.529412
0.529412
0.529412
0.529412
0.529412
0.529412
0.529412
0.529412
0.529412
0.529412
0.529412
0.529412
0.529412
0.529412
0.529412
0.529412
0.529412
0.529412
0.529412
0.529412
0.529412
0.529412
0.529412
0.529412
0.529412
0.529412
)
;
        value           nonuniform List<scalar> 
200
(
324.241
324.517
324.844
325.029
325.222
324.222
311.65
310.422
310.258
310.983
321.234
321.914
321.739
321.646
321.485
321.443
321.501
321.604
321.722
321.849
321.982
322.114
322.236
322.345
322.441
322.53
324.201
322.681
324.238
322.969
324.154
323.094
323.814
323.109
323.109
323.146
322.225
323.023
321.486
322.942
321.155
323.007
320.928
323.245
320.904
323.621
321.407
324.048
322.18
324.451
322.845
324.783
323.241
325.077
323.46
324.987
323.62
325.34
323.77
323.762
323.905
320.633
324.009
317.796
324.085
316.315
324.148
315.956
324.212
316.051
324.288
316.151
324.375
316.825
324.471
318.476
324.574
320.911
324.68
323.344
324.786
325.052
324.891
325.848
324.996
326.021
325.101
325.971
325.205
325.946
325.307
326.003
325.401
326.103
325.484
326.203
325.555
326.285
325.618
326.354
325.898
326.193
326.541
326.735
327.016
326.343
311.859
310.944
310.782
311.215
323.009
323.377
323.125
323.034
322.874
322.848
322.923
323.041
323.172
323.315
323.465
323.615
323.755
323.882
323.994
324.097
325.858
324.261
325.895
324.578
325.792
324.721
325.412
324.777
324.635
324.838
323.668
324.696
322.882
324.592
322.578
324.643
322.371
324.876
322.36
325.256
322.931
325.69
323.796
326.101
324.529
326.43
324.948
326.728
325.165
326.582
325.315
327.057
325.456
325.375
325.586
321.983
325.69
318.957
325.768
317.462
325.834
317.177
325.903
317.299
325.983
317.382
326.075
318.071
326.176
319.822
326.282
322.431
326.389
325.033
326.493
326.838
326.593
327.652
326.69
327.797
326.784
327.711
326.872
327.657
326.953
327.691
327.022
327.768
327.079
327.842
327.123
327.897
327.161
327.941
)
;
        Tnbr            T;
        qrNbr           none;
        qr              none;
        thermalInertia  false;
        thicknessLayers List<scalar> 0();
        kappaLayers     List<scalar> 0();
        kappaMethod     solidThermo;
        kappa           none;
        alphaAni        none;
        alpha           none;
    }
    concrete_to_buildings
    {
        type            externalWallHeatFluxTemperature;
        mode            coefficient;
        kappaMethod     solidThermo;
        kappa           none;
        alphaAni        none;
        alpha           none;
        h               constant 10;
        Ta              constant 293.15;
        thicknessLayers List<scalar> 1(0.3);
        kappaLayers     List<scalar> 1(1.6);
        qr              none;
        refValue        uniform 293.15;
        refGradient     uniform 0;
        valueFraction   nonuniform List<scalar> 
64
(
0.0980392
0.0980392
0.0980392
0.0980392
0.0980392
0.0980392
0.0980392
0.0980392
0.0980392
0.0980392
0.0980392
0.0980392
0.0980392
0.0980392
0.0980392
0.0980392
0.0980392
0.0980392
0.0980392
0.0980392
0.0980392
0.0980392
0.0980392
0.0980392
0.0980392
0.0980392
0.0980392
0.0980392
0.0980392
0.0980392
0.0980392
0.0980392
0.0980392
0.0980392
0.0980392
0.0980392
0.0980392
0.0980392
0.0980392
0.0980392
0.0980392
0.0980392
0.0980392
0.0980392
0.0980392
0.0980392
0.0980392
0.0980392
0.0980392
0.0980392
0.0980392
0.0980392
0.0980392
0.0980392
0.0980392
0.0980392
0.0980392
0.0980392
0.0980392
0.0980392
0.0980392
0.0980392
0.0980392
0.0980392
)
;
        value           nonuniform List<scalar> 
64
(
300.956
298.708
297.297
296.928
296.933
297.331
298.867
301.304
298.746
296.141
295.44
295.242
295.244
295.453
296.19
298.948
298.34
295.627
295.006
294.848
294.849
295.01
295.649
298.493
298.251
295.505
294.894
294.745
294.744
294.894
295.52
298.387
298.21
295.476
294.872
294.725
294.724
294.871
295.494
298.368
298.181
295.496
294.903
294.758
294.756
294.9
295.518
298.39
298.246
295.658
295.088
294.945
294.935
295.068
295.666
298.5
298.93
296.593
296.073
295.92
295.881
295.972
296.488
299.101
)
;
    }
    concrete_to_soil1
    {
        type            compressible::turbulentTemperatureRadCoupledMixed;
        refValue        nonuniform List<scalar> 
962
(
322.631
322.894
323.209
323.364
323.469
322.239
311.253
309.795
309.677
310.761
320.435
321.296
321.034
320.794
320.497
320.339
320.31
320.353
320.426
320.516
320.619
320.725
320.827
320.919
321.002
321.091
322.623
322.836
323.093
323.18
323.358
322.196
311.445
310.005
309.946
311.221
321.714
322.738
322.373
322.057
321.641
321.367
321.233
321.176
321.155
321.155
321.171
321.197
321.227
321.259
321.296
321.355
322.482
322.554
322.655
322.679
323.012
321.868
311.012
309.539
309.518
310.954
321.985
323.165
322.638
322.319
321.909
321.634
321.488
321.407
321.338
321.277
321.239
321.23
321.247
321.289
321.355
321.448
322.101
322.011
321.909
321.744
321.316
320.066
310.899
309.614
309.61
310.975
321.036
322.715
323.05
322.855
322.315
321.843
321.544
321.523
321.473
321.314
321.201
321.191
321.228
321.285
321.359
321.449
321.439
321.32
321.068
319.515
304.023
301.017
299.119
298.584
298.592
299.169
301.231
304.482
321.215
322.521
322.158
321.796
321.604
321.534
321.494
321.448
321.407
321.384
321.378
321.39
321.428
321.485
320.718
320.819
320.824
319.086
301.101
297.606
296.595
296.304
296.308
296.614
297.678
301.374
320.622
322.535
322.332
321.997
321.772
321.637
321.545
321.468
321.4
321.352
321.324
321.322
321.346
321.387
320.174
320.523
320.765
319.117
300.512
296.864
295.965
295.733
295.734
295.971
296.898
300.718
320.468
322.497
322.339
322.013
321.765
321.589
321.461
321.368
321.305
321.268
321.254
321.265
321.287
321.324
319.91
320.354
320.71
319.175
300.378
296.685
295.801
295.581
295.58
295.802
296.708
300.561
320.429
322.465
322.325
322.005
321.754
321.579
321.451
321.365
321.312
321.29
321.296
321.317
321.344
321.39
319.714
320.142
320.496
319.029
300.319
296.644
295.768
295.552
295.551
295.767
296.671
300.532
320.429
322.481
322.361
322.082
321.86
321.698
321.575
321.495
321.448
321.438
321.455
321.486
321.53
321.605
319.669
319.967
320.184
318.696
300.282
296.672
295.814
295.601
295.597
295.809
296.706
300.563
320.493
322.602
322.512
322.294
322.083
321.92
321.793
321.708
321.667
321.656
321.677
321.729
321.812
321.936
320.001
320.009
319.914
318.305
300.382
296.907
296.082
295.871
295.858
296.053
296.92
300.72
320.632
322.88
322.877
322.584
322.287
322.1
321.976
321.893
321.844
321.834
321.873
321.972
322.124
322.31
320.615
320.358
319.858
318.046
301.279
298.147
297.395
297.172
297.12
297.257
298.008
301.503
320.685
322.704
322.654
322.417
322.194
322.05
321.964
321.915
321.894
321.913
321.999
322.171
322.413
322.662
321.224
320.9
320.225
318.465
307.307
305.374
304.756
304.421
304.191
304.105
304.448
306.549
319.55
321.395
321.673
321.7
321.704
321.727
321.765
321.806
321.852
321.928
322.079
322.337
322.669
322.966
321.629
321.378
320.758
318.97
308.186
306.498
306.015
305.79
305.667
305.662
305.979
307.664
319.013
320.745
321.163
321.337
321.465
321.586
321.699
321.797
321.885
321.995
322.187
322.498
322.882
323.199
321.86
321.698
321.201
319.439
308.321
306.676
306.257
306.08
305.995
306.012
306.303
307.882
319.154
320.843
321.263
321.449
321.585
321.709
321.824
321.923
322.012
322.121
322.312
322.62
323.002
323.281
322.01
321.899
321.51
319.843
308.503
306.874
306.489
306.338
306.275
306.304
306.583
308.117
319.386
321.02
321.41
321.584
321.714
321.833
321.943
322.041
322.13
322.235
322.404
322.674
323.017
323.277
322.137
322.046
321.736
320.263
309.753
308.256
307.917
307.79
307.741
307.773
308.024
309.421
319.832
321.315
321.659
321.813
321.928
322.032
322.128
322.216
322.299
322.389
322.518
322.715
322.955
322.901
322.253
322.177
321.946
320.82
312.708
311.541
311.28
311.188
311.155
311.181
311.376
312.465
320.523
321.68
321.95
322.073
322.167
322.252
322.332
322.408
322.482
322.558
322.645
322.755
322.831
322.234
322.35
322.294
322.152
321.472
316.729
316.02
315.862
315.812
315.797
315.816
315.942
316.613
321.346
322.064
322.245
322.334
322.404
322.47
322.532
322.594
322.658
322.722
322.781
322.816
322.713
321.558
322.425
322.391
322.329
322.054
320.354
320.066
320.003
319.99
319.992
320.009
320.074
320.361
322.078
322.395
322.494
322.551
322.601
322.65
322.697
322.747
322.799
322.854
322.899
322.895
322.665
321.134
322.489
322.472
322.463
322.441
322.535
322.511
322.511
322.523
322.536
322.551
322.577
322.623
322.561
322.626
322.671
322.709
322.746
322.784
322.823
322.863
322.906
322.95
322.986
322.968
322.695
321.057
322.553
322.545
322.561
322.632
323.251
323.325
323.353
323.376
323.396
323.41
323.419
323.378
322.796
322.769
322.791
322.819
322.85
322.883
322.918
322.954
322.99
323.026
323.051
323.024
322.749
321.126
322.624
322.621
322.642
322.711
323.157
323.228
323.261
323.288
323.309
323.324
323.33
323.294
322.887
322.864
322.882
322.907
322.936
322.967
323.001
323.034
323.068
323.099
323.118
323.083
322.806
321.204
322.707
322.704
322.724
322.764
322.913
322.953
322.982
323.008
323.03
323.046
323.057
323.051
322.943
322.952
322.972
322.996
323.024
323.055
323.087
323.12
323.151
323.18
323.197
323.164
322.911
321.437
322.799
322.797
322.816
322.838
322.825
322.844
322.869
322.893
322.915
322.934
322.95
322.965
323.021
323.05
323.072
323.096
323.122
323.151
323.182
323.214
323.245
323.272
323.289
323.266
323.064
321.878
322.897
322.898
322.918
322.937
322.897
322.911
322.934
322.957
322.978
322.999
323.019
323.042
323.127
323.161
323.183
323.205
323.23
323.257
323.287
323.317
323.347
323.374
323.393
323.385
323.256
322.482
323
323.002
323.025
323.049
323.035
323.05
323.072
323.094
323.116
323.139
323.161
323.185
323.247
323.278
323.299
323.319
323.342
323.368
323.395
323.424
323.452
323.48
323.502
323.509
323.455
323.093
323.105
323.11
323.135
323.164
323.172
323.189
323.211
323.232
323.254
323.278
323.302
323.326
323.368
323.398
323.416
323.435
323.456
323.48
323.505
323.532
323.56
323.587
323.613
323.632
323.632
323.566
323.212
323.218
323.246
323.277
323.292
323.31
323.331
323.353
323.375
323.4
323.425
323.449
323.486
323.517
323.535
323.551
323.571
323.593
323.617
323.642
323.669
323.695
323.722
323.749
323.779
323.853
323.32
323.329
323.358
323.39
323.404
323.421
323.443
323.465
323.488
323.512
323.538
323.563
323.604
323.635
323.654
323.67
323.687
323.708
323.73
323.754
323.779
323.805
323.832
323.862
323.901
324.004
323.431
323.441
323.472
323.503
323.516
323.533
323.555
323.578
323.602
323.626
323.652
323.678
323.721
323.754
323.774
323.79
323.806
323.825
323.846
323.869
323.893
323.918
323.945
323.974
324.013
324.097
323.544
323.555
323.586
323.617
323.63
323.648
323.671
323.695
323.72
323.744
323.77
323.797
323.839
323.873
323.895
323.912
323.928
323.945
323.965
323.986
324.009
324.034
324.06
324.089
324.124
324.187
323.656
323.668
323.698
323.729
323.744
323.763
323.788
323.813
323.838
323.863
323.889
323.916
323.956
323.99
324.013
324.032
324.049
324.066
324.084
324.104
324.127
324.15
324.176
324.204
324.237
324.29
323.764
323.776
323.805
323.835
323.854
323.875
323.9
323.927
323.952
323.978
324.004
324.03
324.068
324.101
324.126
324.146
324.164
324.182
324.2
324.219
324.241
324.264
324.289
324.316
324.348
324.4
323.862
323.874
323.903
323.932
323.954
323.977
324.004
324.031
324.057
324.083
324.109
324.136
324.171
324.202
324.228
324.25
324.27
324.288
324.307
324.326
324.347
324.37
324.394
324.42
324.451
324.504
323.949
323.961
323.989
324.019
324.044
324.069
324.096
324.124
324.151
324.178
324.205
324.231
324.263
324.293
324.319
324.343
324.365
324.384
324.403
324.423
324.444
324.467
324.491
324.516
324.546
324.598
324.037
324.052
324.081
324.111
324.138
324.166
324.194
324.223
324.25
324.278
324.304
324.331
324.361
324.389
324.416
324.44
324.463
324.485
324.505
324.526
324.547
324.57
324.593
324.618
324.646
324.693
)
;
        refGradient     uniform 0;
        valueFraction   nonuniform List<scalar> 
962
(
0.52519
0.52519
0.52519
0.52519
0.52519
0.52519
0.52519
0.52519
0.52519
0.52519
0.52519
0.52519
0.52519
0.52519
0.52519
0.52519
0.52519
0.52519
0.52519
0.52519
0.52519
0.52519
0.52519
0.52519
0.52519
0.52519
0.52519
0.52519
0.52519
0.52519
0.52519
0.52519
0.52519
0.52519
0.52519
0.52519
0.52519
0.52519
0.52519
0.52519
0.52519
0.52519
0.52519
0.52519
0.52519
0.52519
0.52519
0.52519
0.52519
0.52519
0.52519
0.52519
0.52519
0.52519
0.52519
0.52519
0.52519
0.52519
0.52519
0.52519
0.52519
0.52519
0.52519
0.52519
0.52519
0.52519
0.52519
0.52519
0.52519
0.52519
0.52519
0.52519
0.52519
0.52519
0.52519
0.52519
0.52519
0.52519
0.52519
0.52519
0.52519
0.52519
0.52519
0.52519
0.52519
0.52519
0.52519
0.52519
0.52519
0.52519
0.52519
0.52519
0.52519
0.52519
0.52519
0.52519
0.52519
0.52519
0.52519
0.52519
0.52519
0.52519
0.52519
0.52519
0.52519
0.52519
0.52519
0.52519
0.52519
0.52519
0.52519
0.52519
0.52519
0.52519
0.52519
0.52519
0.52519
0.52519
0.52519
0.52519
0.52519
0.52519
0.52519
0.52519
0.52519
0.52519
0.52519
0.52519
0.52519
0.52519
0.52519
0.52519
0.52519
0.52519
0.52519
0.52519
0.52519
0.52519
0.52519
0.52519
0.52519
0.52519
0.52519
0.52519
0.52519
0.52519
0.52519
0.52519
0.52519
0.52519
0.52519
0.52519
0.52519
0.52519
0.52519
0.52519
0.52519
0.52519
0.52519
0.52519
0.52519
0.52519
0.52519
0.52519
0.52519
0.52519
0.52519
0.52519
0.52519
0.52519
0.52519
0.52519
0.52519
0.52519
0.52519
0.52519
0.52519
0.52519
0.52519
0.52519
0.52519
0.52519
0.52519
0.52519
0.52519
0.52519
0.52519
0.52519
0.52519
0.52519
0.52519
0.52519
0.52519
0.52519
0.52519
0.52519
0.52519
0.52519
0.52519
0.52519
0.52519
0.52519
0.52519
0.52519
0.52519
0.52519
0.52519
0.52519
0.52519
0.52519
0.52519
0.52519
0.52519
0.52519
0.52519
0.52519
0.52519
0.52519
0.52519
0.52519
0.52519
0.52519
0.52519
0.52519
0.52519
0.52519
0.52519
0.52519
0.52519
0.52519
0.52519
0.52519
0.52519
0.52519
0.52519
0.52519
0.52519
0.52519
0.52519
0.52519
0.52519
0.52519
0.52519
0.52519
0.52519
0.52519
0.52519
0.52519
0.52519
0.52519
0.52519
0.52519
0.52519
0.52519
0.52519
0.52519
0.52519
0.52519
0.52519
0.52519
0.52519
0.52519
0.52519
0.52519
0.52519
0.52519
0.52519
0.52519
0.52519
0.52519
0.52519
0.52519
0.52519
0.52519
0.52519
0.52519
0.52519
0.52519
0.52519
0.52519
0.52519
0.52519
0.52519
0.52519
0.52519
0.52519
0.52519
0.52519
0.52519
0.52519
0.52519
0.52519
0.52519
0.52519
0.52519
0.52519
0.52519
0.52519
0.52519
0.52519
0.52519
0.52519
0.52519
0.52519
0.52519
0.52519
0.52519
0.52519
0.52519
0.52519
0.52519
0.52519
0.52519
0.52519
0.52519
0.52519
0.52519
0.52519
0.52519
0.52519
0.52519
0.52519
0.52519
0.52519
0.52519
0.52519
0.52519
0.52519
0.52519
0.52519
0.52519
0.52519
0.52519
0.52519
0.52519
0.52519
0.52519
0.52519
0.52519
0.52519
0.52519
0.52519
0.52519
0.52519
0.52519
0.52519
0.52519
0.52519
0.52519
0.52519
0.52519
0.52519
0.52519
0.52519
0.52519
0.52519
0.52519
0.52519
0.52519
0.52519
0.52519
0.52519
0.52519
0.52519
0.52519
0.52519
0.52519
0.52519
0.52519
0.52519
0.52519
0.52519
0.52519
0.52519
0.52519
0.52519
0.52519
0.52519
0.52519
0.52519
0.52519
0.52519
0.52519
0.52519
0.52519
0.52519
0.52519
0.52519
0.52519
0.52519
0.52519
0.52519
0.52519
0.52519
0.52519
0.52519
0.52519
0.52519
0.52519
0.52519
0.52519
0.52519
0.52519
0.52519
0.52519
0.52519
0.52519
0.52519
0.52519
0.52519
0.52519
0.52519
0.52519
0.52519
0.52519
0.52519
0.52519
0.52519
0.52519
0.52519
0.52519
0.52519
0.52519
0.52519
0.52519
0.52519
0.52519
0.52519
0.52519
0.52519
0.52519
0.52519
0.52519
0.52519
0.52519
0.52519
0.52519
0.52519
0.52519
0.52519
0.52519
0.52519
0.52519
0.52519
0.52519
0.52519
0.52519
0.52519
0.52519
0.52519
0.52519
0.52519
0.52519
0.52519
0.52519
0.52519
0.52519
0.52519
0.52519
0.52519
0.52519
0.52519
0.52519
0.52519
0.52519
0.52519
0.52519
0.52519
0.52519
0.52519
0.52519
0.52519
0.52519
0.52519
0.52519
0.52519
0.52519
0.52519
0.52519
0.52519
0.52519
0.52519
0.52519
0.52519
0.52519
0.52519
0.52519
0.52519
0.52519
0.52519
0.52519
0.52519
0.52519
0.52519
0.52519
0.52519
0.52519
0.52519
0.52519
0.52519
0.52519
0.52519
0.52519
0.52519
0.52519
0.52519
0.52519
0.52519
0.52519
0.52519
0.52519
0.52519
0.52519
0.52519
0.52519
0.52519
0.52519
0.52519
0.52519
0.52519
0.52519
0.52519
0.52519
0.52519
0.52519
0.52519
0.52519
0.52519
0.52519
0.52519
0.52519
0.52519
0.52519
0.52519
0.52519
0.52519
0.52519
0.52519
0.52519
0.52519
0.52519
0.52519
0.52519
0.52519
0.52519
0.52519
0.52519
0.52519
0.52519
0.52519
0.52519
0.52519
0.52519
0.52519
0.52519
0.52519
0.52519
0.52519
0.52519
0.52519
0.52519
0.52519
0.52519
0.52519
0.52519
0.52519
0.52519
0.52519
0.52519
0.52519
0.52519
0.52519
0.52519
0.52519
0.52519
0.52519
0.52519
0.52519
0.52519
0.52519
0.52519
0.52519
0.52519
0.52519
0.52519
0.52519
0.52519
0.52519
0.52519
0.52519
0.52519
0.52519
0.52519
0.52519
0.52519
0.52519
0.52519
0.52519
0.52519
0.52519
0.52519
0.52519
0.52519
0.52519
0.52519
0.52519
0.52519
0.52519
0.52519
0.52519
0.52519
0.52519
0.52519
0.52519
0.52519
0.52519
0.52519
0.52519
0.52519
0.52519
0.52519
0.52519
0.52519
0.52519
0.52519
0.52519
0.52519
0.52519
0.52519
0.52519
0.52519
0.52519
0.52519
0.52519
0.52519
0.52519
0.52519
0.52519
0.52519
0.52519
0.52519
0.52519
0.52519
0.52519
0.52519
0.52519
0.52519
0.52519
0.52519
0.52519
0.52519
0.52519
0.52519
0.52519
0.52519
0.52519
0.52519
0.52519
0.52519
0.52519
0.52519
0.52519
0.52519
0.52519
0.52519
0.52519
0.52519
0.52519
0.52519
0.52519
0.52519
0.52519
0.52519
0.52519
0.52519
0.52519
0.52519
0.52519
0.52519
0.52519
0.52519
0.52519
0.52519
0.52519
0.52519
0.52519
0.52519
0.52519
0.52519
0.52519
0.52519
0.52519
0.52519
0.52519
0.52519
0.52519
0.52519
0.52519
0.52519
0.52519
0.52519
0.52519
0.52519
0.52519
0.52519
0.52519
0.52519
0.52519
0.52519
0.52519
0.52519
0.52519
0.52519
0.52519
0.52519
0.52519
0.52519
0.52519
0.52519
0.52519
0.52519
0.52519
0.52519
0.52519
0.52519
0.52519
0.52519
0.52519
0.52519
0.52519
0.52519
0.52519
0.52519
0.52519
0.52519
0.52519
0.52519
0.52519
0.52519
0.52519
0.52519
0.52519
0.52519
0.52519
0.52519
0.52519
0.52519
0.52519
0.52519
0.52519
0.52519
0.52519
0.52519
0.52519
0.52519
0.52519
0.52519
0.52519
0.52519
0.52519
0.52519
0.52519
0.52519
0.52519
0.52519
0.52519
0.52519
0.52519
0.52519
0.52519
0.52519
0.52519
0.52519
0.52519
0.52519
0.52519
0.52519
0.52519
0.52519
0.52519
0.52519
0.52519
0.52519
0.52519
0.52519
0.52519
0.52519
0.52519
0.52519
0.52519
0.52519
0.52519
0.52519
0.52519
0.52519
0.52519
0.52519
0.52519
0.52519
0.52519
0.52519
0.52519
0.52519
0.52519
0.52519
0.52519
0.52519
0.52519
0.52519
0.52519
0.52519
0.52519
0.52519
0.52519
0.52519
0.52519
0.52519
0.52519
0.52519
0.52519
0.52519
0.52519
0.52519
0.52519
0.52519
0.52519
0.52519
0.52519
0.52519
0.52519
0.52519
0.52519
0.52519
0.52519
0.52519
0.52519
0.52519
0.52519
0.52519
0.52519
0.52519
0.52519
0.52519
0.52519
0.52519
0.52519
0.52519
0.52519
0.52519
0.52519
0.52519
0.52519
0.52519
0.52519
0.52519
0.52519
0.52519
0.52519
0.52519
0.52519
0.52519
0.52519
0.52519
0.52519
0.52519
0.52519
0.52519
0.52519
0.52519
0.52519
0.52519
0.52519
0.52519
0.52519
0.52519
0.52519
0.52519
0.52519
0.52519
0.52519
0.52519
0.52519
0.52519
0.52519
0.52519
0.52519
0.52519
0.52519
0.52519
0.52519
0.52519
0.52519
0.52519
0.52519
0.52519
0.52519
0.52519
0.52519
0.52519
0.52519
0.52519
0.52519
0.52519
0.52519
0.52519
0.52519
0.52519
0.52519
0.52519
0.52519
0.52519
0.52519
0.52519
0.52519
0.52519
0.52519
0.52519
0.52519
0.52519
0.52519
0.52519
0.52519
0.52519
0.52519
0.52519
0.52519
0.52519
0.52519
0.52519
0.52519
0.52519
0.52519
0.52519
0.52519
0.52519
0.52519
0.52519
0.52519
0.52519
0.52519
0.52519
0.52519
0.52519
0.52519
0.52519
0.52519
0.52519
0.52519
0.52519
0.52519
0.52519
0.52519
0.52519
0.52519
0.52519
0.52519
0.52519
0.52519
0.52519
0.52519
0.52519
0.52519
)
;
        value           nonuniform List<scalar> 
962
(
323.363
323.638
323.967
324.127
324.272
323.161
311.393
310.043
309.924
310.904
321.271
322.002
321.69
321.44
321.133
320.975
320.95
320.996
321.074
321.17
321.279
321.393
321.501
321.6
321.691
321.784
323.357
323.582
323.848
323.933
324.157
323.114
311.606
310.272
310.213
311.38
322.621
323.519
323.097
322.772
322.345
322.07
321.934
321.876
321.854
321.854
321.872
321.899
321.931
321.964
322.004
322.063
323.21
323.289
323.39
323.418
323.834
322.812
311.157
309.78
309.759
311.093
322.931
323.982
323.354
323.023
322.609
322.342
322.202
322.125
322.055
321.991
321.948
321.934
321.949
321.993
322.062
322.16
322.813
322.724
322.622
322.503
322.317
321.21
311.322
310.105
310.098
311.388
322.251
323.812
323.876
323.619
323.052
322.568
322.241
322.247
322.234
322.075
321.93
321.908
321.944
322.002
322.08
322.173
322.121
322.008
321.777
320.377
303.582
300.667
298.829
298.321
298.328
298.877
300.874
304.028
322.193
323.316
322.894
322.521
322.331
322.271
322.24
322.198
322.154
322.127
322.117
322.127
322.165
322.219
321.369
321.492
321.556
320.035
300.739
297.352
296.391
296.116
296.119
296.409
297.421
301.002
321.662
323.361
323.097
322.751
322.525
322.39
322.295
322.217
322.145
322.091
322.059
322.054
322.076
322.115
320.809
321.192
321.509
320.106
300.18
296.647
295.793
295.573
295.574
295.798
296.678
300.377
321.534
323.332
323.108
322.769
322.518
322.335
322.201
322.103
322.035
321.994
321.978
321.988
322.01
322.044
320.548
321.023
321.459
320.182
300.053
296.478
295.637
295.43
295.429
295.638
296.499
300.229
321.505
323.301
323.092
322.756
322.497
322.314
322.18
322.088
322.032
322.008
322.014
322.036
322.061
322.105
320.352
320.805
321.238
320.033
299.998
296.438
295.606
295.402
295.401
295.606
296.463
300.202
321.506
323.317
323.127
322.829
322.599
322.428
322.298
322.214
322.165
322.154
322.172
322.203
322.247
322.32
320.307
320.623
320.912
319.68
299.961
296.465
295.649
295.448
295.445
295.645
296.496
300.231
321.574
323.447
323.281
323.046
322.825
322.653
322.519
322.43
322.387
322.374
322.395
322.447
322.532
322.656
320.658
320.669
320.628
319.257
300.054
296.687
295.904
295.704
295.692
295.876
296.699
300.38
321.724
323.757
323.681
323.354
323.036
322.838
322.708
322.619
322.567
322.555
322.594
322.693
322.849
323.036
321.305
321.038
320.562
318.948
300.926
297.891
297.176
296.964
296.913
297.042
297.755
301.143
321.78
323.576
323.446
323.178
322.938
322.785
322.693
322.639
322.616
322.633
322.719
322.895
323.143
323.394
321.944
321.608
320.941
319.305
307.485
305.68
305.089
304.753
304.512
304.407
304.702
306.658
320.466
322.159
322.396
322.412
322.414
322.439
322.478
322.52
322.568
322.644
322.799
323.063
323.404
323.703
322.363
322.107
321.499
319.815
308.321
306.751
306.296
306.077
305.952
305.939
306.221
307.778
319.864
321.473
321.862
322.034
322.165
322.292
322.41
322.512
322.602
322.714
322.91
323.227
323.621
323.938
322.598
322.438
321.962
320.305
308.429
306.902
306.512
306.34
306.254
306.262
306.521
307.976
320.015
321.588
321.98
322.162
322.299
322.427
322.546
322.647
322.737
322.848
323.041
323.355
323.743
324.021
322.748
322.643
322.28
320.725
308.587
307.074
306.717
306.571
306.506
306.529
306.777
308.19
320.249
321.768
322.131
322.301
322.432
322.554
322.668
322.769
322.861
322.966
323.137
323.411
323.759
324.019
322.875
322.79
322.507
321.139
309.877
308.484
308.17
308.047
307.997
308.023
308.246
309.535
320.691
322.07
322.389
322.539
322.656
322.762
322.861
322.952
323.037
323.129
323.258
323.458
323.707
323.672
322.992
322.922
322.713
321.671
312.983
311.897
311.656
311.567
311.533
311.554
311.727
312.732
321.362
322.438
322.688
322.808
322.904
322.991
323.073
323.151
323.228
323.305
323.394
323.506
323.599
323.057
323.09
323.04
322.912
322.285
317.225
316.566
316.421
316.374
316.359
316.375
316.487
317.105
322.155
322.823
322.991
323.078
323.15
323.217
323.281
323.345
323.411
323.477
323.539
323.578
323.498
322.428
323.167
323.137
323.083
322.831
321.043
320.778
320.722
320.711
320.713
320.728
320.787
321.051
322.858
323.153
323.246
323.303
323.354
323.403
323.452
323.503
323.557
323.614
323.663
323.666
323.466
322.037
323.232
323.219
323.212
323.195
323.325
323.306
323.308
323.321
323.335
323.35
323.374
323.417
323.322
323.383
323.427
323.465
323.503
323.542
323.582
323.623
323.668
323.714
323.754
323.745
323.505
321.987
323.297
323.293
323.31
323.378
324.057
324.127
324.156
324.18
324.201
324.216
324.225
324.188
323.549
323.526
323.549
323.578
323.61
323.644
323.68
323.717
323.754
323.792
323.821
323.802
323.562
322.064
323.371
323.371
323.392
323.459
323.939
324.007
324.04
324.068
324.09
324.106
324.113
324.081
323.641
323.623
323.642
323.668
323.698
323.731
323.765
323.8
323.834
323.867
323.889
323.864
323.619
322.138
323.456
323.457
323.478
323.517
323.673
323.712
323.742
323.769
323.791
323.809
323.82
323.816
323.703
323.714
323.735
323.76
323.789
323.821
323.854
323.888
323.921
323.95
323.97
323.946
323.723
322.36
323.551
323.553
323.573
323.596
323.578
323.598
323.624
323.649
323.671
323.691
323.707
323.723
323.785
323.815
323.838
323.863
323.89
323.92
323.952
323.985
324.017
324.045
324.065
324.048
323.871
322.774
323.652
323.656
323.677
323.698
323.654
323.669
323.693
323.716
323.738
323.76
323.781
323.804
323.895
323.929
323.951
323.974
324
324.029
324.059
324.09
324.121
324.149
324.17
324.167
324.055
323.342
323.756
323.762
323.786
323.812
323.796
323.813
323.836
323.858
323.881
323.904
323.928
323.951
324.016
324.049
324.069
324.09
324.114
324.141
324.169
324.198
324.228
324.257
324.281
324.291
324.245
323.915
323.862
323.87
323.898
323.928
323.936
323.954
323.977
323.999
324.022
324.046
324.071
324.095
324.139
324.17
324.189
324.207
324.229
324.254
324.28
324.308
324.337
324.365
324.391
324.412
324.417
324.359
323.969
323.979
324.009
324.041
324.057
324.075
324.098
324.12
324.143
324.168
324.194
324.219
324.258
324.289
324.308
324.325
324.344
324.367
324.392
324.418
324.445
324.473
324.501
324.528
324.559
324.631
324.076
324.089
324.12
324.154
324.168
324.185
324.208
324.231
324.255
324.28
324.307
324.333
324.374
324.407
324.426
324.442
324.461
324.481
324.505
324.529
324.555
324.582
324.61
324.64
324.679
324.777
324.185
324.2
324.232
324.265
324.278
324.295
324.319
324.343
324.367
324.393
324.419
324.446
324.49
324.525
324.545
324.561
324.578
324.597
324.619
324.642
324.667
324.693
324.721
324.751
324.789
324.87
324.296
324.311
324.344
324.376
324.39
324.408
324.432
324.457
324.482
324.508
324.534
324.562
324.606
324.641
324.663
324.681
324.697
324.715
324.735
324.757
324.781
324.806
324.833
324.863
324.898
324.959
324.404
324.42
324.453
324.485
324.5
324.52
324.545
324.571
324.597
324.623
324.65
324.677
324.719
324.754
324.778
324.797
324.815
324.832
324.851
324.872
324.895
324.919
324.945
324.974
325.007
325.059
324.507
324.523
324.555
324.586
324.605
324.626
324.653
324.68
324.707
324.733
324.76
324.787
324.826
324.86
324.886
324.907
324.926
324.943
324.962
324.982
325.004
325.028
325.053
325.081
325.113
325.163
324.6
324.615
324.646
324.677
324.699
324.723
324.75
324.778
324.806
324.833
324.86
324.887
324.923
324.956
324.982
325.005
325.025
325.044
325.063
325.083
325.104
325.128
325.153
325.18
325.211
325.262
324.68
324.696
324.726
324.757
324.782
324.808
324.837
324.866
324.894
324.921
324.948
324.976
325.009
325.04
325.067
325.091
325.113
325.134
325.153
325.173
325.195
325.218
325.243
325.269
325.299
325.349
324.76
324.779
324.809
324.841
324.869
324.897
324.926
324.956
324.984
325.012
325.04
325.067
325.098
325.127
325.154
325.18
325.204
325.226
325.247
325.268
325.29
325.313
325.337
325.362
325.39
325.436
)
;
        Tnbr            T;
        qrNbr           none;
        qr              none;
        thermalInertia  false;
        thicknessLayers List<scalar> 0();
        kappaLayers     List<scalar> 0();
        kappaMethod     solidThermo;
        kappa           none;
        alphaAni        none;
        alpha           none;
    }
}


// ************************************************************************* //
