/*--------------------------------*- C++ -*----------------------------------*\
| =========                 |                                                 |
| \\      /  F ield         | OpenFOAM: The Open Source CFD Toolbox           |
|  \\    /   O peration     | Version:  v2012                                 |
|   \\  /    A nd           | Website:  www.openfoam.com                      |
|    \\/     M anipulation  |                                                 |
\*---------------------------------------------------------------------------*/
FoamFile
{
    version     2.0;
    format      ascii;
    class       volScalarField;
    location    "600/asphalt";
    object      T;
}
// * * * * * * * * * * * * * * * * * * * * * * * * * * * * * * * * * * * * * //

dimensions      [0 0 0 1 0 0 0];


internalField   nonuniform List<scalar> 
1980
(
321.649
322.068
322.482
322.836
323.141
323.406
323.638
323.844
324.027
324.191
324.338
324.472
324.595
324.707
324.81
324.905
324.993
325.075
325.151
325.222
325.289
325.351
325.41
325.467
325.52
325.571
325.619
325.666
325.711
325.754
325.795
325.831
325.856
325.889
325.923
325.956
325.989
326.021
326.053
326.083
326.113
326.142
326.171
326.199
326.227
326.254
326.28
326.306
326.332
326.357
326.381
326.405
326.429
326.453
326.477
326.5
326.524
326.55
326.587
326.612
326.634
326.655
326.676
326.696
326.715
326.734
326.753
326.772
326.79
326.808
326.826
326.843
326.861
326.878
326.895
326.912
326.928
326.945
326.961
326.977
326.994
327.011
327.028
327.046
327.066
327.089
327.117
327.162
327.268
327.572
321.649
322.068
322.482
322.836
323.141
323.406
323.638
323.844
324.026
324.19
324.338
324.472
324.594
324.706
324.81
324.905
324.993
325.075
325.151
325.222
325.288
325.351
325.41
325.467
325.52
325.571
325.62
325.666
325.712
325.755
325.797
325.836
325.872
325.908
325.943
325.977
326.01
326.043
326.074
326.105
326.135
326.164
326.193
326.221
326.249
326.276
326.302
326.328
326.354
326.379
326.404
326.428
326.452
326.476
326.499
326.522
326.545
326.568
326.592
326.614
326.635
326.656
326.677
326.698
326.717
326.736
326.755
326.774
326.792
326.81
326.828
326.845
326.863
326.88
326.897
326.914
326.931
326.947
326.963
326.98
326.996
327.013
327.03
327.048
327.068
327.09
327.118
327.163
327.269
327.573
321.649
322.068
322.481
322.835
323.14
323.406
323.638
323.843
324.026
324.19
324.338
324.472
324.594
324.706
324.809
324.905
324.993
325.074
325.15
325.222
325.288
325.351
325.411
325.467
325.52
325.572
325.62
325.667
325.713
325.756
325.798
325.838
325.876
325.912
325.947
325.982
326.015
326.048
326.08
326.11
326.141
326.17
326.199
326.227
326.255
326.282
326.308
326.334
326.36
326.385
326.41
326.435
326.459
326.483
326.506
326.529
326.551
326.573
326.595
326.617
326.638
326.658
326.68
326.7
326.719
326.739
326.757
326.776
326.795
326.813
326.831
326.848
326.866
326.883
326.9
326.917
326.934
326.951
326.967
326.983
326.999
327.016
327.033
327.051
327.07
327.093
327.12
327.165
327.272
327.576
321.649
322.067
322.481
322.835
323.14
323.405
323.638
323.843
324.026
324.19
324.338
324.472
324.594
324.706
324.809
324.904
324.992
325.074
325.15
325.221
325.288
325.351
325.411
325.467
325.521
325.572
325.621
325.669
325.714
325.757
325.799
325.839
325.877
325.914
325.949
325.984
326.017
326.05
326.082
326.113
326.143
326.173
326.202
326.23
326.257
326.284
326.311
326.337
326.363
326.388
326.413
326.438
326.462
326.486
326.509
326.532
326.555
326.577
326.598
326.62
326.641
326.661
326.682
326.702
326.722
326.741
326.76
326.779
326.797
326.816
326.834
326.851
326.869
326.886
326.903
326.92
326.937
326.954
326.97
326.987
327.003
327.019
327.036
327.054
327.073
327.095
327.123
327.167
327.274
327.579
321.648
322.067
322.481
322.835
323.14
323.405
323.638
323.843
324.026
324.19
324.338
324.472
324.594
324.706
324.809
324.904
324.992
325.074
325.15
325.221
325.288
325.352
325.411
325.468
325.522
325.573
325.622
325.67
325.715
325.758
325.8
325.84
325.878
325.915
325.95
325.985
326.019
326.052
326.084
326.115
326.145
326.175
326.204
326.232
326.26
326.287
326.313
326.339
326.365
326.391
326.416
326.441
326.465
326.489
326.512
326.535
326.557
326.579
326.601
326.622
326.643
326.664
326.685
326.705
326.724
326.744
326.763
326.782
326.8
326.819
326.837
326.854
326.872
326.889
326.907
326.924
326.941
326.958
326.974
326.991
327.007
327.023
327.04
327.058
327.077
327.099
327.126
327.17
327.277
327.581
321.648
322.067
322.481
322.835
323.14
323.405
323.637
323.843
324.026
324.189
324.337
324.471
324.594
324.706
324.809
324.904
324.992
325.074
325.15
325.221
325.289
325.352
325.412
325.469
325.523
325.574
325.623
325.671
325.716
325.759
325.801
325.84
325.879
325.916
325.952
325.986
326.02
326.053
326.085
326.117
326.147
326.177
326.206
326.234
326.262
326.289
326.316
326.342
326.368
326.393
326.419
326.444
326.468
326.492
326.515
326.538
326.561
326.583
326.605
326.626
326.647
326.668
326.688
326.708
326.728
326.747
326.766
326.785
326.804
326.822
326.841
326.858
326.876
326.893
326.911
326.928
326.945
326.962
326.979
326.995
327.012
327.029
327.046
327.063
327.082
327.104
327.131
327.175
327.281
327.585
321.648
322.067
322.481
322.834
323.139
323.405
323.637
323.842
324.025
324.189
324.337
324.471
324.593
324.705
324.808
324.904
324.992
325.074
325.15
325.222
325.289
325.353
325.413
325.47
325.524
325.575
325.625
325.672
325.717
325.76
325.802
325.841
325.88
325.917
325.953
325.988
326.022
326.055
326.087
326.119
326.149
326.179
326.208
326.237
326.265
326.292
326.319
326.345
326.371
326.397
326.422
326.447
326.471
326.495
326.519
326.542
326.564
326.587
326.609
326.63
326.651
326.672
326.692
326.712
326.732
326.752
326.771
326.79
326.809
326.827
326.845
326.863
326.881
326.899
326.916
326.933
326.95
326.967
326.984
327.001
327.018
327.035
327.052
327.07
327.089
327.11
327.137
327.18
327.285
327.589
321.648
322.066
322.48
322.834
323.139
323.404
323.637
323.842
324.025
324.189
324.337
324.471
324.594
324.706
324.809
324.904
324.992
325.074
325.151
325.223
325.29
325.354
325.414
325.471
325.526
325.577
325.627
325.674
325.719
325.762
325.804
325.844
325.883
325.92
325.957
325.992
326.026
326.059
326.091
326.123
326.154
326.184
326.213
326.242
326.27
326.297
326.324
326.351
326.377
326.403
326.428
326.453
326.477
326.501
326.525
326.548
326.571
326.593
326.615
326.637
326.658
326.679
326.699
326.72
326.74
326.759
326.778
326.797
326.816
326.835
326.853
326.871
326.889
326.906
326.923
326.941
326.958
326.975
326.992
327.008
327.025
327.042
327.059
327.077
327.096
327.117
327.143
327.185
327.288
327.59
321.648
322.066
322.48
322.834
323.139
323.405
323.637
323.843
324.026
324.19
324.338
324.473
324.595
324.708
324.811
324.907
324.995
325.078
325.155
325.227
325.295
325.359
325.419
325.477
325.531
325.583
325.633
325.68
325.726
325.769
325.811
325.852
325.891
325.929
325.965
326.001
326.035
326.069
326.101
326.133
326.164
326.195
326.224
326.253
326.282
326.31
326.337
326.364
326.39
326.416
326.442
326.467
326.491
326.516
326.539
326.563
326.586
326.608
326.63
326.652
326.674
326.695
326.715
326.736
326.756
326.775
326.795
326.814
326.833
326.851
326.869
326.887
326.905
326.922
326.94
326.957
326.974
326.991
327.007
327.024
327.041
327.057
327.074
327.092
327.111
327.131
327.156
327.196
327.295
327.592
321.648
322.068
322.483
322.838
323.145
323.411
323.645
323.852
324.036
324.202
324.351
324.487
324.61
324.724
324.828
324.925
325.015
325.099
325.177
325.25
325.319
325.385
325.446
325.505
325.56
325.613
325.664
325.713
325.759
325.804
325.847
325.888
325.928
325.967
326.005
326.042
326.077
326.112
326.145
326.178
326.21
326.242
326.272
326.302
326.332
326.361
326.389
326.417
326.444
326.471
326.497
326.523
326.548
326.573
326.598
326.622
326.646
326.669
326.692
326.715
326.737
326.759
326.78
326.801
326.822
326.843
326.863
326.882
326.902
326.921
326.94
326.958
326.976
326.994
327.012
327.03
327.047
327.064
327.081
327.098
327.115
327.132
327.149
327.167
327.186
327.207
327.232
327.269
327.362
327.644
321.655
322.082
322.504
322.866
323.179
323.451
323.691
323.904
324.094
324.265
324.42
324.561
324.69
324.808
324.917
325.019
325.113
325.201
325.284
325.362
325.435
325.504
325.57
325.632
325.692
325.749
325.803
325.855
325.905
325.954
326
326.045
326.089
326.131
326.172
326.212
326.251
326.289
326.326
326.362
326.398
326.432
326.466
326.499
326.532
326.564
326.595
326.626
326.656
326.686
326.715
326.744
326.772
326.799
326.827
326.854
326.88
326.906
326.932
326.957
326.982
327.006
327.03
327.053
327.077
327.1
327.122
327.144
327.166
327.187
327.208
327.229
327.25
327.27
327.29
327.309
327.329
327.348
327.367
327.386
327.405
327.423
327.442
327.462
327.482
327.504
327.529
327.566
327.648
327.892
322.795
323.258
323.7
324.073
324.394
324.673
324.918
325.134
325.327
325.499
325.655
325.796
325.925
326.043
326.151
326.252
326.345
326.431
326.511
326.586
326.656
326.722
326.784
326.844
326.9
326.953
327.004
327.053
327.101
327.146
327.19
327.23
327.261
327.297
327.333
327.369
327.404
327.438
327.471
327.503
327.534
327.565
327.595
327.625
327.654
327.683
327.711
327.738
327.765
327.791
327.817
327.843
327.868
327.893
327.918
327.942
327.967
327.993
328.026
328.051
328.074
328.096
328.118
328.139
328.159
328.179
328.199
328.219
328.238
328.257
328.276
328.294
328.313
328.331
328.349
328.367
328.384
328.401
328.419
328.436
328.453
328.471
328.489
328.508
328.529
328.553
328.581
328.626
328.733
329.078
322.795
323.258
323.7
324.073
324.394
324.673
324.918
325.134
325.326
325.499
325.655
325.796
325.925
326.043
326.151
326.251
326.344
326.43
326.511
326.585
326.656
326.722
326.784
326.844
326.9
326.954
327.005
327.054
327.102
327.148
327.192
327.233
327.272
327.31
327.347
327.383
327.418
327.452
327.486
327.518
327.55
327.581
327.611
327.641
327.67
327.698
327.726
327.753
327.78
327.807
327.833
327.859
327.884
327.909
327.934
327.958
327.982
328.006
328.03
328.053
328.075
328.097
328.12
328.141
328.161
328.182
328.201
328.221
328.24
328.259
328.278
328.297
328.315
328.333
328.351
328.369
328.387
328.404
328.421
328.438
328.455
328.473
328.491
328.51
328.53
328.554
328.582
328.627
328.735
329.08
322.795
323.258
323.7
324.073
324.394
324.673
324.918
325.134
325.326
325.499
325.654
325.796
325.924
326.042
326.151
326.251
326.344
326.43
326.51
326.585
326.656
326.722
326.785
326.844
326.9
326.954
327.006
327.055
327.103
327.149
327.193
327.235
327.275
327.313
327.351
327.387
327.422
327.457
327.49
327.522
327.554
327.585
327.616
327.645
327.674
327.703
327.731
327.758
327.785
327.812
327.838
327.864
327.89
327.915
327.939
327.963
327.987
328.01
328.033
328.056
328.078
328.1
328.122
328.143
328.164
328.184
328.204
328.224
328.243
328.262
328.281
328.3
328.318
328.336
328.355
328.372
328.39
328.408
328.425
328.442
328.459
328.476
328.494
328.513
328.533
328.557
328.585
328.63
328.737
329.083
322.795
323.258
323.699
324.073
324.394
324.673
324.917
325.134
325.326
325.499
325.654
325.795
325.924
326.042
326.151
326.251
326.344
326.43
326.51
326.585
326.656
326.722
326.785
326.844
326.901
326.955
327.007
327.056
327.104
327.15
327.194
327.236
327.276
327.315
327.352
327.389
327.424
327.459
327.492
327.525
327.557
327.588
327.618
327.648
327.677
327.705
327.733
327.761
327.788
327.815
327.841
327.867
327.893
327.918
327.943
327.967
327.99
328.014
328.036
328.059
328.081
328.103
328.124
328.146
328.166
328.187
328.207
328.226
328.246
328.265
328.284
328.303
328.321
328.34
328.358
328.376
328.393
328.411
328.428
328.446
328.463
328.48
328.498
328.516
328.537
328.56
328.588
328.632
328.74
329.085
322.795
323.258
323.699
324.072
324.393
324.672
324.917
325.133
325.326
325.498
325.654
325.795
325.924
326.042
326.15
326.251
326.343
326.43
326.51
326.585
326.656
326.722
326.785
326.845
326.902
326.956
327.008
327.057
327.105
327.151
327.195
327.236
327.277
327.316
327.353
327.39
327.425
327.46
327.494
327.526
327.558
327.59
327.62
327.65
327.679
327.708
327.736
327.763
327.79
327.817
327.844
327.87
327.896
327.921
327.945
327.969
327.993
328.016
328.039
328.062
328.084
328.105
328.127
328.148
328.169
328.189
328.21
328.229
328.249
328.268
328.287
328.306
328.325
328.343
328.361
328.379
328.397
328.415
328.432
328.45
328.467
328.484
328.502
328.521
328.541
328.563
328.591
328.635
328.743
329.088
322.794
323.257
323.699
324.072
324.393
324.672
324.917
325.133
325.326
325.498
325.654
325.795
325.924
326.042
326.15
326.25
326.343
326.429
326.51
326.585
326.656
326.723
326.786
326.846
326.903
326.957
327.009
327.059
327.106
327.152
327.195
327.237
327.278
327.317
327.355
327.391
327.427
327.462
327.495
327.528
327.56
327.592
327.622
327.652
327.682
327.71
327.738
327.766
327.793
327.82
327.847
327.873
327.899
327.924
327.948
327.972
327.996
328.02
328.043
328.065
328.087
328.109
328.131
328.152
328.173
328.193
328.213
328.233
328.253
328.272
328.291
328.31
328.329
328.347
328.365
328.383
328.401
328.419
328.437
328.455
328.472
328.489
328.507
328.526
328.546
328.568
328.596
328.639
328.747
329.092
322.794
323.257
323.699
324.072
324.393
324.672
324.916
325.133
325.325
325.498
325.654
325.795
325.924
326.041
326.15
326.25
326.343
326.429
326.51
326.585
326.656
326.723
326.786
326.846
326.903
326.958
327.01
327.06
327.107
327.153
327.196
327.238
327.279
327.318
327.356
327.393
327.429
327.464
327.498
327.531
327.563
327.594
327.625
327.655
327.684
327.713
327.741
327.769
327.797
327.824
327.85
327.876
327.902
327.927
327.952
327.976
328
328.024
328.047
328.069
328.092
328.113
328.135
328.156
328.177
328.198
328.218
328.238
328.258
328.277
328.296
328.315
328.334
328.352
328.371
328.389
328.407
328.425
328.443
328.46
328.478
328.496
328.514
328.533
328.553
328.575
328.602
328.645
328.752
329.097
322.794
323.257
323.698
324.071
324.393
324.672
324.916
325.132
325.325
325.498
325.653
325.795
325.924
326.042
326.15
326.25
326.343
326.43
326.511
326.586
326.657
326.724
326.788
326.848
326.905
326.96
327.012
327.062
327.109
327.155
327.198
327.241
327.281
327.321
327.359
327.396
327.432
327.467
327.501
327.534
327.567
327.599
327.629
327.66
327.689
327.718
327.747
327.775
327.802
327.829
327.856
327.882
327.908
327.933
327.958
327.982
328.006
328.03
328.053
328.076
328.098
328.12
328.142
328.163
328.184
328.205
328.225
328.245
328.265
328.284
328.304
328.322
328.341
328.36
328.378
328.396
328.414
328.432
328.45
328.467
328.485
328.503
328.521
328.54
328.559
328.581
328.608
328.649
328.754
329.097
322.794
323.257
323.698
324.071
324.392
324.672
324.916
325.133
325.325
325.498
325.654
325.796
325.925
326.043
326.152
326.252
326.345
326.432
326.513
326.589
326.661
326.728
326.792
326.852
326.91
326.965
327.017
327.067
327.115
327.161
327.205
327.247
327.288
327.328
327.367
327.404
327.44
327.476
327.51
327.544
327.576
327.608
327.64
327.67
327.7
327.729
327.758
327.786
327.814
327.842
327.868
327.895
327.921
327.946
327.971
327.995
328.02
328.043
328.067
328.09
328.112
328.134
328.156
328.177
328.199
328.219
328.24
328.26
328.279
328.299
328.318
328.337
328.356
328.374
328.392
328.41
328.428
328.446
328.463
328.481
328.498
328.516
328.534
328.552
328.572
328.593
328.619
328.658
328.758
329.095
322.794
323.258
323.7
324.075
324.397
324.677
324.923
325.141
325.335
325.509
325.666
325.808
325.939
326.058
326.168
326.27
326.364
326.452
326.534
326.612
326.684
326.753
326.818
326.879
326.938
326.994
327.047
327.098
327.147
327.194
327.239
327.282
327.325
327.366
327.405
327.444
327.481
327.517
327.553
327.587
327.621
327.654
327.686
327.718
327.749
327.779
327.809
327.838
327.867
327.895
327.923
327.95
327.976
328.003
328.028
328.054
328.079
328.103
328.127
328.151
328.175
328.197
328.22
328.242
328.264
328.285
328.306
328.327
328.347
328.367
328.387
328.407
328.426
328.445
328.463
328.482
328.5
328.518
328.536
328.554
328.571
328.589
328.607
328.626
328.646
328.667
328.692
328.729
328.823
329.144
322.802
323.274
323.724
324.106
324.436
324.723
324.976
325.201
325.401
325.581
325.745
325.893
326.029
326.154
326.269
326.377
326.476
326.569
326.656
326.739
326.816
326.889
326.959
327.025
327.087
327.148
327.205
327.26
327.313
327.364
327.414
327.461
327.508
327.553
327.596
327.638
327.679
327.72
327.759
327.797
327.834
327.871
327.907
327.942
327.976
328.01
328.043
328.076
328.108
328.139
328.17
328.201
328.231
328.26
328.289
328.317
328.345
328.373
328.4
328.427
328.453
328.479
328.504
328.529
328.554
328.578
328.602
328.625
328.648
328.671
328.693
328.715
328.737
328.758
328.779
328.8
328.821
328.841
328.861
328.881
328.901
328.921
328.941
328.961
328.983
329.006
329.031
329.068
329.15
329.426
)
;

boundaryField
{
    inlet
    {
        type            zeroGradient;
    }
    outlet
    {
        type            zeroGradient;
    }
    side
    {
        type            zeroGradient;
    }
    asphalt_to_soil1
    {
        type            compressible::turbulentTemperatureRadCoupledMixed;
        refValue        nonuniform List<scalar> 
990
(
320.489
320.867
321.254
321.588
321.877
322.128
322.348
322.543
322.716
322.871
323.011
323.138
323.253
323.359
323.457
323.547
323.63
323.708
323.78
323.847
323.91
323.969
324.025
324.078
324.128
324.176
324.222
324.266
324.309
324.349
324.388
324.421
324.44
324.469
324.501
324.533
324.564
324.594
324.624
324.653
324.681
324.709
324.736
324.762
324.789
324.814
324.839
324.864
324.888
324.911
324.935
324.957
324.98
325.003
325.025
325.047
325.07
325.096
325.135
325.161
325.182
325.202
325.221
325.24
325.259
325.277
325.294
325.312
325.329
325.346
325.363
325.38
325.396
325.413
325.429
325.445
325.46
325.476
325.491
325.507
325.522
325.538
325.555
325.572
325.591
325.613
325.64
325.685
325.788
326.056
320.489
320.867
321.254
321.588
321.877
322.128
322.348
322.542
322.716
322.871
323.011
323.137
323.253
323.359
323.457
323.547
323.63
323.707
323.779
323.846
323.909
323.969
324.025
324.078
324.128
324.177
324.223
324.267
324.31
324.351
324.39
324.427
324.46
324.494
324.527
324.559
324.59
324.621
324.651
324.68
324.708
324.736
324.763
324.79
324.816
324.841
324.866
324.891
324.915
324.939
324.962
324.985
325.008
325.031
325.053
325.074
325.096
325.118
325.141
325.163
325.183
325.203
325.223
325.242
325.26
325.279
325.296
325.314
325.331
325.348
325.365
325.382
325.398
325.415
325.431
325.447
325.463
325.478
325.493
325.509
325.524
325.54
325.556
325.573
325.592
325.614
325.641
325.686
325.789
326.057
320.489
320.867
321.254
321.588
321.877
322.128
322.348
322.542
322.715
322.87
323.01
323.137
323.253
323.359
323.456
323.546
323.63
323.707
323.779
323.846
323.909
323.969
324.025
324.078
324.129
324.177
324.223
324.268
324.311
324.352
324.391
324.429
324.465
324.499
324.532
324.565
324.596
324.627
324.657
324.686
324.715
324.743
324.77
324.797
324.823
324.848
324.873
324.898
324.922
324.946
324.97
324.993
325.016
325.038
325.06
325.082
325.103
325.124
325.145
325.165
325.185
325.205
325.225
325.244
325.263
325.281
325.299
325.316
325.334
325.351
325.368
325.385
325.401
325.418
325.434
325.45
325.466
325.481
325.497
325.512
325.527
325.543
325.559
325.576
325.595
325.616
325.643
325.688
325.792
326.06
320.488
320.867
321.253
321.588
321.876
322.128
322.348
322.542
322.715
322.87
323.01
323.137
323.253
323.359
323.456
323.546
323.629
323.707
323.779
323.846
323.909
323.969
324.025
324.079
324.129
324.178
324.224
324.269
324.312
324.353
324.392
324.43
324.466
324.501
324.534
324.567
324.599
324.63
324.66
324.689
324.718
324.746
324.773
324.8
324.826
324.851
324.876
324.901
324.925
324.949
324.973
324.997
325.02
325.042
325.064
325.085
325.107
325.128
325.148
325.168
325.188
325.208
325.227
325.246
325.265
325.283
325.301
325.319
325.336
325.354
325.371
325.387
325.404
325.42
325.437
325.453
325.469
325.485
325.5
325.516
325.531
325.546
325.562
325.579
325.598
325.619
325.646
325.69
325.794
326.062
320.488
320.867
321.253
321.588
321.876
322.127
322.347
322.542
322.715
322.87
323.01
323.137
323.252
323.358
323.456
323.546
323.629
323.707
323.779
323.846
323.909
323.969
324.026
324.079
324.13
324.179
324.225
324.27
324.313
324.354
324.393
324.431
324.467
324.502
324.535
324.568
324.6
324.631
324.661
324.691
324.72
324.748
324.775
324.802
324.828
324.853
324.879
324.903
324.928
324.952
324.976
324.999
325.022
325.045
325.067
325.088
325.109
325.13
325.151
325.171
325.191
325.21
325.23
325.249
325.267
325.286
325.304
325.322
325.339
325.356
325.374
325.39
325.407
325.423
325.44
325.456
325.472
325.488
325.504
325.519
325.535
325.55
325.566
325.583
325.601
325.622
325.649
325.693
325.796
326.065
320.488
320.866
321.253
321.587
321.876
322.127
322.347
322.542
322.715
322.87
323.01
323.137
323.252
323.358
323.456
323.546
323.629
323.706
323.779
323.846
323.91
323.97
324.026
324.08
324.131
324.18
324.226
324.271
324.314
324.355
324.394
324.432
324.468
324.503
324.537
324.57
324.602
324.633
324.663
324.693
324.722
324.75
324.777
324.804
324.83
324.856
324.881
324.906
324.93
324.955
324.978
325.002
325.025
325.047
325.07
325.091
325.113
325.134
325.154
325.174
325.194
325.214
325.233
325.252
325.271
325.289
325.307
325.325
325.343
325.36
325.377
325.394
325.411
325.427
325.444
325.46
325.476
325.492
325.508
325.524
325.539
325.555
325.571
325.588
325.606
325.627
325.653
325.697
325.8
326.068
320.488
320.866
321.253
321.587
321.876
322.127
322.347
322.541
322.714
322.87
323.01
323.136
323.252
323.358
323.456
323.546
323.629
323.706
323.779
323.847
323.91
323.97
324.027
324.081
324.132
324.181
324.228
324.272
324.315
324.356
324.395
324.433
324.469
324.504
324.538
324.571
324.604
324.635
324.665
324.695
324.724
324.752
324.78
324.807
324.833
324.859
324.884
324.909
324.934
324.958
324.982
325.005
325.028
325.051
325.073
325.095
325.116
325.137
325.158
325.178
325.198
325.218
325.237
325.256
325.275
325.294
325.312
325.33
325.347
325.365
325.382
325.399
325.416
325.432
325.449
325.465
325.481
325.498
325.514
325.529
325.545
325.561
325.578
325.594
325.613
325.633
325.659
325.702
325.805
326.072
320.488
320.866
321.252
321.587
321.876
322.127
322.347
322.541
322.714
322.87
323.01
323.137
323.252
323.359
323.456
323.546
323.63
323.707
323.78
323.848
323.912
323.972
324.029
324.083
324.134
324.183
324.23
324.275
324.317
324.358
324.398
324.436
324.472
324.508
324.542
324.575
324.607
324.639
324.669
324.699
324.728
324.757
324.785
324.812
324.838
324.864
324.89
324.915
324.94
324.964
324.988
325.012
325.035
325.057
325.08
325.101
325.123
325.144
325.165
325.186
325.206
325.225
325.245
325.264
325.283
325.301
325.319
325.337
325.355
325.373
325.39
325.407
325.424
325.44
325.457
325.473
325.489
325.505
325.521
325.537
325.553
325.569
325.585
325.602
325.62
325.64
325.665
325.707
325.808
326.074
320.487
320.866
321.253
321.587
321.876
322.127
322.348
322.542
322.716
322.871
323.012
323.139
323.255
323.361
323.459
323.549
323.633
323.711
323.784
323.852
323.917
323.977
324.035
324.089
324.141
324.19
324.237
324.282
324.325
324.366
324.406
324.444
324.481
324.517
324.551
324.585
324.618
324.65
324.68
324.711
324.74
324.769
324.797
324.824
324.851
324.878
324.904
324.929
324.954
324.979
325.003
325.026
325.05
325.073
325.095
325.117
325.139
325.16
325.181
325.202
325.222
325.242
325.262
325.281
325.3
325.319
325.337
325.355
325.373
325.39
325.408
325.425
325.441
325.458
325.474
325.491
325.507
325.523
325.538
325.554
325.57
325.586
325.602
325.619
325.637
325.656
325.681
325.72
325.817
326.078
320.488
320.868
321.256
321.591
321.882
322.134
322.356
322.552
322.726
322.883
323.025
323.153
323.27
323.378
323.477
323.568
323.654
323.733
323.807
323.876
323.942
324.004
324.062
324.118
324.17
324.221
324.269
324.314
324.358
324.401
324.442
324.481
324.519
324.556
324.592
324.626
324.66
324.693
324.725
324.756
324.786
324.816
324.845
324.873
324.901
324.929
324.955
324.982
325.008
325.033
325.058
325.083
325.107
325.13
325.154
325.177
325.199
325.221
325.243
325.265
325.286
325.306
325.327
325.347
325.366
325.386
325.405
325.423
325.442
325.46
325.478
325.495
325.513
325.53
325.547
325.563
325.58
325.596
325.612
325.628
325.644
325.661
325.677
325.694
325.712
325.732
325.756
325.794
325.884
326.132
320.495
320.88
321.274
321.615
321.911
322.169
322.396
322.598
322.777
322.939
323.085
323.218
323.34
323.452
323.555
323.651
323.74
323.823
323.901
323.974
324.043
324.108
324.17
324.229
324.285
324.339
324.39
324.439
324.487
324.532
324.576
324.619
324.66
324.7
324.738
324.776
324.813
324.848
324.883
324.917
324.951
324.983
325.015
325.046
325.077
325.107
325.136
325.165
325.194
325.222
325.249
325.276
325.303
325.329
325.355
325.38
325.405
325.429
325.453
325.477
325.5
325.523
325.546
325.568
325.59
325.611
325.632
325.653
325.674
325.694
325.714
325.733
325.752
325.772
325.79
325.809
325.827
325.845
325.863
325.881
325.899
325.916
325.934
325.953
325.972
325.993
326.017
326.053
326.134
326.351
)
;
        refGradient     uniform 0;
        valueFraction   nonuniform List<scalar> 
990
(
0.495766
0.495766
0.495766
0.495766
0.495766
0.495766
0.495766
0.495766
0.495766
0.495766
0.495766
0.495766
0.495766
0.495766
0.495766
0.495766
0.495766
0.495766
0.495766
0.495766
0.495766
0.495766
0.495766
0.495766
0.495766
0.495766
0.495766
0.495766
0.495766
0.495766
0.495766
0.495766
0.495766
0.495766
0.495766
0.495766
0.495766
0.495766
0.495766
0.495766
0.495766
0.495766
0.495766
0.495766
0.495766
0.495766
0.495766
0.495766
0.495766
0.495766
0.495766
0.495766
0.495766
0.495766
0.495766
0.495766
0.495766
0.495766
0.495766
0.495766
0.495766
0.495766
0.495766
0.495766
0.495766
0.495766
0.495766
0.495766
0.495766
0.495766
0.495766
0.495766
0.495766
0.495766
0.495766
0.495766
0.495766
0.495766
0.495766
0.495766
0.495766
0.495766
0.495766
0.495766
0.495766
0.495766
0.495766
0.495766
0.495766
0.495766
0.495766
0.495766
0.495766
0.495766
0.495766
0.495766
0.495766
0.495766
0.495766
0.495766
0.495766
0.495766
0.495766
0.495766
0.495766
0.495766
0.495766
0.495766
0.495766
0.495766
0.495766
0.495766
0.495766
0.495766
0.495766
0.495766
0.495766
0.495766
0.495766
0.495766
0.495766
0.495766
0.495766
0.495766
0.495766
0.495766
0.495766
0.495766
0.495766
0.495766
0.495766
0.495766
0.495766
0.495766
0.495766
0.495766
0.495766
0.495766
0.495766
0.495766
0.495766
0.495766
0.495766
0.495766
0.495766
0.495766
0.495766
0.495766
0.495766
0.495766
0.495766
0.495766
0.495766
0.495766
0.495766
0.495766
0.495766
0.495766
0.495766
0.495766
0.495766
0.495766
0.495766
0.495766
0.495766
0.495766
0.495766
0.495766
0.495766
0.495766
0.495766
0.495766
0.495766
0.495766
0.495766
0.495766
0.495766
0.495766
0.495766
0.495766
0.495766
0.495766
0.495766
0.495766
0.495766
0.495766
0.495766
0.495766
0.495766
0.495766
0.495766
0.495766
0.495766
0.495766
0.495766
0.495766
0.495766
0.495766
0.495766
0.495766
0.495766
0.495766
0.495766
0.495766
0.495766
0.495766
0.495766
0.495766
0.495766
0.495766
0.495766
0.495766
0.495766
0.495766
0.495766
0.495766
0.495766
0.495766
0.495766
0.495766
0.495766
0.495766
0.495766
0.495766
0.495766
0.495766
0.495766
0.495766
0.495766
0.495766
0.495766
0.495766
0.495766
0.495766
0.495766
0.495766
0.495766
0.495766
0.495766
0.495766
0.495766
0.495766
0.495766
0.495766
0.495766
0.495766
0.495766
0.495766
0.495766
0.495766
0.495766
0.495766
0.495766
0.495766
0.495766
0.495766
0.495766
0.495766
0.495766
0.495766
0.495766
0.495766
0.495766
0.495766
0.495766
0.495766
0.495766
0.495766
0.495766
0.495766
0.495766
0.495766
0.495766
0.495766
0.495766
0.495766
0.495766
0.495766
0.495766
0.495766
0.495766
0.495766
0.495766
0.495766
0.495766
0.495766
0.495766
0.495766
0.495766
0.495766
0.495766
0.495766
0.495766
0.495766
0.495766
0.495766
0.495766
0.495766
0.495766
0.495766
0.495766
0.495766
0.495766
0.495766
0.495766
0.495766
0.495766
0.495766
0.495766
0.495766
0.495766
0.495766
0.495766
0.495766
0.495766
0.495766
0.495766
0.495766
0.495766
0.495766
0.495766
0.495766
0.495766
0.495766
0.495766
0.495766
0.495766
0.495766
0.495766
0.495766
0.495766
0.495766
0.495766
0.495766
0.495766
0.495766
0.495766
0.495766
0.495766
0.495766
0.495766
0.495766
0.495766
0.495766
0.495766
0.495766
0.495766
0.495766
0.495766
0.495766
0.495766
0.495766
0.495766
0.495766
0.495766
0.495766
0.495766
0.495766
0.495766
0.495766
0.495766
0.495766
0.495766
0.495766
0.495766
0.495766
0.495766
0.495766
0.495766
0.495766
0.495766
0.495766
0.495766
0.495766
0.495766
0.495766
0.495766
0.495766
0.495766
0.495766
0.495766
0.495766
0.495766
0.495766
0.495766
0.495766
0.495766
0.495766
0.495766
0.495766
0.495766
0.495766
0.495766
0.495766
0.495766
0.495766
0.495766
0.495766
0.495766
0.495766
0.495766
0.495766
0.495766
0.495766
0.495766
0.495766
0.495766
0.495766
0.495766
0.495766
0.495766
0.495766
0.495766
0.495766
0.495766
0.495766
0.495766
0.495766
0.495766
0.495766
0.495766
0.495766
0.495766
0.495766
0.495766
0.495766
0.495766
0.495766
0.495766
0.495766
0.495766
0.495766
0.495766
0.495766
0.495766
0.495766
0.495766
0.495766
0.495766
0.495766
0.495766
0.495766
0.495766
0.495766
0.495766
0.495766
0.495766
0.495766
0.495766
0.495766
0.495766
0.495766
0.495766
0.495766
0.495766
0.495766
0.495766
0.495766
0.495766
0.495766
0.495766
0.495766
0.495766
0.495766
0.495766
0.495766
0.495766
0.495766
0.495766
0.495766
0.495766
0.495766
0.495766
0.495766
0.495766
0.495766
0.495766
0.495766
0.495766
0.495766
0.495766
0.495766
0.495766
0.495766
0.495766
0.495766
0.495766
0.495766
0.495766
0.495766
0.495766
0.495766
0.495766
0.495766
0.495766
0.495766
0.495766
0.495766
0.495766
0.495766
0.495766
0.495766
0.495766
0.495766
0.495766
0.495766
0.495766
0.495766
0.495766
0.495766
0.495766
0.495766
0.495766
0.495766
0.495766
0.495766
0.495766
0.495766
0.495766
0.495766
0.495766
0.495766
0.495766
0.495766
0.495766
0.495766
0.495766
0.495766
0.495766
0.495766
0.495766
0.495766
0.495766
0.495766
0.495766
0.495766
0.495766
0.495766
0.495766
0.495766
0.495766
0.495766
0.495766
0.495766
0.495766
0.495766
0.495766
0.495766
0.495766
0.495766
0.495766
0.495766
0.495766
0.495766
0.495766
0.495766
0.495766
0.495766
0.495766
0.495766
0.495766
0.495766
0.495766
0.495766
0.495766
0.495766
0.495766
0.495766
0.495766
0.495766
0.495766
0.495766
0.495766
0.495766
0.495766
0.495766
0.495766
0.495766
0.495766
0.495766
0.495766
0.495766
0.495766
0.495766
0.495766
0.495766
0.495766
0.495766
0.495766
0.495766
0.495766
0.495766
0.495766
0.495766
0.495766
0.495766
0.495766
0.495766
0.495766
0.495766
0.495766
0.495766
0.495766
0.495766
0.495766
0.495766
0.495766
0.495766
0.495766
0.495766
0.495766
0.495766
0.495766
0.495766
0.495766
0.495766
0.495766
0.495766
0.495766
0.495766
0.495766
0.495766
0.495766
0.495766
0.495766
0.495766
0.495766
0.495766
0.495766
0.495766
0.495766
0.495766
0.495766
0.495766
0.495766
0.495766
0.495766
0.495766
0.495766
0.495766
0.495766
0.495766
0.495766
0.495766
0.495766
0.495766
0.495766
0.495766
0.495766
0.495766
0.495766
0.495766
0.495766
0.495766
0.495766
0.495766
0.495766
0.495766
0.495766
0.495766
0.495766
0.495766
0.495766
0.495766
0.495766
0.495766
0.495766
0.495766
0.495766
0.495766
0.495766
0.495766
0.495766
0.495766
0.495766
0.495766
0.495766
0.495766
0.495766
0.495766
0.495766
0.495766
0.495766
0.495766
0.495766
0.495766
0.495766
0.495766
0.495766
0.495766
0.495766
0.495766
0.495766
0.495766
0.495766
0.495766
0.495766
0.495766
0.495766
0.495766
0.495766
0.495766
0.495766
0.495766
0.495766
0.495766
0.495766
0.495766
0.495766
0.495766
0.495766
0.495766
0.495766
0.495766
0.495766
0.495766
0.495766
0.495766
0.495766
0.495766
0.495766
0.495766
0.495766
0.495766
0.495766
0.495766
0.495766
0.495766
0.495766
0.495766
0.495766
0.495766
0.495766
0.495766
0.495766
0.495766
0.495766
0.495766
0.495766
0.495766
0.495766
0.495766
0.495766
0.495766
0.495766
0.495766
0.495766
0.495766
0.495766
0.495766
0.495766
0.495766
0.495766
0.495766
0.495766
0.495766
0.495766
0.495766
0.495766
0.495766
0.495766
0.495766
0.495766
0.495766
0.495766
0.495766
0.495766
0.495766
0.495766
0.495766
0.495766
0.495766
0.495766
0.495766
0.495766
0.495766
0.495766
0.495766
0.495766
0.495766
0.495766
0.495766
0.495766
0.495766
0.495766
0.495766
0.495766
0.495766
0.495766
0.495766
0.495766
0.495766
0.495766
0.495766
0.495766
0.495766
0.495766
0.495766
0.495766
0.495766
0.495766
0.495766
0.495766
0.495766
0.495766
0.495766
0.495766
0.495766
0.495766
0.495766
0.495766
0.495766
0.495766
0.495766
0.495766
0.495766
0.495766
0.495766
0.495766
0.495766
0.495766
0.495766
0.495766
0.495766
0.495766
0.495766
0.495766
0.495766
0.495766
0.495766
0.495766
0.495766
0.495766
0.495766
0.495766
0.495766
0.495766
0.495766
0.495766
0.495766
0.495766
0.495766
0.495766
0.495766
0.495766
0.495766
0.495766
0.495766
0.495766
0.495766
0.495766
0.495766
0.495766
0.495766
0.495766
0.495766
0.495766
0.495766
0.495766
0.495766
0.495766
0.495766
0.495766
0.495766
0.495766
0.495766
0.495766
0.495766
0.495766
0.495766
0.495766
0.495766
0.495766
0.495766
0.495766
0.495766
0.495766
0.495766
0.495766
0.495766
0.495766
0.495766
0.495766
0.495766
0.495766
0.495766
0.495766
0.495766
0.495766
0.495766
0.495766
0.495766
0.495766
0.495766
0.495766
0.495766
0.495766
0.495766
0.495766
0.495766
0.495766
0.495766
0.495766
0.495766
0.495766
0.495766
0.495766
0.495766
0.495766
0.495766
0.495766
0.495766
0.495766
0.495766
0.495766
0.495766
0.495766
0.495766
0.495766
0.495766
0.495766
0.495766
0.495766
0.495766
0.495766
0.495766
0.495766
0.495766
0.495766
0.495766
0.495766
0.495766
0.495766
0.495766
0.495766
0.495766
0.495766
0.495766
0.495766
0.495766
0.495766
0.495766
0.495766
0.495766
0.495766
0.495766
0.495766
0.495766
0.495766
0.495766
0.495766
0.495766
0.495766
0.495766
0.495766
0.495766
0.495766
0.495766
0.495766
0.495766
0.495766
0.495766
0.495766
0.495766
0.495766
0.495766
0.495766
0.495766
0.495766
0.495766
0.495766
0.495766
0.495766
0.495766
0.495766
0.495766
0.495766
0.495766
0.495766
0.495766
0.495766
0.495766
0.495766
0.495766
0.495766
0.495766
0.495766
0.495766
0.495766
0.495766
)
;
        value           nonuniform List<scalar> 
990
(
321.074
321.473
321.873
322.217
322.514
322.772
322.999
323.199
323.377
323.536
323.68
323.811
323.93
324.039
324.139
324.232
324.317
324.397
324.471
324.54
324.605
324.666
324.724
324.778
324.83
324.879
324.926
324.972
325.015
325.058
325.097
325.132
325.154
325.185
325.218
325.251
325.283
325.314
325.344
325.374
325.403
325.432
325.459
325.487
325.514
325.54
325.566
325.591
325.616
325.64
325.664
325.688
325.711
325.734
325.757
325.78
325.803
325.829
325.867
325.893
325.914
325.935
325.955
325.974
325.993
326.012
326.03
326.048
326.066
326.083
326.1
326.118
326.135
326.151
326.168
326.184
326.2
326.216
326.232
326.248
326.264
326.281
326.298
326.316
326.335
326.357
326.385
326.429
326.534
326.82
321.074
321.472
321.873
322.217
322.514
322.772
322.999
323.199
323.377
323.536
323.68
323.81
323.929
324.038
324.139
324.231
324.317
324.397
324.471
324.54
324.605
324.666
324.723
324.778
324.83
324.88
324.927
324.973
325.017
325.059
325.099
325.137
325.172
325.207
325.241
325.274
325.306
325.338
325.368
325.398
325.428
325.456
325.484
325.512
325.538
325.565
325.59
325.616
325.64
325.665
325.689
325.713
325.736
325.759
325.782
325.804
325.827
325.849
325.873
325.895
325.915
325.936
325.956
325.976
325.995
326.014
326.032
326.05
326.068
326.085
326.103
326.12
326.137
326.154
326.17
326.187
326.203
326.219
326.235
326.25
326.266
326.283
326.299
326.317
326.336
326.358
326.386
326.43
326.535
326.822
321.074
321.472
321.873
322.217
322.514
322.772
322.998
323.198
323.376
323.536
323.68
323.81
323.929
324.038
324.139
324.231
324.317
324.396
324.471
324.54
324.605
324.666
324.724
324.778
324.831
324.88
324.928
324.974
325.018
325.06
325.101
325.139
325.176
325.211
325.246
325.279
325.312
325.344
325.374
325.404
325.434
325.462
325.491
325.518
325.545
325.571
325.597
325.622
325.647
325.672
325.696
325.72
325.743
325.767
325.789
325.811
325.833
325.855
325.876
325.897
325.918
325.938
325.958
325.978
325.997
326.016
326.034
326.052
326.07
326.088
326.105
326.123
326.14
326.157
326.173
326.19
326.206
326.222
326.238
326.254
326.27
326.286
326.302
326.32
326.339
326.361
326.388
326.433
326.538
326.824
321.073
321.472
321.873
322.217
322.514
322.772
322.998
323.198
323.376
323.536
323.68
323.81
323.929
324.038
324.138
324.231
324.317
324.396
324.47
324.54
324.605
324.666
324.724
324.779
324.831
324.881
324.929
324.975
325.019
325.061
325.102
325.14
325.177
325.213
325.248
325.281
325.314
325.346
325.377
325.407
325.437
325.465
325.493
325.521
325.548
325.574
325.6
325.625
325.65
325.675
325.699
325.723
325.747
325.77
325.793
325.815
325.837
325.858
325.879
325.9
325.92
325.941
325.961
325.98
325.999
326.018
326.037
326.055
326.073
326.091
326.108
326.125
326.143
326.159
326.176
326.193
326.209
326.225
326.241
326.257
326.273
326.289
326.306
326.323
326.342
326.363
326.391
326.435
326.54
326.827
321.073
321.472
321.872
322.217
322.513
322.772
322.998
323.198
323.376
323.535
323.679
323.81
323.929
324.038
324.138
324.231
324.316
324.396
324.47
324.54
324.605
324.666
324.724
324.779
324.832
324.882
324.93
324.976
325.02
325.062
325.102
325.141
325.178
325.214
325.249
325.283
325.316
325.347
325.379
325.409
325.438
325.467
325.495
325.523
325.55
325.576
325.602
325.627
325.652
325.677
325.702
325.726
325.75
325.773
325.795
325.818
325.84
325.861
325.882
325.903
325.923
325.943
325.963
325.983
326.002
326.021
326.039
326.058
326.076
326.094
326.111
326.129
326.146
326.163
326.179
326.196
326.213
326.229
326.245
326.261
326.277
326.293
326.31
326.327
326.346
326.367
326.394
326.438
326.543
326.829
321.073
321.472
321.872
322.216
322.513
322.771
322.998
323.198
323.376
323.535
323.679
323.81
323.929
324.038
324.138
324.23
324.316
324.396
324.47
324.54
324.605
324.667
324.725
324.78
324.833
324.883
324.931
324.977
325.021
325.063
325.103
325.142
325.179
325.215
325.25
325.284
325.317
325.349
325.38
325.411
325.44
325.469
325.498
325.525
325.552
325.579
325.604
325.63
325.655
325.68
325.705
325.729
325.752
325.776
325.798
325.821
325.843
325.864
325.885
325.906
325.927
325.947
325.967
325.986
326.005
326.024
326.043
326.061
326.08
326.097
326.115
326.133
326.15
326.167
326.183
326.2
326.217
326.233
326.25
326.266
326.282
326.298
326.315
326.332
326.351
326.372
326.398
326.442
326.547
326.833
321.073
321.471
321.872
322.216
322.513
322.771
322.997
323.197
323.375
323.535
323.679
323.809
323.928
324.038
324.138
324.23
324.316
324.396
324.47
324.54
324.605
324.667
324.726
324.781
324.834
324.884
324.932
324.978
325.022
325.064
325.104
325.143
325.18
325.217
325.252
325.286
325.319
325.351
325.382
325.413
325.443
325.472
325.5
325.528
325.555
325.582
325.608
325.633
325.659
325.684
325.708
325.732
325.756
325.779
325.802
325.824
325.847
325.868
325.889
325.91
325.931
325.951
325.971
325.991
326.01
326.029
326.048
326.066
326.084
326.102
326.12
326.137
326.155
326.172
326.189
326.205
326.222
326.239
326.255
326.272
326.288
326.304
326.321
326.338
326.357
326.378
326.404
326.447
326.551
326.837
321.073
321.471
321.872
322.216
322.513
322.771
322.997
323.197
323.375
323.535
323.679
323.81
323.929
324.038
324.138
324.231
324.317
324.397
324.471
324.541
324.607
324.669
324.727
324.783
324.836
324.886
324.934
324.98
325.024
325.066
325.107
325.146
325.183
325.22
325.255
325.289
325.323
325.355
325.386
325.417
325.447
325.476
325.505
325.533
325.56
325.587
325.613
325.639
325.665
325.69
325.714
325.738
325.762
325.785
325.808
325.831
325.853
325.875
325.896
325.917
325.938
325.958
325.978
325.998
326.017
326.036
326.055
326.074
326.092
326.11
326.128
326.145
326.162
326.179
326.196
326.213
326.23
326.246
326.263
326.279
326.295
326.312
326.328
326.346
326.364
326.385
326.41
326.452
326.554
326.838
321.072
321.471
321.872
322.216
322.513
322.771
322.998
323.198
323.376
323.536
323.681
323.811
323.931
324.04
324.141
324.234
324.32
324.4
324.475
324.545
324.612
324.674
324.733
324.789
324.842
324.893
324.941
324.987
325.031
325.074
325.114
325.154
325.192
325.229
325.264
325.299
325.332
325.365
325.397
325.428
325.458
325.488
325.517
325.545
325.573
325.6
325.626
325.653
325.678
325.704
325.728
325.753
325.777
325.8
325.823
325.846
325.868
325.89
325.912
325.933
325.954
325.975
325.995
326.014
326.034
326.053
326.072
326.091
326.109
326.127
326.145
326.162
326.179
326.196
326.213
326.23
326.246
326.263
326.279
326.295
326.311
326.328
326.344
326.362
326.38
326.4
326.425
326.464
326.563
326.841
321.073
321.473
321.874
322.22
322.518
322.778
323.006
323.207
323.387
323.548
323.693
323.825
323.946
324.057
324.158
324.253
324.34
324.421
324.498
324.569
324.636
324.7
324.76
324.817
324.871
324.923
324.972
325.019
325.065
325.108
325.15
325.191
325.23
325.268
325.304
325.34
325.374
325.408
325.441
325.473
325.504
325.535
325.565
325.594
325.623
325.651
325.678
325.705
325.732
325.758
325.784
325.809
325.834
325.858
325.882
325.906
325.929
325.952
325.974
325.996
326.018
326.039
326.06
326.08
326.1
326.12
326.14
326.159
326.178
326.197
326.215
326.233
326.251
326.268
326.286
326.303
326.32
326.336
326.353
326.369
326.386
326.403
326.42
326.437
326.455
326.476
326.5
326.538
326.629
326.895
321.08
321.486
321.894
322.246
322.55
322.816
323.049
323.256
323.441
323.608
323.758
323.895
324.02
324.136
324.242
324.34
324.432
324.518
324.598
324.674
324.745
324.812
324.876
324.937
324.995
325.05
325.103
325.153
325.202
325.249
325.294
325.338
325.38
325.422
325.462
325.5
325.538
325.575
325.611
325.646
325.68
325.714
325.747
325.779
325.81
325.841
325.872
325.902
325.931
325.96
325.988
326.016
326.043
326.07
326.097
326.123
326.149
326.174
326.199
326.223
326.247
326.271
326.294
326.317
326.34
326.362
326.383
326.405
326.426
326.447
326.467
326.487
326.507
326.527
326.546
326.565
326.584
326.603
326.621
326.64
326.658
326.676
326.695
326.714
326.733
326.755
326.78
326.816
326.897
327.128
)
;
        Tnbr            T;
        qrNbr           none;
        qr              none;
        thermalInertia  false;
        thicknessLayers List<scalar> 0();
        kappaLayers     List<scalar> 0();
        kappaMethod     solidThermo;
        kappa           none;
        alphaAni        none;
        alpha           none;
    }
    asphalt_to_air
    {
        type            compressible::turbulentTemperatureRadCoupledMixed;
        refValue        nonuniform List<scalar> 
990
(
310.211
310.408
310.585
310.746
310.895
311.033
311.163
311.285
311.4
311.509
311.613
311.712
311.807
311.898
311.986
312.07
312.152
312.232
312.309
312.384
312.457
312.528
312.598
312.666
312.733
312.798
312.862
312.925
312.987
313.048
313.108
313.167
313.226
313.283
313.339
313.395
313.45
313.504
313.558
313.611
313.663
313.714
313.765
313.815
313.865
313.914
313.962
314.01
314.057
314.104
314.149
314.195
314.239
314.283
314.327
314.37
314.412
314.454
314.495
314.536
314.577
314.616
314.656
314.694
314.732
314.77
314.807
314.844
314.88
314.916
314.951
314.986
315.02
315.054
315.088
315.121
315.153
315.185
315.217
315.249
315.28
315.31
315.341
315.371
315.401
315.431
315.461
315.492
315.524
315.562
310.211
310.408
310.585
310.746
310.895
311.033
311.163
311.285
311.4
311.509
311.613
311.712
311.807
311.898
311.985
312.07
312.152
312.231
312.308
312.383
312.457
312.528
312.597
312.666
312.732
312.798
312.862
312.925
312.987
313.048
313.108
313.167
313.225
313.283
313.339
313.395
313.45
313.504
313.558
313.61
313.662
313.714
313.765
313.815
313.864
313.913
313.962
314.009
314.056
314.103
314.149
314.194
314.239
314.283
314.326
314.369
314.412
314.453
314.495
314.535
314.576
314.615
314.655
314.693
314.731
314.769
314.806
314.843
314.879
314.915
314.95
314.985
315.019
315.053
315.087
315.12
315.152
315.185
315.216
315.248
315.279
315.31
315.34
315.371
315.401
315.431
315.461
315.491
315.524
315.562
310.211
310.408
310.585
310.746
310.895
311.033
311.163
311.285
311.4
311.509
311.613
311.712
311.807
311.898
311.985
312.07
312.152
312.231
312.308
312.383
312.456
312.528
312.597
312.665
312.732
312.797
312.862
312.925
312.987
313.048
313.108
313.167
313.225
313.282
313.339
313.394
313.449
313.503
313.557
313.61
313.662
313.713
313.764
313.814
313.864
313.912
313.961
314.008
314.055
314.102
314.148
314.193
314.238
314.282
314.325
314.368
314.411
314.452
314.494
314.534
314.575
314.614
314.654
314.692
314.731
314.768
314.806
314.842
314.879
314.914
314.95
314.985
315.019
315.053
315.087
315.12
315.153
315.185
315.217
315.249
315.28
315.311
315.342
315.372
315.402
315.433
315.463
315.494
315.526
315.565
310.211
310.408
310.585
310.746
310.895
311.033
311.163
311.285
311.4
311.509
311.613
311.712
311.807
311.898
311.985
312.07
312.152
312.231
312.308
312.383
312.456
312.527
312.597
312.665
312.732
312.797
312.861
312.924
312.986
313.047
313.107
313.166
313.224
313.282
313.338
313.394
313.449
313.503
313.556
313.609
313.661
313.713
313.763
313.813
313.863
313.912
313.96
314.007
314.054
314.101
314.147
314.192
314.237
314.281
314.324
314.367
314.41
314.452
314.493
314.534
314.574
314.614
314.653
314.692
314.73
314.768
314.805
314.842
314.878
314.914
314.949
314.984
315.019
315.053
315.086
315.12
315.153
315.185
315.217
315.249
315.28
315.311
315.342
315.373
315.403
315.434
315.464
315.495
315.528
315.567
310.211
310.408
310.585
310.746
310.895
311.033
311.163
311.285
311.4
311.509
311.613
311.712
311.806
311.898
311.985
312.07
312.152
312.231
312.308
312.383
312.456
312.527
312.597
312.665
312.732
312.797
312.861
312.924
312.986
313.047
313.107
313.166
313.224
313.281
313.338
313.393
313.448
313.502
313.556
313.608
313.66
313.712
313.762
313.812
313.862
313.911
313.959
314.006
314.053
314.1
314.146
314.191
314.235
314.279
314.323
314.366
314.408
314.45
314.492
314.532
314.573
314.612
314.652
314.69
314.729
314.767
314.804
314.841
314.877
314.913
314.948
314.983
315.018
315.052
315.086
315.119
315.152
315.185
315.217
315.249
315.28
315.312
315.343
315.373
315.404
315.435
315.465
315.496
315.529
315.568
310.211
310.408
310.585
310.746
310.895
311.033
311.163
311.285
311.4
311.509
311.612
311.712
311.806
311.897
311.985
312.07
312.152
312.231
312.308
312.383
312.456
312.527
312.597
312.665
312.731
312.797
312.861
312.924
312.986
313.047
313.107
313.166
313.224
313.281
313.337
313.393
313.448
313.502
313.555
313.608
313.66
313.711
313.762
313.812
313.861
313.91
313.958
314.006
314.053
314.099
314.145
314.19
314.235
314.279
314.323
314.366
314.408
314.45
314.491
314.532
314.572
314.612
314.652
314.69
314.729
314.767
314.804
314.841
314.877
314.913
314.949
314.984
315.018
315.053
315.086
315.12
315.153
315.186
315.218
315.25
315.282
315.313
315.344
315.375
315.406
315.436
315.467
315.498
315.532
315.571
310.211
310.408
310.585
310.746
310.895
311.033
311.163
311.285
311.4
311.509
311.612
311.711
311.806
311.897
311.985
312.07
312.151
312.231
312.308
312.383
312.456
312.527
312.596
312.664
312.731
312.797
312.861
312.924
312.985
313.046
313.106
313.165
313.223
313.28
313.337
313.392
313.447
313.501
313.555
313.607
313.659
313.711
313.761
313.811
313.861
313.909
313.957
314.005
314.052
314.098
314.144
314.189
314.234
314.278
314.321
314.364
314.407
314.449
314.49
314.531
314.571
314.611
314.65
314.689
314.728
314.765
314.803
314.84
314.876
314.912
314.948
314.983
315.018
315.052
315.086
315.119
315.153
315.185
315.218
315.25
315.282
315.313
315.345
315.376
315.407
315.437
315.468
315.5
315.533
315.573
310.211
310.408
310.585
310.746
310.895
311.033
311.163
311.285
311.4
311.509
311.612
311.711
311.806
311.897
311.985
312.069
312.151
312.231
312.308
312.382
312.455
312.527
312.596
312.664
312.731
312.796
312.861
312.924
312.985
313.046
313.106
313.165
313.223
313.28
313.337
313.392
313.447
313.501
313.555
313.607
313.659
313.711
313.761
313.811
313.861
313.909
313.957
314.005
314.052
314.098
314.144
314.189
314.234
314.278
314.321
314.364
314.406
314.448
314.49
314.53
314.571
314.61
314.65
314.688
314.727
314.764
314.802
314.838
314.875
314.91
314.946
314.981
315.015
315.049
315.083
315.116
315.149
315.182
315.214
315.246
315.277
315.309
315.339
315.37
315.401
315.431
315.462
315.493
315.526
315.564
310.211
310.408
310.585
310.746
310.895
311.033
311.163
311.284
311.399
311.508
311.612
311.711
311.806
311.897
311.985
312.069
312.151
312.23
312.307
312.382
312.455
312.527
312.596
312.664
312.731
312.796
312.86
312.923
312.985
313.046
313.106
313.165
313.223
313.28
313.336
313.392
313.447
313.501
313.554
313.607
313.658
313.71
313.76
313.81
313.859
313.908
313.956
314.003
314.05
314.096
314.142
314.187
314.231
314.275
314.318
314.361
314.403
314.445
314.486
314.526
314.566
314.606
314.645
314.683
314.721
314.758
314.795
314.831
314.867
314.903
314.937
314.972
315.006
315.039
315.072
315.105
315.137
315.169
315.2
315.231
315.262
315.292
315.322
315.352
315.382
315.411
315.441
315.47
315.502
315.54
310.211
310.408
310.585
310.746
310.895
311.033
311.163
311.285
311.4
311.509
311.613
311.712
311.807
311.898
311.985
312.07
312.152
312.231
312.309
312.384
312.457
312.528
312.598
312.666
312.733
312.798
312.863
312.926
312.988
313.049
313.109
313.168
313.226
313.283
313.34
313.396
313.451
313.505
313.558
313.611
313.663
313.714
313.765
313.815
313.865
313.913
313.961
314.009
314.056
314.102
314.148
314.193
314.237
314.281
314.325
314.367
314.409
314.451
314.492
314.533
314.572
314.612
314.651
314.689
314.727
314.764
314.8
314.837
314.872
314.907
314.942
314.976
315.01
315.043
315.076
315.108
315.14
315.171
315.202
315.232
315.262
315.292
315.321
315.351
315.38
315.408
315.437
315.466
315.497
315.533
310.211
310.408
310.585
310.747
310.896
311.035
311.165
311.287
311.403
311.512
311.617
311.716
311.812
311.904
311.992
312.077
312.16
312.24
312.318
312.394
312.468
312.54
312.611
312.68
312.747
312.814
312.879
312.943
313.006
313.067
313.128
313.188
313.247
313.306
313.363
313.42
313.475
313.531
313.585
313.639
313.692
313.744
313.796
313.846
313.897
313.946
313.996
314.044
314.092
314.139
314.186
314.232
314.277
314.322
314.366
314.41
314.453
314.495
314.537
314.578
314.619
314.659
314.699
314.738
314.777
314.815
314.852
314.889
314.926
314.962
314.997
315.032
315.067
315.101
315.134
315.168
315.2
315.232
315.264
315.295
315.326
315.357
315.387
315.417
315.447
315.476
315.506
315.535
315.567
315.603
)
;
        refGradient     nonuniform List<scalar> 
990
(
71.2862
69.0581
67.3225
65.7977
64.4833
63.3395
62.3353
61.4466
60.6546
59.9441
59.303
58.7216
58.192
57.7075
57.2625
56.8521
56.4716
56.1172
55.7858
55.4753
55.184
54.9104
54.6531
54.4103
54.1804
53.9622
53.7551
53.5587
53.3727
53.1967
53.0302
52.8763
52.7466
52.6025
52.457
52.3146
52.1764
52.0424
51.9121
51.7853
51.6616
51.5408
51.4226
51.3068
51.1932
51.0815
50.9715
50.8632
50.7565
50.6514
50.5483
50.4476
50.3495
50.2536
50.1594
50.0663
49.9733
49.876
49.7636
49.6689
49.5828
49.5003
49.4197
49.3421
49.2641
49.1874
49.1121
49.0379
48.9647
48.8925
48.8213
48.7515
48.6831
48.6158
48.5494
48.4836
48.4186
48.3544
48.2915
48.2299
48.1696
48.1107
48.0532
47.9978
47.9452
47.8955
47.8487
47.8144
47.9141
48.989
71.2855
69.0575
67.3219
65.7971
64.4829
63.3392
62.3351
61.4465
60.6546
59.9443
59.3034
58.7223
58.1929
57.7087
57.2639
56.8534
56.4729
56.1184
55.7872
55.477
55.186
54.9127
54.6555
54.4126
54.1827
53.9645
53.7576
53.5614
53.3754
53.1985
53.0295
52.8677
52.7133
52.5616
52.4136
52.2701
52.1317
51.9972
51.8663
51.7389
51.6147
51.4934
51.3748
51.2588
51.1444
51.0322
50.9219
50.8136
50.7072
50.6031
50.5013
50.4017
50.3042
50.2084
50.1141
50.0212
49.9297
49.839
49.7461
49.6583
49.5738
49.4916
49.415
49.337
49.259
49.1823
49.107
49.0329
48.9599
48.888
48.817
48.7473
48.6789
48.6117
48.5456
48.4803
48.4156
48.3517
48.2887
48.2268
48.1659
48.1063
48.0483
47.9925
47.9396
47.8897
47.8425
47.8084
47.9083
48.9835
71.2847
69.0567
67.3212
65.7965
64.4823
63.3387
62.3348
61.4463
60.6546
59.9444
59.3037
58.7229
58.1938
57.7098
57.2651
56.8546
56.474
56.1197
55.7887
55.4787
55.1881
54.9151
54.658
54.4153
54.1854
53.9674
53.7606
53.5645
53.3783
53.2005
53.0298
52.8651
52.706
52.552
52.403
52.2589
52.1202
51.9853
51.8539
51.726
51.6014
51.4797
51.3609
51.2447
51.1299
51.0173
50.9068
50.7985
50.6925
50.5892
50.4883
50.3896
50.2925
50.1968
50.1025
50.0098
49.9189
49.8297
49.7402
49.654
49.5699
49.4877
49.4104
49.332
49.254
49.1772
49.1017
49.0276
48.9547
48.8828
48.8119
48.7421
48.6735
48.6063
48.5402
48.475
48.4107
48.347
48.284
48.2216
48.1601
48.0997
48.041
47.9845
47.9308
47.8799
47.8318
47.797
47.8968
48.9726
71.2837
69.0558
67.3204
65.7958
64.4817
63.3382
62.3343
61.446
60.6544
59.9444
59.304
58.7233
58.1945
57.7106
57.266
56.8555
56.475
56.1207
55.79
55.4804
55.1901
54.9174
54.6606
54.4179
54.1881
53.9703
53.7637
53.5676
53.3808
53.202
53.0299
52.8638
52.7033
52.5484
52.399
52.2546
52.1154
51.9801
51.8483
51.72
51.595
51.4731
51.354
51.2376
51.1225
51.0098
50.8993
50.7911
50.6855
50.5826
50.4823
50.384
50.2872
50.1916
50.0975
50.005
49.9144
49.8255
49.7378
49.6519
49.5678
49.4856
49.4065
49.3278
49.2498
49.173
49.0975
49.0233
48.9505
48.8787
48.808
48.7382
48.6696
48.6022
48.5361
48.4712
48.4072
48.3439
48.2811
48.2189
48.1572
48.0965
48.0373
47.9802
47.9258
47.874
47.8247
47.789
47.8886
48.9642
71.2827
69.0548
67.3194
65.7949
64.4809
63.3375
62.3338
61.4456
60.6541
59.9443
59.3041
58.7237
58.195
57.7113
57.2667
56.8563
56.4759
56.1219
55.7914
55.4822
55.1924
54.92
54.6634
54.4209
54.1913
53.9737
53.7671
53.5707
53.3833
53.2035
53.0304
52.8634
52.7024
52.5472
52.3976
52.2529
52.1132
51.9775
51.8454
51.7168
51.5916
51.4695
51.3501
51.2335
51.1184
51.0057
50.8953
50.7874
50.6821
50.5796
50.4795
50.3813
50.2845
50.1891
50.0952
50.003
49.9125
49.8238
49.7369
49.6512
49.5671
49.4847
49.4045
49.3255
49.2475
49.1707
49.0952
49.0211
48.9482
48.8765
48.8058
48.7361
48.6675
48.6
48.5339
48.469
48.4051
48.3421
48.2796
48.2176
48.156
48.0953
48.0358
47.9783
47.9232
47.8704
47.8198
47.7827
47.8818
48.9568
71.2816
69.0537
67.3183
65.7938
64.4799
63.3366
62.333
61.4449
60.6536
59.9439
59.3039
58.7237
58.1952
57.7116
57.2671
56.8568
56.4765
56.1227
55.7925
55.4838
55.1943
54.9223
54.6659
54.4236
54.1942
53.9766
53.77
53.5731
53.3849
53.2043
53.0304
52.863
52.7018
52.5465
52.3967
52.2517
52.1116
51.9755
51.8432
51.7144
51.589
51.4666
51.3471
51.2302
51.1152
51.0026
50.8924
50.7848
50.6798
50.5774
50.4772
50.3788
50.282
50.1867
50.093
50.001
49.9108
49.8223
49.7355
49.65
49.5659
49.4835
49.4029
49.3236
49.2455
49.1688
49.0933
49.0192
48.9463
48.8747
48.8041
48.7345
48.666
48.5986
48.5324
48.4675
48.4037
48.3408
48.2786
48.2168
48.1556
48.0952
48.0358
47.9781
47.9226
47.8689
47.8169
47.7781
47.8762
48.9504
71.2804
69.0523
67.3169
65.7925
64.4787
63.3356
62.3321
61.4442
60.653
59.9436
59.3038
58.7238
58.1955
57.712
57.2676
56.8575
56.4774
56.1239
55.7942
55.4859
55.1969
54.9252
54.6691
54.427
54.1977
53.9802
53.7734
53.5761
53.3873
53.2061
53.0319
52.8643
52.7031
52.5478
52.3979
52.2528
52.1123
51.976
51.8435
51.7146
51.5891
51.4667
51.347
51.23
51.1152
51.0028
50.893
50.7857
50.681
50.5786
50.4783
50.3798
50.283
50.1878
50.0944
50.0027
49.9127
49.8244
49.7377
49.6525
49.5687
49.4864
49.4056
49.3263
49.2483
49.1716
49.0963
49.0222
48.9494
48.8778
48.8073
48.7379
48.6695
48.6023
48.5362
48.4713
48.4076
48.3448
48.2827
48.2212
48.1604
48.1004
48.0414
47.9839
47.9281
47.8739
47.8206
47.7796
47.8762
48.9493
71.2789
69.0505
67.3151
65.7906
64.4768
63.3337
62.3303
61.4425
60.6515
59.9422
59.3026
58.7227
58.1945
57.7112
57.2669
56.857
56.4771
56.124
55.7948
55.4869
55.1983
54.927
54.671
54.4291
54.2
53.9824
53.7754
53.5777
53.3885
53.207
53.0328
52.8653
52.7042
52.5489
52.3989
52.2538
52.1131
51.9767
51.8441
51.7152
51.5897
51.4672
51.3476
51.2306
51.1161
51.0041
50.8947
50.7878
50.6834
50.5812
50.4809
50.3825
50.2858
50.1909
50.0978
50.0066
49.9171
49.8292
49.743
49.6582
49.575
49.4932
49.4128
49.3339
49.2564
49.1802
49.1055
49.032
48.9598
48.8888
48.8189
48.7503
48.6828
48.6164
48.5512
48.4873
48.4244
48.3625
48.3015
48.2414
48.182
48.1236
48.0663
48.0103
47.9559
47.9027
47.8498
47.8074
47.9013
48.971
71.2767
69.0476
67.3116
65.7868
64.4728
63.3295
62.3261
61.4383
60.6474
59.9383
59.2988
58.7191
58.1912
57.7081
57.2641
56.8545
56.4752
56.1226
55.7939
55.4867
55.1986
54.9277
54.6721
54.4306
54.2017
53.9843
53.7772
53.5796
53.3904
53.2091
53.0351
52.868
52.7072
52.5522
52.4025
52.2576
52.1171
51.9809
51.8486
51.72
51.5948
51.4727
51.3535
51.2369
51.1231
51.0118
50.9031
50.797
50.6933
50.5916
50.4919
50.394
50.298
50.204
50.1118
50.0215
49.933
49.8461
49.761
49.6774
49.5954
49.5149
49.4357
49.3581
49.2819
49.2071
49.1338
49.0618
48.991
48.9216
48.8534
48.7864
48.7207
48.6562
48.593
48.531
48.4702
48.4104
48.3516
48.2939
48.2372
48.1817
48.1274
48.0745
48.0233
47.9733
47.9228
47.8796
47.967
49.0255
71.2752
69.0481
67.3137
65.7904
64.4781
63.3365
62.3347
61.4488
60.6596
59.9523
59.3147
58.7369
58.2108
57.7296
57.2875
56.8798
56.5024
56.1519
55.8252
55.5199
55.2337
54.9645
54.7107
54.4708
54.2434
54.0275
53.8218
53.6255
53.4377
53.258
53.0857
52.9201
52.7609
52.6073
52.459
52.3155
52.1765
52.0417
51.9108
51.7836
51.6598
51.5392
51.4214
51.3064
51.1942
51.0846
50.9776
50.8731
50.7709
50.6708
50.5726
50.4764
50.382
50.2897
50.1993
50.1108
50.024
49.9391
49.8558
49.7743
49.6943
49.6158
49.5388
49.4633
49.3893
49.3168
49.2456
49.1759
49.1075
49.0404
48.9746
48.9101
48.8469
48.7851
48.7245
48.6652
48.607
48.5498
48.4938
48.4389
48.3852
48.3327
48.2814
48.2317
48.1837
48.1372
48.09
48.0456
48.1162
49.1318
71.3181
69.1402
67.4461
65.9593
64.6801
63.5691
62.5956
61.736
60.9717
60.2878
59.6723
59.1156
58.6096
58.1477
57.7242
57.3344
56.9743
56.6405
56.33
56.0404
55.7693
55.5148
55.2753
55.0493
54.8355
54.6327
54.44
54.2565
54.0815
53.9143
53.7542
53.6006
53.453
53.3109
53.1739
53.0415
52.9135
52.7895
52.6693
52.5526
52.4391
52.3287
52.2211
52.1162
52.014
51.9143
51.817
51.722
51.6292
51.5383
51.4494
51.3623
51.2771
51.1938
51.1123
51.0326
50.9545
50.8782
50.8034
50.7303
50.6587
50.5885
50.5198
50.4525
50.3866
50.3221
50.2588
50.1969
50.1361
50.0765
50.0182
49.961
49.9051
49.8505
49.7971
49.7448
49.6933
49.6428
49.5931
49.5444
49.4966
49.4498
49.404
49.3592
49.3153
49.2718
49.2274
49.1821
49.2183
50.0248
)
;
        valueFraction   nonuniform List<scalar> 
990
(
0.185375
0.175274
0.167263
0.160733
0.155302
0.150718
0.146803
0.143426
0.140487
0.13791
0.135636
0.133616
0.131812
0.130195
0.128737
0.127419
0.126222
0.125132
0.124136
0.123224
0.122387
0.121615
0.120903
0.120245
0.119635
0.119069
0.118542
0.118052
0.117594
0.117166
0.116765
0.11639
0.116038
0.115706
0.115391
0.115093
0.114809
0.114539
0.114281
0.114032
0.113793
0.113562
0.113338
0.113121
0.112908
0.112701
0.112499
0.1123
0.112106
0.111916
0.111729
0.111547
0.111369
0.111195
0.111026
0.110861
0.110701
0.110545
0.110392
0.110246
0.110104
0.109966
0.109831
0.1097
0.109571
0.109445
0.109321
0.109199
0.109079
0.10896
0.108842
0.108726
0.108612
0.108498
0.108387
0.108276
0.108167
0.108059
0.107952
0.107846
0.107739
0.107632
0.107524
0.107412
0.107295
0.107169
0.107029
0.106857
0.106644
0.106145
0.185375
0.175274
0.167264
0.160733
0.155302
0.150719
0.146804
0.143428
0.140489
0.137913
0.135638
0.133619
0.131816
0.130199
0.128742
0.127424
0.126227
0.125138
0.124142
0.12323
0.122392
0.121621
0.120908
0.120249
0.119638
0.119071
0.118543
0.118051
0.117591
0.117161
0.116757
0.116379
0.116022
0.115686
0.115368
0.115067
0.11478
0.114507
0.114245
0.113994
0.113752
0.113519
0.113293
0.113074
0.112861
0.112653
0.11245
0.112252
0.112058
0.111869
0.111684
0.111502
0.111325
0.111153
0.110984
0.110821
0.110661
0.110506
0.110355
0.110209
0.110066
0.109928
0.109792
0.10966
0.109531
0.109404
0.109279
0.109157
0.109036
0.108918
0.108801
0.108685
0.108571
0.108459
0.108348
0.108238
0.10813
0.108023
0.107917
0.107812
0.107706
0.1076
0.107492
0.107381
0.107264
0.107139
0.106999
0.106828
0.106615
0.106116
0.185375
0.175274
0.167264
0.160733
0.155303
0.15072
0.146805
0.143429
0.140491
0.137915
0.135641
0.133622
0.131819
0.130203
0.128746
0.127429
0.126233
0.125143
0.124148
0.123236
0.122398
0.121626
0.120913
0.120253
0.119642
0.119073
0.118544
0.11805
0.117588
0.117156
0.11675
0.116369
0.11601
0.115671
0.11535
0.115046
0.114756
0.11448
0.114216
0.113962
0.113718
0.113483
0.113255
0.113035
0.112821
0.112612
0.112409
0.112211
0.112017
0.111828
0.111643
0.111463
0.111287
0.111115
0.110947
0.110784
0.110625
0.11047
0.110319
0.110172
0.110029
0.10989
0.109754
0.109621
0.10949
0.109363
0.109238
0.109115
0.108994
0.108875
0.108758
0.108643
0.108529
0.108417
0.108306
0.108197
0.108089
0.107982
0.107876
0.107771
0.107666
0.10756
0.107452
0.107341
0.107224
0.107099
0.106959
0.106787
0.106574
0.106074
0.185375
0.175274
0.167264
0.160734
0.155303
0.15072
0.146806
0.14343
0.140492
0.137916
0.135643
0.133624
0.131822
0.130206
0.12875
0.127432
0.126237
0.125147
0.124152
0.12324
0.122402
0.121629
0.120916
0.120256
0.119643
0.119074
0.118543
0.118048
0.117584
0.11715
0.116743
0.116359
0.115998
0.115657
0.115333
0.115026
0.114734
0.114455
0.114189
0.113933
0.113687
0.11345
0.113221
0.112999
0.112784
0.112575
0.112371
0.112173
0.111979
0.11179
0.111606
0.111426
0.11125
0.111078
0.110911
0.110748
0.110589
0.110435
0.110284
0.110137
0.109994
0.109854
0.109717
0.109583
0.109453
0.109325
0.109199
0.109076
0.108955
0.108836
0.108719
0.108604
0.10849
0.108378
0.108268
0.108159
0.108052
0.107946
0.10784
0.107736
0.107631
0.107525
0.107418
0.107307
0.107191
0.107066
0.106926
0.106755
0.106542
0.106041
0.185375
0.175274
0.167264
0.160734
0.155304
0.150721
0.146807
0.143431
0.140494
0.137918
0.135645
0.133627
0.131825
0.130209
0.128753
0.127437
0.126241
0.125152
0.124157
0.123245
0.122406
0.121634
0.12092
0.120259
0.119646
0.119075
0.118543
0.118047
0.117582
0.117147
0.116737
0.116352
0.115989
0.115645
0.11532
0.115011
0.114716
0.114435
0.114166
0.113909
0.113661
0.113422
0.113192
0.112969
0.112753
0.112543
0.112338
0.11214
0.111946
0.111757
0.111572
0.111392
0.111217
0.111046
0.110879
0.110716
0.110557
0.110402
0.110251
0.110104
0.10996
0.10982
0.109683
0.109549
0.109418
0.109289
0.109163
0.10904
0.108919
0.108799
0.108682
0.108567
0.108454
0.108342
0.108232
0.108123
0.108016
0.10791
0.107805
0.1077
0.107596
0.10749
0.107383
0.107273
0.107157
0.107032
0.106893
0.106722
0.106509
0.106008
0.185375
0.175274
0.167264
0.160734
0.155304
0.150721
0.146808
0.143432
0.140495
0.13792
0.135647
0.133629
0.131828
0.130212
0.128756
0.127439
0.126244
0.125155
0.12416
0.123248
0.122409
0.121636
0.120922
0.12026
0.119646
0.119075
0.118542
0.118045
0.117579
0.117142
0.116731
0.116344
0.115979
0.115634
0.115306
0.114995
0.114699
0.114416
0.114145
0.113886
0.113636
0.113396
0.113164
0.11294
0.112723
0.112512
0.112307
0.112108
0.111914
0.111724
0.11154
0.11136
0.111185
0.111013
0.110847
0.110684
0.110525
0.11037
0.110219
0.110071
0.109927
0.109786
0.109649
0.109514
0.109383
0.109254
0.109128
0.109004
0.108882
0.108763
0.108646
0.108531
0.108418
0.108306
0.108196
0.108088
0.107981
0.107875
0.10777
0.107666
0.107561
0.107456
0.107349
0.107239
0.107123
0.106998
0.106859
0.106688
0.106476
0.105975
0.185375
0.175275
0.167265
0.160735
0.155305
0.150722
0.146809
0.143434
0.140497
0.137922
0.13565
0.133632
0.131831
0.130216
0.12876
0.127444
0.126249
0.12516
0.124165
0.123252
0.122414
0.121641
0.120926
0.120264
0.119649
0.119077
0.118544
0.118045
0.117578
0.11714
0.116728
0.11634
0.115973
0.115626
0.115297
0.114984
0.114686
0.114401
0.114129
0.113868
0.113617
0.113375
0.113142
0.112916
0.112698
0.112486
0.112281
0.112081
0.111886
0.111697
0.111512
0.111332
0.111157
0.110985
0.110818
0.110655
0.110496
0.110341
0.11019
0.110042
0.109897
0.109756
0.109619
0.109484
0.109352
0.109223
0.109096
0.108972
0.10885
0.108731
0.108613
0.108498
0.108385
0.108273
0.108163
0.108055
0.107948
0.107842
0.107737
0.107633
0.107529
0.107423
0.107316
0.107206
0.107091
0.106966
0.106828
0.106657
0.106445
0.105945
0.185375
0.175275
0.167265
0.160735
0.155305
0.150723
0.14681
0.143434
0.140498
0.137923
0.135651
0.133633
0.131833
0.130217
0.128762
0.127446
0.126251
0.125162
0.124167
0.123254
0.122415
0.121642
0.120927
0.120265
0.119649
0.119077
0.118542
0.118043
0.117575
0.117136
0.116723
0.116333
0.115965
0.115616
0.115286
0.114971
0.114672
0.114386
0.114112
0.11385
0.113598
0.113355
0.11312
0.112894
0.112675
0.112463
0.112257
0.112056
0.111861
0.111672
0.111487
0.111307
0.111132
0.11096
0.110793
0.110631
0.110472
0.110317
0.110165
0.110018
0.109874
0.109733
0.109595
0.109461
0.109329
0.1092
0.109074
0.108951
0.10883
0.108711
0.108595
0.108481
0.108368
0.108258
0.10815
0.108043
0.107938
0.107834
0.107731
0.107629
0.107526
0.107424
0.107319
0.107212
0.107099
0.106978
0.106843
0.106677
0.106469
0.105974
0.185376
0.175275
0.167265
0.160736
0.155306
0.150724
0.146812
0.143437
0.1405
0.137926
0.135654
0.133637
0.131837
0.130222
0.128767
0.127451
0.126256
0.125167
0.124172
0.12326
0.122421
0.121647
0.120932
0.120269
0.119654
0.119081
0.118546
0.118046
0.117577
0.117137
0.116723
0.116332
0.115963
0.115613
0.115281
0.114966
0.114665
0.114378
0.114103
0.113839
0.113586
0.113342
0.113107
0.11288
0.11266
0.112447
0.112241
0.11204
0.111845
0.111656
0.111471
0.111292
0.111117
0.110946
0.11078
0.110618
0.11046
0.110306
0.110156
0.110009
0.109866
0.109727
0.10959
0.109457
0.109327
0.1092
0.109076
0.108955
0.108836
0.10872
0.108607
0.108495
0.108386
0.108279
0.108174
0.108072
0.10797
0.107871
0.107772
0.107674
0.107577
0.107479
0.107381
0.107279
0.107173
0.107058
0.106931
0.106773
0.106576
0.106095
0.185376
0.175275
0.167265
0.160735
0.155305
0.150723
0.14681
0.143435
0.140498
0.137924
0.135652
0.133634
0.131834
0.130219
0.128764
0.127447
0.126252
0.125163
0.124168
0.123255
0.122416
0.121642
0.120926
0.120263
0.119647
0.119074
0.118538
0.118037
0.117568
0.117127
0.116712
0.11632
0.11595
0.115599
0.115266
0.11495
0.114648
0.11436
0.114084
0.113819
0.113565
0.11332
0.113084
0.112857
0.112636
0.112423
0.112216
0.112015
0.11182
0.111631
0.111446
0.111267
0.111092
0.110922
0.110756
0.110595
0.110437
0.110284
0.110134
0.109988
0.109846
0.109708
0.109573
0.109441
0.109312
0.109187
0.109064
0.108945
0.108828
0.108714
0.108602
0.108494
0.108387
0.108283
0.108181
0.108081
0.107984
0.107887
0.107792
0.107699
0.107605
0.107512
0.107418
0.107321
0.10722
0.107111
0.10699
0.106839
0.10665
0.106183
0.185374
0.175271
0.16726
0.160728
0.155297
0.150713
0.146798
0.143421
0.140483
0.137907
0.135633
0.133615
0.131813
0.130196
0.128739
0.127422
0.126225
0.125135
0.124138
0.123224
0.122383
0.121607
0.12089
0.120225
0.119607
0.119031
0.118494
0.117991
0.117519
0.117076
0.116658
0.116264
0.115891
0.115537
0.115202
0.114882
0.114577
0.114286
0.114007
0.11374
0.113483
0.113236
0.112997
0.112767
0.112544
0.112328
0.112119
0.111916
0.111719
0.111528
0.111342
0.111161
0.110984
0.110813
0.110646
0.110483
0.110324
0.11017
0.110019
0.109873
0.10973
0.10959
0.109454
0.109322
0.109193
0.109067
0.108944
0.108823
0.108706
0.108592
0.10848
0.108371
0.108264
0.10816
0.108058
0.107958
0.107861
0.107764
0.10767
0.107576
0.107483
0.10739
0.107296
0.1072
0.1071
0.106992
0.106871
0.106723
0.106539
0.106085
)
;
        value           nonuniform List<scalar> 
990
(
323.366
323.854
324.309
324.692
325.021
325.307
325.558
325.779
325.977
326.154
326.313
326.458
326.59
326.711
326.822
326.925
327.02
327.109
327.191
327.268
327.34
327.407
327.471
327.532
327.59
327.645
327.697
327.747
327.796
327.843
327.888
327.929
327.964
328.001
328.039
328.075
328.111
328.146
328.18
328.213
328.245
328.277
328.308
328.338
328.368
328.397
328.426
328.454
328.482
328.508
328.535
328.561
328.587
328.613
328.638
328.663
328.688
328.714
328.746
328.771
328.794
328.817
328.839
328.86
328.881
328.902
328.922
328.942
328.962
328.982
329.001
329.02
329.039
329.057
329.076
329.094
329.112
329.13
329.147
329.165
329.183
329.201
329.22
329.239
329.261
329.284
329.313
329.358
329.465
329.833
323.366
323.854
324.309
324.692
325.021
325.307
325.558
325.779
325.977
326.154
326.313
326.458
326.59
326.711
326.822
326.925
327.02
327.108
327.191
327.267
327.339
327.407
327.471
327.532
327.59
327.645
327.698
327.748
327.797
327.844
327.889
327.932
327.972
328.011
328.049
328.086
328.122
328.157
328.191
328.225
328.257
328.289
328.32
328.35
328.38
328.409
328.438
328.466
328.494
328.521
328.548
328.574
328.6
328.626
328.651
328.676
328.7
328.725
328.749
328.772
328.795
328.818
328.841
328.862
328.884
328.904
328.925
328.945
328.964
328.984
329.003
329.022
329.041
329.06
329.078
329.097
329.115
329.132
329.15
329.167
329.185
329.203
329.221
329.241
329.262
329.286
329.314
329.359
329.466
329.834
323.366
323.853
324.309
324.692
325.021
325.307
325.557
325.779
325.976
326.153
326.313
326.458
326.59
326.71
326.822
326.925
327.02
327.108
327.19
327.267
327.339
327.407
327.472
327.532
327.59
327.646
327.698
327.749
327.798
327.845
327.89
327.933
327.974
328.014
328.052
328.089
328.126
328.161
328.195
328.228
328.261
328.293
328.324
328.355
328.384
328.413
328.442
328.47
328.498
328.525
328.552
328.579
328.605
328.631
328.656
328.681
328.705
328.729
328.752
328.775
328.798
328.82
328.843
328.865
328.886
328.907
328.927
328.947
328.967
328.987
329.006
329.025
329.044
329.063
329.082
329.1
329.118
329.136
329.154
329.171
329.189
329.206
329.225
329.244
329.265
329.289
329.317
329.361
329.469
329.838
323.366
323.853
324.309
324.692
325.021
325.307
325.557
325.779
325.976
326.153
326.313
326.457
326.589
326.71
326.822
326.924
327.019
327.108
327.19
327.267
327.339
327.407
327.472
327.533
327.591
327.646
327.699
327.75
327.799
327.846
327.891
327.934
327.975
328.015
328.054
328.091
328.127
328.163
328.197
328.231
328.263
328.295
328.327
328.357
328.387
328.416
328.445
328.473
328.5
328.528
328.555
328.582
328.608
328.634
328.659
328.684
328.708
328.732
328.755
328.778
328.801
328.823
328.846
328.867
328.889
328.909
328.93
328.95
328.97
328.99
329.009
329.029
329.047
329.066
329.085
329.103
329.122
329.14
329.157
329.175
329.192
329.21
329.228
329.247
329.268
329.292
329.32
329.364
329.471
329.84
323.365
323.853
324.309
324.691
325.02
325.306
325.557
325.779
325.976
326.153
326.312
326.457
326.589
326.71
326.821
326.924
327.019
327.108
327.19
327.267
327.339
327.408
327.472
327.533
327.592
327.647
327.7
327.751
327.8
327.847
327.892
327.935
327.976
328.016
328.055
328.092
328.129
328.164
328.199
328.232
328.265
328.297
328.329
328.359
328.389
328.418
328.447
328.475
328.503
328.53
328.558
328.585
328.611
328.637
328.662
328.687
328.711
328.735
328.758
328.781
328.804
328.826
328.848
328.87
328.891
328.912
328.933
328.953
328.973
328.993
329.013
329.032
329.051
329.07
329.088
329.107
329.125
329.143
329.161
329.179
329.197
329.214
329.233
329.252
329.272
329.295
329.323
329.367
329.474
329.843
323.365
323.853
324.308
324.691
325.02
325.306
325.557
325.778
325.976
326.153
326.312
326.457
326.589
326.71
326.821
326.924
327.019
327.107
327.19
327.267
327.34
327.408
327.473
327.534
327.592
327.648
327.701
327.752
327.801
327.848
327.893
327.936
327.977
328.017
328.056
328.094
328.13
328.166
328.2
328.234
328.267
328.299
328.331
328.361
328.391
328.421
328.449
328.478
328.506
328.534
328.561
328.588
328.614
328.64
328.665
328.69
328.714
328.738
328.762
328.785
328.807
328.83
328.852
328.874
328.895
328.916
328.937
328.957
328.977
328.997
329.017
329.036
329.055
329.074
329.093
329.111
329.13
329.148
329.166
329.184
329.202
329.22
329.238
329.257
329.278
329.301
329.328
329.371
329.478
329.847
323.365
323.853
324.308
324.691
325.02
325.306
325.556
325.778
325.975
326.152
326.312
326.457
326.589
326.71
326.821
326.924
327.019
327.107
327.19
327.267
327.34
327.409
327.473
327.535
327.593
327.649
327.702
327.753
327.802
327.849
327.894
327.937
327.978
328.019
328.058
328.095
328.132
328.168
328.203
328.236
328.269
328.302
328.333
328.364
328.394
328.424
328.453
328.481
328.509
328.537
328.564
328.591
328.617
328.643
328.669
328.693
328.718
328.742
328.766
328.789
328.812
328.834
328.856
328.878
328.899
328.921
328.941
328.962
328.982
329.002
329.022
329.041
329.06
329.079
329.098
329.117
329.135
329.154
329.172
329.19
329.208
329.226
329.245
329.264
329.285
329.307
329.335
329.377
329.484
329.852
323.365
323.852
324.308
324.69
325.019
325.305
325.556
325.778
325.975
326.152
326.312
326.456
326.589
326.709
326.821
326.924
327.019
327.108
327.19
327.268
327.341
327.41
327.475
327.536
327.595
327.651
327.704
327.755
327.804
327.851
327.896
327.939
327.981
328.021
328.06
328.098
328.135
328.171
328.206
328.24
328.273
328.306
328.338
328.369
328.399
328.429
328.458
328.486
328.515
328.543
328.57
328.597
328.623
328.649
328.674
328.699
328.724
328.748
328.772
328.795
328.818
328.841
328.863
328.885
328.906
328.927
328.948
328.969
328.989
329.009
329.029
329.048
329.067
329.086
329.105
329.124
329.142
329.16
329.179
329.197
329.215
329.233
329.252
329.271
329.291
329.314
329.34
329.381
329.486
329.852
323.364
323.852
324.307
324.69
325.019
325.305
325.556
325.778
325.975
326.152
326.312
326.457
326.589
326.71
326.822
326.925
327.021
327.11
327.193
327.271
327.344
327.413
327.478
327.54
327.599
327.655
327.709
327.76
327.809
327.856
327.901
327.945
327.987
328.028
328.067
328.106
328.143
328.179
328.214
328.249
328.282
328.315
328.347
328.378
328.409
328.439
328.468
328.497
328.526
328.554
328.581
328.608
328.635
328.661
328.686
328.712
328.736
328.761
328.785
328.808
328.831
328.854
328.876
328.898
328.92
328.941
328.962
328.982
329.003
329.023
329.042
329.062
329.081
329.099
329.118
329.137
329.155
329.173
329.191
329.209
329.227
329.245
329.263
329.282
329.302
329.324
329.349
329.388
329.488
329.848
323.365
323.853
324.309
324.693
325.023
325.31
325.562
325.785
325.984
326.162
326.323
326.469
326.602
326.725
326.837
326.941
327.038
327.128
327.213
327.292
327.366
327.436
327.503
327.566
327.626
327.683
327.738
327.79
327.84
327.888
327.934
327.979
328.022
328.064
328.105
328.144
328.182
328.219
328.256
328.291
328.326
328.359
328.392
328.424
328.456
328.487
328.518
328.548
328.577
328.606
328.634
328.662
328.689
328.716
328.743
328.769
328.794
328.819
328.844
328.868
328.892
328.916
328.939
328.961
328.984
329.005
329.027
329.048
329.069
329.09
329.11
329.13
329.149
329.169
329.188
329.207
329.225
329.244
329.262
329.28
329.298
329.316
329.335
329.354
329.374
329.396
329.421
329.458
329.551
329.895
323.373
323.87
324.335
324.727
325.065
325.36
325.619
325.849
326.055
326.24
326.407
326.56
326.699
326.828
326.946
327.056
327.158
327.254
327.343
327.428
327.507
327.582
327.654
327.722
327.786
327.848
327.907
327.964
328.018
328.071
328.121
328.17
328.218
328.264
328.309
328.352
328.395
328.436
328.476
328.515
328.554
328.591
328.628
328.664
328.7
328.734
328.769
328.802
328.835
328.867
328.899
328.93
328.961
328.991
329.021
329.05
329.079
329.108
329.135
329.163
329.19
329.216
329.242
329.268
329.293
329.318
329.343
329.367
329.391
329.414
329.437
329.46
329.482
329.504
329.526
329.547
329.568
329.589
329.61
329.63
329.651
329.671
329.692
329.713
329.735
329.758
329.784
329.82
329.901
330.195
)
;
        Tnbr            T;
        qrNbr           qr;
        qr              none;
        thermalInertia  false;
        thicknessLayers List<scalar> 0();
        kappaLayers     List<scalar> 0();
        kappaMethod     solidThermo;
        kappa           none;
        alphaAni        none;
        alpha           none;
    }
    asphalt_to_concrete
    {
        type            compressible::turbulentTemperatureRadCoupledMixed;
        refValue        nonuniform List<scalar> 
52
(
325.709
325.729
325.762
325.795
325.827
325.859
325.89
325.92
325.95
325.979
326.007
326.035
326.063
326.09
326.117
326.143
326.168
326.193
326.217
326.241
326.265
326.289
326.312
326.336
326.362
326.401
327.248
327.277
327.312
327.348
327.382
327.416
327.448
327.481
327.512
327.543
327.573
327.603
327.632
327.661
327.689
327.717
327.744
327.77
327.796
327.821
327.846
327.871
327.896
327.921
327.948
327.982
)
;
        refGradient     uniform 0;
        valueFraction   nonuniform List<scalar> 
52
(
0.470588
0.470588
0.470588
0.470588
0.470588
0.470588
0.470588
0.470588
0.470588
0.470588
0.470588
0.470588
0.470588
0.470588
0.470588
0.470588
0.470588
0.470588
0.470588
0.470588
0.470588
0.470588
0.470588
0.470588
0.470588
0.470588
0.470588
0.470588
0.470588
0.470588
0.470588
0.470588
0.470588
0.470588
0.470588
0.470588
0.470588
0.470588
0.470588
0.470588
0.470588
0.470588
0.470588
0.470588
0.470588
0.470588
0.470588
0.470588
0.470588
0.470588
0.470588
0.470588
)
;
        value           nonuniform List<scalar> 
52
(
325.787
325.814
325.847
325.88
325.913
325.945
325.976
326.006
326.036
326.065
326.094
326.122
326.15
326.177
326.204
326.23
326.255
326.28
326.304
326.328
326.352
326.376
326.399
326.423
326.447
326.48
327.255
327.288
327.323
327.359
327.393
327.427
327.46
327.492
327.524
327.555
327.585
327.615
327.644
327.673
327.701
327.728
327.755
327.781
327.807
327.832
327.858
327.883
327.908
327.932
327.958
327.988
)
;
        Tnbr            T;
        qrNbr           none;
        qr              none;
        thermalInertia  false;
        thicknessLayers List<scalar> 0();
        kappaLayers     List<scalar> 0();
        kappaMethod     solidThermo;
        kappa           none;
        alphaAni        none;
        alpha           none;
    }
    asphalt_to_soil2
    {
        type            compressible::turbulentTemperatureRadCoupledMixed;
        refValue        nonuniform List<scalar> 
128
(
321.649
322.068
322.482
322.836
323.141
323.406
323.638
323.844
324.027
324.191
324.339
324.473
324.595
324.707
324.81
324.905
324.994
325.075
325.152
325.223
325.289
325.352
325.411
325.467
325.52
325.571
325.619
325.665
325.71
325.752
325.792
325.816
326.575
326.612
326.636
326.657
326.676
326.696
326.715
326.734
326.753
326.771
326.789
326.807
326.825
326.843
326.86
326.877
326.894
326.911
326.928
326.944
326.961
326.977
326.994
327.011
327.029
327.047
327.067
327.09
327.118
327.163
327.269
327.573
322.795
323.259
323.7
324.073
324.394
324.673
324.918
325.134
325.327
325.5
325.655
325.796
325.925
326.043
326.152
326.252
326.345
326.431
326.512
326.586
326.656
326.722
326.785
326.844
326.9
326.953
327.004
327.053
327.1
327.145
327.187
327.22
328.02
328.053
328.077
328.099
328.118
328.139
328.159
328.179
328.199
328.219
328.238
328.257
328.275
328.294
328.312
328.33
328.348
328.366
328.384
328.401
328.418
328.436
328.454
328.472
328.49
328.51
328.53
328.554
328.583
328.627
328.734
329.079
)
;
        refGradient     uniform 0;
        valueFraction   nonuniform List<scalar> 
128
(
0.5
0.5
0.5
0.5
0.5
0.5
0.5
0.5
0.5
0.5
0.5
0.5
0.5
0.5
0.5
0.5
0.5
0.5
0.5
0.5
0.5
0.5
0.5
0.5
0.5
0.5
0.5
0.5
0.5
0.5
0.5
0.5
0.5
0.5
0.5
0.5
0.5
0.5
0.5
0.5
0.5
0.5
0.5
0.5
0.5
0.5
0.5
0.5
0.5
0.5
0.5
0.5
0.5
0.5
0.5
0.5
0.5
0.5
0.5
0.5
0.5
0.5
0.5
0.5
0.5
0.5
0.5
0.5
0.5
0.5
0.5
0.5
0.5
0.5
0.5
0.5
0.5
0.5
0.5
0.5
0.5
0.5
0.5
0.5
0.5
0.5
0.5
0.5
0.5
0.5
0.5
0.5
0.5
0.5
0.5
0.5
0.5
0.5
0.5
0.5
0.5
0.5
0.5
0.5
0.5
0.5
0.5
0.5
0.5
0.5
0.5
0.5
0.5
0.5
0.5
0.5
0.5
0.5
0.5
0.5
0.5
0.5
0.5
0.5
0.5
0.5
0.5
0.5
)
;
        value           nonuniform List<scalar> 
128
(
321.649
322.068
322.482
322.836
323.141
323.406
323.638
323.844
324.027
324.191
324.338
324.473
324.595
324.707
324.81
324.905
324.993
325.075
325.151
325.222
325.289
325.351
325.411
325.467
325.52
325.571
325.619
325.665
325.71
325.753
325.793
325.824
326.581
326.612
326.635
326.656
326.676
326.696
326.715
326.734
326.753
326.771
326.79
326.807
326.825
326.843
326.86
326.878
326.895
326.911
326.928
326.944
326.961
326.977
326.994
327.011
327.029
327.047
327.067
327.089
327.117
327.162
327.268
327.572
322.795
323.258
323.7
324.073
324.394
324.673
324.918
325.134
325.327
325.499
325.655
325.796
325.925
326.043
326.151
326.252
326.345
326.431
326.511
326.586
326.656
326.722
326.785
326.844
326.9
326.953
327.004
327.053
327.1
327.146
327.189
327.225
328.023
328.052
328.075
328.097
328.118
328.139
328.159
328.179
328.199
328.219
328.238
328.257
328.275
328.294
328.312
328.331
328.349
328.366
328.384
328.401
328.418
328.436
328.453
328.471
328.49
328.509
328.53
328.553
328.582
328.626
328.734
329.079
)
;
        Tnbr            T;
        qrNbr           none;
        qr              none;
        thermalInertia  false;
        thicknessLayers List<scalar> 0();
        kappaLayers     List<scalar> 0();
        kappaMethod     solidThermo;
        kappa           none;
        alphaAni        none;
        alpha           none;
    }
}


// ************************************************************************* //
