/*--------------------------------*- C++ -*----------------------------------*\
| =========                 |                                                 |
| \\      /  F ield         | OpenFOAM: The Open Source CFD Toolbox           |
|  \\    /   O peration     | Version:  v2012                                 |
|   \\  /    A nd           | Website:  www.openfoam.com                      |
|    \\/     M anipulation  |                                                 |
\*---------------------------------------------------------------------------*/
FoamFile
{
    version     2.0;
    format      ascii;
    class       volScalarField;
    location    "300/concrete";
    object      T;
}
// * * * * * * * * * * * * * * * * * * * * * * * * * * * * * * * * * * * * * //

dimensions      [0 0 0 1 0 0 0];


internalField   nonuniform List<scalar> 
1924
(
325.442
325.632
325.839
325.884
325.838
324.659
311.912
310.629
310.518
311.43
322.602
323.305
323.118
322.945
322.775
322.71
322.713
322.755
322.831
322.939
323.069
323.208
323.344
323.475
323.6
323.731
325.375
325.507
325.629
325.575
325.549
324.406
311.95
310.698
310.652
311.759
323.919
324.851
324.612
324.37
324.094
323.91
323.776
323.68
323.628
323.622
323.651
323.7
323.759
323.823
323.896
323.991
325.164
325.156
325.102
324.976
325.114
324.026
311.437
310.157
310.137
311.379
324.162
325.263
324.883
324.67
324.457
324.341
324.251
324.174
324.118
324.083
324.06
324.045
324.039
324.049
324.082
324.168
324.7
324.531
324.273
324.032
323.657
322.578
311.881
310.735
310.72
311.921
323.649
325.215
325.549
325.455
325.099
324.824
324.575
324.415
324.359
324.327
324.258
324.167
324.122
324.224
324.486
324.791
323.937
323.752
323.407
322.004
303.261
300.345
298.541
298.05
298.057
298.587
300.554
303.77
324.501
325.62
325.287
324.92
324.615
324.536
324.54
324.606
324.704
324.809
324.879
324.929
324.98
325.009
323.118
323.192
323.211
321.782
300.484
297.111
296.166
295.894
295.899
296.191
297.203
300.832
323.846
325.488
325.346
325.113
324.938
324.844
324.819
324.833
324.846
324.835
324.795
324.758
324.744
324.739
322.543
322.891
323.196
321.926
299.947
296.429
295.584
295.362
295.365
295.598
296.492
300.241
323.707
325.437
325.352
325.135
324.931
324.775
324.673
324.613
324.565
324.513
324.472
324.449
324.436
324.438
322.323
322.755
323.183
322.054
299.827
296.262
295.428
295.218
295.22
295.44
296.318
300.103
323.683
325.416
325.322
325.06
324.802
324.595
324.443
324.344
324.282
324.25
324.245
324.25
324.259
324.286
322.169
322.584
323.002
321.929
299.778
296.226
295.4
295.194
295.195
295.411
296.286
300.081
323.719
325.47
325.345
325.061
324.776
324.547
324.376
324.269
324.211
324.197
324.207
324.23
324.265
324.318
322.162
322.462
322.732
321.587
299.758
296.266
295.457
295.255
295.255
295.466
296.333
300.125
323.875
325.724
325.561
325.254
324.937
324.689
324.502
324.387
324.333
324.312
324.323
324.365
324.434
324.518
322.58
322.583
322.522
321.196
299.891
296.527
295.754
295.557
295.55
295.745
296.581
300.316
324.17
326.227
326.039
325.546
325.15
324.882
324.706
324.59
324.521
324.494
324.514
324.586
324.701
324.82
323.317
323.027
322.527
320.96
300.895
297.876
297.184
296.987
296.951
297.094
297.813
301.22
324.265
325.961
325.732
325.359
325.061
324.863
324.739
324.663
324.624
324.624
324.678
324.799
324.97
325.13
324.028
323.657
322.972
321.468
308.954
307.328
306.815
306.535
306.346
306.279
306.569
308.358
322.88
324.363
324.529
324.516
324.501
324.509
324.535
324.571
324.615
324.679
324.789
324.965
325.187
325.382
324.499
324.222
323.603
322.019
309.8
308.39
307.999
307.816
307.716
307.713
307.965
309.363
322.162
323.621
323.973
324.133
324.258
324.378
324.493
324.597
324.692
324.795
324.934
325.132
325.369
325.574
324.749
324.587
324.123
322.571
309.901
308.519
308.178
308.029
307.956
307.964
308.188
309.499
322.323
323.76
324.119
324.293
324.427
324.551
324.667
324.773
324.87
324.972
325.102
325.282
325.495
325.658
324.894
324.796
324.461
323.025
310.055
308.677
308.361
308.23
308.171
308.188
308.401
309.676
322.552
323.938
324.269
324.433
324.561
324.681
324.794
324.9
325
325.102
325.221
325.376
325.556
325.69
325.007
324.934
324.68
323.433
311.392
310.122
309.842
309.73
309.684
309.703
309.894
311.059
322.982
324.239
324.529
324.674
324.788
324.893
324.991
325.086
325.178
325.271
325.37
325.483
325.586
325.412
325.106
325.048
324.865
323.921
314.644
313.655
313.44
313.36
313.328
313.345
313.494
314.402
323.616
324.595
324.823
324.939
325.034
325.12
325.202
325.283
325.364
325.446
325.527
325.595
325.587
324.929
325.183
325.142
325.033
324.47
319.092
318.496
318.368
318.326
318.312
318.327
318.426
318.984
324.351
324.959
325.114
325.2
325.272
325.341
325.406
325.472
325.54
325.611
325.677
325.711
325.596
324.484
325.235
325.214
325.17
324.948
323.081
322.844
322.796
322.789
322.793
322.809
322.864
323.103
324.993
325.262
325.35
325.408
325.461
325.514
325.565
325.618
325.674
325.733
325.788
325.803
325.626
324.265
325.272
325.266
325.265
325.255
325.432
325.42
325.424
325.439
325.456
325.473
325.499
325.541
325.404
325.461
325.506
325.547
325.588
325.63
325.673
325.717
325.763
325.812
325.855
325.857
325.659
324.29
325.305
325.306
325.325
325.393
326.139
326.209
326.238
326.264
326.286
326.305
326.319
326.29
325.589
325.571
325.597
325.629
325.664
325.702
325.741
325.78
325.819
325.859
325.892
325.883
325.68
324.328
325.339
325.344
325.368
325.433
325.954
326.02
326.054
326.083
326.108
326.127
326.139
326.115
325.641
325.629
325.652
325.681
325.713
325.749
325.786
325.823
325.859
325.894
325.92
325.904
325.699
324.368
325.377
325.384
325.407
325.448
325.616
325.656
325.687
325.715
325.74
325.761
325.777
325.779
325.659
325.674
325.698
325.726
325.758
325.792
325.828
325.864
325.898
325.929
325.951
325.936
325.748
324.523
325.416
325.424
325.448
325.474
325.457
325.479
325.507
325.534
325.559
325.581
325.602
325.621
325.689
325.721
325.746
325.773
325.803
325.836
325.87
325.905
325.938
325.968
325.989
325.979
325.831
324.845
325.454
325.463
325.488
325.513
325.47
325.488
325.515
325.54
325.565
325.589
325.613
325.639
325.735
325.771
325.795
325.821
325.849
325.88
325.912
325.945
325.977
326.007
326.029
326.03
325.938
325.299
325.487
325.498
325.526
325.555
325.543
325.563
325.589
325.614
325.639
325.665
325.691
325.718
325.784
325.818
325.841
325.865
325.891
325.92
325.95
325.981
326.012
326.041
326.066
326.079
326.043
325.75
325.515
325.529
325.559
325.593
325.606
325.628
325.654
325.678
325.704
325.731
325.758
325.784
325.828
325.86
325.882
325.903
325.927
325.954
325.982
326.012
326.041
326.07
326.097
326.119
326.127
326.079
325.54
325.556
325.589
325.624
325.645
325.667
325.692
325.717
325.743
325.77
325.798
325.825
325.864
325.896
325.917
325.936
325.959
325.983
326.01
326.038
326.066
326.095
326.122
326.15
326.18
326.249
325.562
325.58
325.614
325.65
325.67
325.691
325.716
325.742
325.768
325.795
325.824
325.852
325.894
325.927
325.948
325.967
325.987
326.01
326.035
326.061
326.088
326.116
326.144
326.173
326.211
326.302
325.583
325.602
325.637
325.673
325.69
325.711
325.737
325.764
325.791
325.818
325.846
325.875
325.92
325.954
325.977
325.995
326.014
326.035
326.058
326.083
326.109
326.135
326.163
326.193
326.23
326.304
325.602
325.622
325.658
325.693
325.71
325.732
325.758
325.786
325.813
325.841
325.869
325.898
325.942
325.978
326.002
326.021
326.039
326.059
326.08
326.104
326.128
326.154
326.181
326.21
326.244
326.301
325.618
325.639
325.674
325.708
325.728
325.75
325.778
325.806
325.834
325.862
325.89
325.919
325.961
325.997
326.022
326.043
326.062
326.08
326.101
326.123
326.146
326.171
326.198
326.226
326.258
326.306
325.632
325.652
325.686
325.72
325.742
325.766
325.795
325.824
325.852
325.881
325.909
325.937
325.976
326.011
326.038
326.06
326.08
326.099
326.119
326.14
326.162
326.187
326.212
326.24
326.271
326.318
325.643
325.663
325.696
325.729
325.754
325.78
325.809
325.839
325.868
325.897
325.925
325.953
325.989
326.022
326.05
326.074
326.096
326.115
326.135
326.155
326.178
326.201
326.226
326.253
326.283
326.33
325.654
325.674
325.707
325.739
325.767
325.795
325.825
325.855
325.885
325.914
325.942
325.97
326.004
326.035
326.063
326.088
326.111
326.133
326.153
326.174
326.196
326.219
326.243
326.269
326.298
326.344
325.678
325.7
325.733
325.766
325.796
325.826
325.856
325.887
325.917
325.946
325.975
326.003
326.034
326.064
326.092
326.118
326.142
326.165
326.187
326.208
326.23
326.254
326.277
326.302
326.33
326.371
327.229
327.418
327.621
327.648
327.635
326.797
312.085
311.143
311.04
311.642
324.583
324.936
324.681
324.496
324.323
324.261
324.265
324.311
324.394
324.514
324.658
324.812
324.963
325.108
325.246
325.385
327.165
327.292
327.402
327.316
327.328
326.523
312.174
311.26
311.218
311.999
326.068
326.671
326.368
326.114
325.828
325.633
325.481
325.365
325.299
325.288
325.317
325.37
325.433
325.503
325.581
325.675
326.942
326.919
326.837
326.687
326.954
326.227
311.631
310.666
310.644
311.559
326.383
327.138
326.61
326.378
326.176
326.076
325.99
325.908
325.848
325.812
325.79
325.771
325.759
325.761
325.782
325.848
326.445
326.245
325.953
325.802
326.065
325.408
312.863
311.947
311.925
312.869
326.654
327.876
327.548
327.331
326.926
326.637
326.368
326.163
326.098
326.088
326.041
325.928
325.822
325.859
326.134
326.541
325.609
325.401
325.084
324.147
301.945
299.367
297.776
297.356
297.362
297.814
299.55
302.398
327.085
327.618
327.135
326.697
326.337
326.245
326.244
326.325
326.471
326.649
326.776
326.834
326.893
326.931
324.711
324.802
324.946
324.166
299.477
296.498
295.69
295.458
295.462
295.711
296.577
299.783
326.537
327.512
327.223
326.956
326.77
326.673
326.661
326.7
326.737
326.741
326.696
326.639
326.618
326.602
324.095
324.493
324.967
324.419
299.02
295.914
295.192
295.004
295.007
295.205
295.968
299.277
326.442
327.462
327.225
326.973
326.753
326.589
326.486
326.432
326.393
326.341
326.292
326.261
326.241
326.23
323.888
324.37
324.977
324.603
298.919
295.772
295.06
294.882
294.883
295.07
295.82
299.16
326.432
327.439
327.182
326.87
326.585
326.361
326.2
326.096
326.032
325.999
325.995
326.001
326.006
326.023
323.737
324.198
324.792
324.475
298.877
295.742
295.036
294.861
294.862
295.045
295.793
299.141
326.48
327.501
327.198
326.858
326.538
326.286
326.1
325.985
325.923
325.91
325.922
325.947
325.981
326.024
323.729
324.073
324.504
324.089
298.858
295.776
295.085
294.913
294.913
295.092
295.833
299.18
326.662
327.794
327.44
327.074
326.713
326.437
326.229
326.101
326.046
326.023
326.033
326.075
326.144
326.213
324.193
324.21
324.275
323.628
298.971
295.999
295.338
295.171
295.165
295.331
296.045
299.345
327.006
328.414
328.024
327.421
326.965
326.66
326.464
326.334
326.257
326.224
326.238
326.307
326.418
326.519
325.013
324.702
324.261
323.278
299.866
297.196
296.605
296.437
296.406
296.527
297.14
300.154
327.12
328.13
327.69
327.229
326.882
326.656
326.513
326.425
326.379
326.374
326.419
326.531
326.694
326.832
325.795
325.394
324.726
323.609
309.507
308.287
307.856
307.584
307.379
307.274
307.449
308.786
325.225
326.246
326.304
326.265
326.244
326.253
326.282
326.321
326.369
326.434
326.538
326.702
326.911
327.083
326.299
326.01
325.419
324.156
310.172
309.127
308.813
308.647
308.547
308.525
308.692
309.698
324.32
325.408
325.689
325.843
325.977
326.109
326.235
326.35
326.455
326.563
326.696
326.878
327.096
327.277
326.551
326.395
325.984
324.761
310.195
309.176
308.909
308.776
308.7
308.689
308.833
309.765
324.507
325.585
325.875
326.04
326.178
326.309
326.433
326.547
326.652
326.758
326.881
327.042
327.234
327.378
326.686
326.603
326.336
325.25
310.278
309.258
309.015
308.896
308.835
308.834
308.97
309.876
324.733
325.763
326.025
326.179
326.311
326.437
326.558
326.672
326.781
326.889
327.005
327.145
327.308
327.426
326.788
326.732
326.547
325.628
311.696
310.751
310.535
310.434
310.385
310.388
310.51
311.341
325.136
326.069
326.296
326.432
326.549
326.659
326.764
326.865
326.964
327.063
327.164
327.272
327.375
327.235
326.876
326.835
326.708
326.022
315.302
314.564
314.4
314.328
314.295
314.299
314.394
315.043
325.691
326.419
326.597
326.706
326.803
326.894
326.981
327.067
327.154
327.243
327.33
327.405
327.425
326.915
326.941
326.916
326.843
326.439
320.274
319.833
319.738
319.702
319.689
319.695
319.76
320.159
326.314
326.768
326.892
326.973
327.049
327.121
327.19
327.26
327.333
327.41
327.485
327.536
327.479
326.628
326.981
326.973
326.947
326.794
324.716
324.545
324.514
324.511
324.516
324.529
324.569
324.743
326.846
327.052
327.126
327.183
327.238
327.294
327.348
327.404
327.464
327.529
327.593
327.631
327.533
326.506
327.006
327.01
327.016
327.016
327.29
327.288
327.299
327.317
327.335
327.352
327.376
327.411
327.18
327.232
327.275
327.316
327.359
327.404
327.45
327.497
327.546
327.599
327.651
327.676
327.564
326.577
327.026
327.037
327.058
327.114
328.013
328.071
328.101
328.129
328.154
328.174
328.191
328.177
327.327
327.325
327.354
327.388
327.426
327.466
327.507
327.549
327.592
327.636
327.676
327.69
327.571
326.606
327.048
327.062
327.088
327.142
327.749
327.805
327.839
327.87
327.897
327.918
327.934
327.924
327.367
327.37
327.396
327.428
327.463
327.501
327.541
327.581
327.62
327.658
327.691
327.697
327.574
326.624
327.074
327.09
327.116
327.154
327.339
327.376
327.408
327.438
327.465
327.488
327.506
327.515
327.381
327.404
327.431
327.461
327.495
327.532
327.57
327.609
327.646
327.68
327.709
327.712
327.599
326.724
327.101
327.119
327.145
327.174
327.145
327.17
327.2
327.228
327.255
327.279
327.302
327.322
327.405
327.44
327.467
327.496
327.528
327.563
327.6
327.637
327.673
327.706
327.732
327.738
327.65
326.948
327.126
327.145
327.174
327.203
327.148
327.17
327.198
327.226
327.252
327.279
327.305
327.33
327.441
327.478
327.504
327.532
327.562
327.595
327.629
327.665
327.699
327.731
327.758
327.771
327.72
327.268
327.146
327.167
327.199
327.232
327.217
327.24
327.268
327.294
327.321
327.349
327.377
327.404
327.478
327.513
327.537
327.563
327.591
327.622
327.654
327.687
327.721
327.752
327.781
327.8
327.787
327.586
327.161
327.185
327.219
327.257
327.271
327.295
327.323
327.349
327.376
327.405
327.435
327.462
327.509
327.543
327.566
327.589
327.615
327.643
327.674
327.705
327.737
327.768
327.798
327.823
327.839
327.815
327.174
327.2
327.237
327.276
327.299
327.322
327.35
327.376
327.404
327.433
327.464
327.492
327.533
327.568
327.59
327.61
327.634
327.661
327.689
327.719
327.75
327.78
327.81
327.839
327.87
327.929
327.186
327.213
327.252
327.292
327.312
327.335
327.362
327.39
327.418
327.447
327.478
327.507
327.552
327.588
327.611
327.63
327.652
327.676
327.703
327.731
327.76
327.79
327.819
327.85
327.886
327.96
327.196
327.226
327.265
327.305
327.322
327.345
327.373
327.402
327.43
327.459
327.49
327.52
327.568
327.606
327.629
327.649
327.669
327.691
327.716
327.743
327.77
327.798
327.828
327.858
327.894
327.955
327.205
327.236
327.275
327.314
327.332
327.355
327.384
327.414
327.443
327.472
327.502
327.532
327.581
327.619
327.644
327.664
327.684
327.705
327.728
327.753
327.779
327.806
327.835
327.865
327.899
327.947
327.212
327.243
327.281
327.319
327.339
327.363
327.393
327.424
327.454
327.483
327.513
327.543
327.589
327.627
327.654
327.675
327.696
327.716
327.737
327.761
327.786
327.812
327.84
327.87
327.902
327.944
327.214
327.245
327.283
327.32
327.343
327.369
327.399
327.43
327.461
327.491
327.521
327.55
327.593
327.63
327.658
327.682
327.703
327.723
327.744
327.766
327.79
327.816
327.843
327.872
327.903
327.944
327.215
327.245
327.282
327.318
327.344
327.372
327.403
327.435
327.466
327.496
327.526
327.556
327.595
327.63
327.659
327.685
327.707
327.728
327.749
327.771
327.794
327.82
327.846
327.874
327.904
327.945
327.217
327.246
327.282
327.318
327.347
327.377
327.409
327.441
327.472
327.503
327.533
327.562
327.598
327.632
327.661
327.688
327.713
327.735
327.756
327.778
327.802
327.826
327.852
327.879
327.908
327.948
327.228
327.259
327.295
327.33
327.362
327.393
327.426
327.459
327.49
327.521
327.552
327.581
327.614
327.646
327.675
327.703
327.729
327.753
327.776
327.799
327.822
327.847
327.872
327.898
327.925
327.963
)
;

boundaryField
{
    concrete_to_air
    {
        type            compressible::turbulentTemperatureRadCoupledMixed;
        refValue        nonuniform List<scalar> 
898
(
313.184
313.229
313.257
313.267
313.292
313.314
313.084
312.787
312.466
312.192
312.153
312.128
312.11
312.099
312.093
312.092
312.097
312.107
312.121
312.139
312.162
312.189
312.218
312.25
312.284
312.321
313.137
313.138
313.105
313.049
313.052
313.08
312.926
312.785
312.646
312.515
312.581
312.637
312.673
312.687
312.68
312.655
312.621
312.585
312.553
312.53
312.516
312.512
312.516
312.528
312.549
312.58
313.002
312.938
312.835
312.742
312.767
312.817
312.644
312.491
312.362
312.259
312.397
312.524
312.626
312.709
312.772
312.812
312.827
312.824
312.81
312.795
312.782
312.774
312.773
312.786
312.815
312.869
312.743
312.632
312.511
312.471
312.58
312.715
312.505
312.316
312.174
312.09
312.442
312.757
313.005
313.145
313.192
313.193
313.166
313.127
313.087
313.056
313.038
313.04
313.066
313.127
313.206
313.248
312.388
312.308
312.258
312.345
313.604
313.409
313.281
313.222
313.269
313.282
313.29
313.316
313.374
313.393
313.191
312.854
312.665
312.556
312.047
312.057
312.128
312.358
313.273
313.024
312.907
312.868
312.861
312.859
312.811
312.718
312.59
312.454
312.353
312.264
312.221
312.189
311.785
311.882
312.05
312.42
313.101
312.758
312.578
312.467
312.385
312.318
312.258
312.204
312.152
312.097
312.047
312.016
312
311.989
311.569
311.71
311.94
312.415
313.026
312.636
312.432
312.292
312.186
312.104
312.038
311.987
311.948
311.918
311.902
311.898
311.899
311.904
311.364
311.52
311.766
312.277
313.006
312.586
312.359
312.226
312.119
312.034
311.965
311.919
311.889
311.877
311.877
311.883
311.895
311.911
311.332
311.474
311.688
312.128
313.094
312.659
312.41
312.287
312.169
312.076
312.002
311.956
311.939
311.933
311.938
311.951
311.972
311.998
311.488
311.552
311.674
311.988
313.325
312.986
312.657
312.429
312.267
312.163
312.1
312.065
312.049
312.048
312.06
312.082
312.114
312.153
311.757
311.74
311.75
311.928
313.234
312.789
312.509
312.328
312.214
312.154
312.129
312.126
312.138
312.162
312.195
312.238
312.291
312.349
312.037
311.988
311.928
311.962
311.772
311.546
311.317
311.095
310.89
310.709
310.567
310.513
311.016
311.322
311.533
311.692
311.819
311.926
312.019
312.102
312.179
312.254
312.329
312.407
312.49
312.573
312.272
312.247
312.184
312.136
311.941
311.765
311.607
311.466
311.342
311.233
311.142
311.076
311.282
311.469
311.633
311.778
311.91
312.031
312.143
312.249
312.351
312.45
312.548
312.647
312.747
312.837
312.469
312.478
312.45
312.398
312.192
312.015
311.861
311.725
311.605
311.499
311.408
311.339
311.505
311.669
311.824
311.969
312.106
312.236
312.36
312.479
312.594
312.705
312.814
312.921
313.019
313.079
312.667
312.694
312.699
312.677
312.476
312.296
312.138
311.999
311.876
311.768
311.674
311.6
311.746
311.895
312.041
312.182
312.32
312.453
312.583
312.709
312.83
312.949
313.064
313.171
313.252
313.235
312.872
312.905
312.927
312.932
312.759
312.598
312.454
312.326
312.213
312.114
312.028
311.962
312.093
312.231
312.367
312.502
312.634
312.763
312.888
313.01
313.127
313.24
313.346
313.431
313.464
313.296
313.046
313.083
313.117
313.14
313.021
312.906
312.803
312.711
312.631
312.563
312.507
312.467
312.579
312.697
312.816
312.934
313.049
313.162
313.272
313.378
313.479
313.575
313.664
313.725
313.723
313.49
313.152
313.198
313.242
313.28
313.233
313.184
313.141
313.104
313.075
313.054
313.043
313.044
313.132
313.224
313.317
313.409
313.499
313.588
313.673
313.755
313.833
313.907
313.975
314.015
313.987
313.713
313.193
313.246
313.298
313.348
313.365
313.38
313.394
313.411
313.432
313.457
313.486
313.523
313.589
313.658
313.726
313.793
313.86
313.924
313.987
314.047
314.105
314.16
314.211
314.24
314.204
313.926
313.195
313.253
313.31
313.366
313.422
313.475
313.527
313.579
313.631
313.684
313.738
313.794
313.847
313.901
313.953
314.005
314.056
314.105
314.153
314.2
314.246
314.29
314.332
314.372
314.386
314.308
313.189
313.248
313.306
313.364
313.432
313.498
313.563
313.627
313.69
313.752
313.813
313.874
313.922
313.969
314.016
314.062
314.106
314.15
314.193
314.236
314.277
314.317
314.357
314.395
314.426
314.422
313.187
313.246
313.304
313.361
313.426
313.49
313.553
313.615
313.676
313.736
313.795
313.852
313.9
313.948
313.994
314.039
314.084
314.128
314.171
314.212
314.254
314.294
314.333
314.372
314.407
314.43
313.191
313.249
313.306
313.363
313.422
313.48
313.537
313.594
313.65
313.705
313.76
313.812
313.862
313.911
313.959
314.006
314.051
314.096
314.14
314.184
314.226
314.267
314.308
314.347
314.384
314.412
313.197
313.255
313.312
313.368
313.423
313.478
313.532
313.585
313.638
313.691
313.742
313.792
313.843
313.892
313.941
313.989
314.035
314.081
314.126
314.17
314.213
314.255
314.296
314.336
314.374
314.405
313.203
313.26
313.317
313.374
313.428
313.482
313.535
313.588
313.64
313.691
313.742
313.792
313.842
313.892
313.94
313.988
314.035
314.081
314.126
314.17
314.214
314.256
314.298
314.339
314.378
314.412
313.208
313.265
313.322
313.378
313.433
313.488
313.541
313.594
313.646
313.698
313.748
313.799
313.849
313.898
313.946
313.994
314.041
314.087
314.132
314.176
314.22
314.263
314.304
314.346
314.385
314.423
313.211
313.269
313.326
313.382
313.438
313.492
313.546
313.599
313.652
313.703
313.754
313.805
313.855
313.904
313.952
314
314.046
314.092
314.137
314.182
314.225
314.268
314.311
314.352
314.393
314.432
313.214
313.272
313.329
313.386
313.441
313.496
313.55
313.603
313.655
313.707
313.758
313.809
313.858
313.908
313.956
314.003
314.05
314.096
314.141
314.186
314.229
314.272
314.315
314.356
314.397
314.438
313.217
313.274
313.332
313.388
313.444
313.498
313.552
313.605
313.658
313.709
313.76
313.811
313.861
313.91
313.958
314.006
314.053
314.099
314.144
314.188
314.232
314.275
314.318
314.36
314.401
314.442
313.218
313.276
313.333
313.39
313.445
313.5
313.554
313.607
313.659
313.711
313.762
313.812
313.862
313.912
313.96
314.008
314.055
314.101
314.146
314.191
314.235
314.278
314.321
314.363
314.404
314.446
313.22
313.278
313.335
313.391
313.447
313.501
313.555
313.608
313.661
313.713
313.764
313.814
313.864
313.913
313.962
314.01
314.057
314.103
314.148
314.193
314.237
314.281
314.324
314.366
314.408
314.449
313.221
313.279
313.336
313.392
313.448
313.503
313.556
313.61
313.662
313.714
313.765
313.815
313.865
313.915
313.963
314.011
314.058
314.105
314.15
314.195
314.24
314.283
314.326
314.369
314.411
314.452
313.222
313.28
313.337
313.393
313.449
313.503
313.557
313.61
313.663
313.715
313.766
313.816
313.866
313.916
313.964
314.012
314.06
314.106
314.152
314.197
314.241
314.285
314.328
314.371
314.413
314.455
313.222
313.28
313.337
313.393
313.449
313.504
313.557
313.611
313.663
313.715
313.766
313.817
313.867
313.916
313.965
314.013
314.06
314.107
314.153
314.198
314.243
314.287
314.33
314.373
314.416
314.458
313.222
313.28
313.337
313.394
313.449
313.504
313.558
313.611
313.663
313.715
313.767
313.817
313.867
313.917
313.965
314.013
314.061
314.108
314.154
314.199
314.244
314.288
314.332
314.375
314.418
314.46
313.223
313.281
313.338
313.394
313.45
313.504
313.558
313.612
313.664
313.716
313.767
313.818
313.868
313.918
313.966
314.015
314.062
314.109
314.155
314.201
314.246
314.29
314.334
314.378
314.42
314.463
)
;
        refGradient     nonuniform List<scalar> 
898
(
60.8057
60.8568
61.4112
62.0831
62.9267
66.3123
-2.93073
0.250007
0.762906
-1.02426
77.1019
75.6718
75.4935
75.6222
75.1819
74.622
74.0038
73.3686
72.7349
72.131
71.5624
71.0057
70.4341
69.84
69.2326
68.6088
60.9246
61.2414
62.557
64.2645
65.9154
69.3652
-1.4783
1.35425
1.71149
-0.355119
72.1496
69.6061
68.5795
68.4207
68.2244
68.2524
68.3851
68.5377
68.6516
68.7123
68.7086
68.61
68.4014
68.0948
67.7114
67.2469
61.5493
62.3667
64.7405
67.5625
71.1494
74.4091
-3.14374
-0.846425
-0.479807
-2.1977
74.8517
71.617
68.1043
67.0432
66.3777
66.112
66.0386
66.1002
66.2916
66.5478
66.8042
66.9713
67.0395
67.0248
66.8247
66.2512
63.4678
64.8452
67.7839
70.7881
82.8328
85.3848
13.5476
14.7503
14.9888
13.9071
81.0442
76.5628
63.1604
61.7978
62.444
63.3442
64.2405
64.1684
64.4096
65.4124
66.9314
67.663
67.0093
64.899
62.7356
61.6723
66.632
67.6538
69.4698
72.8415
59.756
57.6082
59.8108
61.5721
63.1029
63.2827
63.2113
63.0482
62.9305
62.7425
62.3381
61.7928
61.6425
61.8213
70.8466
70.4945
70.2609
72.5545
62.4564
58.8863
60.1952
61.3602
62.1372
62.549
62.7028
62.7613
62.8505
62.9976
63.1204
63.1614
63.1994
63.3551
73.4559
71.5574
69.7446
71.0735
62.4479
58.7981
59.8991
61.0534
62.0506
62.8421
63.3611
63.7719
64.1635
64.4934
64.7065
64.7894
64.8137
64.8221
74.1717
71.8037
69.2957
69.9607
62.2389
58.7289
59.8835
61.3101
62.6376
63.7096
64.52
65.0761
65.4422
65.6466
65.7035
65.6934
65.6416
65.5237
74.7444
72.4263
69.8135
70.2699
61.8853
58.3548
59.6727
61.2167
62.7094
63.9287
64.8328
65.374
65.6669
65.7421
65.7393
65.7242
65.6644
65.4857
74.78
73.0155
70.9583
71.7973
61.015
56.9941
58.5556
60.1657
61.8351
63.1843
64.1947
64.745
64.9603
65.0476
65.058
65.0521
65.0166
64.8225
72.7333
72.5537
72.0606
73.7684
59.4953
54.1566
55.812
58.5436
60.669
62.1532
63.1026
63.673
63.9732
64.0847
64.0661
64.0052
63.9374
63.7156
69.0403
70.4792
72.4353
75.5848
58.9811
55.6492
57.4661
59.4777
61.1119
62.2267
62.9231
63.3067
63.4703
63.4487
63.2528
62.9777
62.7302
62.4022
65.6498
67.4392
70.2898
73.8683
-2.04635
0.670219
1.58887
2.30869
2.97196
3.49033
3.48183
0.508995
66.596
63.8677
63.8162
64.0142
64.1358
64.1342
64.0199
63.8271
63.5793
63.2323
62.7138
62.0904
61.5504
61.0691
63.2892
64.5077
66.9003
71.3304
-2.75841
-0.245049
0.313675
0.63608
0.919825
1.15426
1.09973
-1.24784
70.4644
67.2399
66.2976
65.6912
65.1608
64.6578
64.1588
63.672
63.2046
62.6836
61.981
61.1305
60.4039
59.8742
62.1083
62.7264
64.3211
68.7078
-4.22057
-1.54038
-0.988525
-0.732712
-0.50023
-0.294001
-0.398101
-2.83748
69.6586
66.2623
65.2331
64.6134
64.1035
63.6388
63.1869
62.7481
62.3279
61.8535
61.179
60.3067
59.5645
59.2101
61.5467
61.8139
62.7858
66.6371
-5.47184
-2.69694
-2.14923
-1.95035
-1.76349
-1.58543
-1.74035
-4.24444
68.8122
65.5144
64.5756
64.0429
63.5916
63.1527
62.7069
62.2628
61.8328
61.3668
60.7324
59.893
59.1459
58.9273
61.236
61.3568
61.9804
65.1654
-0.71761
1.91338
2.45775
2.65085
2.8181
2.96014
2.76778
0.38528
67.2771
64.2742
63.4571
63.0241
62.6586
62.2845
61.8871
61.4782
61.0744
60.6565
60.1399
59.4683
58.8729
59.5941
61.0253
61.078
61.4732
63.8075
14.0196
16.156
16.6532
16.8554
16.9989
17.0775
16.8607
14.8988
65.2639
62.9139
62.2609
61.9116
61.6134
61.2972
60.9502
60.5834
60.2127
59.8437
59.4525
59.0093
58.6929
60.5146
60.8896
60.8959
61.0991
62.4558
34.784
36.1282
36.4795
36.6345
36.7171
36.7173
36.5068
35.2107
63.0365
61.557
61.0821
60.7958
60.5427
60.2742
59.9793
59.6654
59.3434
59.0251
58.727
58.495
58.5594
61.479
60.8053
60.7732
60.8186
61.3192
52.8581
53.3905
53.5452
53.6051
53.6049
53.5352
53.3534
52.7316
61.1032
60.4301
60.1248
59.8988
59.6871
59.4632
59.2182
58.9562
58.6853
58.4135
58.1614
58.0251
58.3655
61.993
60.7371
60.6762
60.6173
60.5905
62.6329
62.621
62.62
62.5949
62.5298
62.417
62.2641
62.0846
59.8532
59.6846
59.4932
59.3102
59.1289
58.9388
58.7325
58.5109
58.2824
58.0567
57.8501
57.744
58.1375
61.5672
60.657
60.5773
60.4671
60.2488
64.6127
64.394
64.3165
64.2447
64.147
64.0172
63.8791
63.8533
59.268
59.2794
59.1401
58.9824
58.8221
58.6572
58.4813
58.2905
58.0896
57.892
57.7218
57.6543
58.0425
61.3336
60.5591
60.4687
60.3429
60.1327
62.7526
62.5408
62.4463
62.3595
62.2542
62.1254
61.9924
61.944
59.0922
59.088
58.9575
58.8091
58.6584
58.507
58.3502
58.182
58.0028
57.825
57.6774
57.6409
58.054
61.299
60.4488
60.3526
60.226
60.0779
60.6025
60.4536
60.3616
60.2691
60.163
60.0404
59.9089
59.7949
59.0309
58.9587
58.8201
58.6737
58.5276
58.3831
58.2382
58.0873
57.9274
57.767
57.6315
57.595
57.9696
60.9644
60.3304
60.2307
60.1062
59.9994
59.5495
59.4375
59.3438
59.2427
59.1336
59.0162
58.8879
58.7348
58.9391
58.8222
58.675
58.5287
58.3855
58.2449
58.107
57.9681
57.8242
57.6789
57.5524
57.5066
57.7961
60.2046
60.2046
60.1026
59.9793
59.8838
59.3626
59.2515
59.1476
59.0343
58.9186
58.8027
58.6784
58.5186
58.7901
58.661
58.508
58.3607
58.2197
58.082
57.9481
57.8168
57.6844
57.5514
57.4305
57.366
57.5309
59.0843
60.0744
59.9716
59.8492
59.7506
59.4319
59.3047
59.1876
59.0626
58.9394
58.8223
58.7016
58.5501
58.6179
58.4935
58.3372
58.1875
58.0471
57.9116
57.7805
57.6537
57.529
57.4053
57.2888
57.205
57.2439
57.9402
59.9477
59.8457
59.7243
59.6208
59.4331
59.2884
59.16
59.0264
58.8972
58.777
58.6578
58.5153
58.4521
58.3356
58.1774
58.0238
57.8817
57.747
57.6178
57.4936
57.3733
57.2553
57.1418
57.0435
56.9886
57.0781
59.8332
59.7333
59.6128
59.5052
59.3381
59.1804
59.0441
58.9057
58.7724
58.6482
58.5282
58.3908
58.3068
58.1973
58.0392
57.8818
57.7363
57.6006
57.4721
57.3493
57.2309
57.116
57.0049
56.8996
56.7967
56.6042
59.7339
59.6363
59.5155
59.4032
59.2134
59.047
58.9058
58.7654
58.6294
58.5012
58.3785
58.2427
58.1796
58.0759
57.9204
57.7611
57.6116
57.4728
57.3433
57.2204
57.1023
56.9886
56.8791
56.7732
56.6577
56.4167
59.6435
59.5474
59.4241
59.3053
59.0973
58.9254
58.7814
58.6405
58.5027
58.3709
58.2447
58.1086
58.0599
57.9608
57.8106
57.6522
57.4998
57.357
57.2244
57.1
56.9813
56.8677
56.7596
56.6557
56.5444
56.3488
59.5505
59.454
59.3261
59.199
58.9875
58.8129
58.6673
58.5262
58.3874
58.2526
58.1229
57.9857
57.935
57.8381
57.6948
57.5405
57.3873
57.2408
57.1041
56.9767
56.8565
56.7425
56.6349
56.5326
56.4273
56.2776
59.4466
59.3474
59.2131
59.077
58.8709
58.6963
58.5497
58.4083
58.2686
58.1318
57.999
57.8607
57.7979
57.7003
57.5639
57.4159
57.2648
57.1163
56.9757
56.8448
56.7226
56.6078
56.4996
56.397
56.2936
56.1624
59.3339
59.2297
59.0881
58.9433
58.7459
58.5735
58.426
58.284
58.1436
58.0054
57.8704
57.7314
57.6531
57.5516
57.4208
57.2798
57.1334
56.9855
56.8424
56.7085
56.5841
56.4679
56.3584
56.2535
56.1479
56.0156
59.2237
59.1128
58.964
58.8118
58.6238
58.455
58.3067
58.1636
58.0224
57.8834
57.747
57.6079
57.514
57.4064
57.2792
57.1446
57.004
56.8594
56.7165
56.5809
56.4548
56.337
56.2253
56.1173
56.0076
55.8687
59.128
59.0083
58.8528
58.6948
58.516
58.3513
58.2021
58.0578
57.9158
57.7762
57.639
57.5004
57.3925
57.2777
57.1519
57.0221
56.8873
56.7478
56.6077
56.4725
56.3455
56.2262
56.1122
56.001
55.8875
55.7441
59.0341
58.9004
58.7384
58.576
58.4052
58.2442
58.0941
57.9484
57.8055
57.6654
57.5277
57.39
57.2703
57.1486
57.0225
56.8954
56.7655
56.6315
56.4961
56.3634
56.2367
56.1163
56.0004
55.8868
55.7715
55.6315
)
;
        valueFraction   nonuniform List<scalar> 
898
(
0.124027
0.124211
0.125219
0.127539
0.129393
0.130628
0.137555
0.144938
0.156706
0.167549
0.170498
0.176474
0.180556
0.182856
0.183717
0.183344
0.18198
0.179849
0.177164
0.174124
0.170904
0.167642
0.164435
0.161337
0.158376
0.15556
0.124234
0.125546
0.128897
0.134594
0.137815
0.139287
0.144657
0.144984
0.145698
0.146683
0.142892
0.144079
0.145695
0.147721
0.15019
0.15281
0.155192
0.15699
0.158032
0.158307
0.157912
0.156998
0.155732
0.154225
0.152566
0.150817
0.126567
0.130236
0.137615
0.146075
0.148834
0.148916
0.153281
0.152368
0.151304
0.150199
0.144167
0.143587
0.143682
0.14387
0.144201
0.14474
0.145566
0.146556
0.147565
0.148457
0.14916
0.149759
0.150232
0.150461
0.15031
0.149523
0.134125
0.140798
0.15156
0.157455
0.16004
0.157322
0.156527
0.150212
0.143936
0.138193
0.128722
0.124061
0.119029
0.121359
0.128058
0.133821
0.138163
0.141513
0.144253
0.146619
0.148585
0.149863
0.149954
0.148155
0.143212
0.135326
0.148512
0.154541
0.161682
0.160121
0.092524
0.105869
0.119155
0.129572
0.138846
0.141287
0.142219
0.1416
0.138928
0.133791
0.127316
0.123119
0.12132
0.120418
0.167302
0.166435
0.161716
0.150281
0.0979227
0.107146
0.116461
0.122776
0.126778
0.128698
0.128442
0.126887
0.125084
0.123821
0.12383
0.124562
0.124973
0.125482
0.179081
0.170616
0.158187
0.140551
0.0958355
0.105514
0.113794
0.119429
0.12364
0.126444
0.128119
0.129044
0.129608
0.130321
0.13107
0.131508
0.131804
0.132187
0.180217
0.169948
0.154951
0.13387
0.0943016
0.104855
0.11367
0.120524
0.12607
0.130189
0.133133
0.135023
0.136168
0.136699
0.136687
0.136539
0.136432
0.136313
0.180835
0.170841
0.156108
0.134643
0.092534
0.103355
0.113164
0.120439
0.126669
0.131503
0.135042
0.137138
0.138195
0.138324
0.138126
0.137847
0.137497
0.1371
0.180635
0.172796
0.160968
0.142289
0.0889029
0.0981139
0.108939
0.116207
0.123145
0.128535
0.132627
0.134939
0.135818
0.136205
0.136225
0.135994
0.135592
0.135106
0.170698
0.170295
0.165949
0.152741
0.0829159
0.0866922
0.097332
0.109244
0.118039
0.12406
0.127973
0.130438
0.131864
0.132568
0.132753
0.132576
0.132159
0.131645
0.153499
0.160504
0.168187
0.164293
0.080075
0.0915962
0.103148
0.112177
0.119061
0.123806
0.126904
0.128789
0.129785
0.130139
0.130023
0.129581
0.128941
0.128276
0.138596
0.146973
0.159224
0.164106
0.172546
0.168664
0.160463
0.150157
0.139031
0.128576
0.120618
0.11799
0.11718
0.122576
0.12658
0.129156
0.130641
0.131324
0.131432
0.131127
0.130525
0.129706
0.128731
0.127663
0.126589
0.125692
0.129664
0.135098
0.144652
0.153846
0.162022
0.161516
0.159271
0.156444
0.153605
0.151125
0.149151
0.147513
0.141678
0.140725
0.139631
0.138243
0.136651
0.134964
0.133268
0.131615
0.130027
0.128508
0.127057
0.125697
0.124485
0.12366
0.126393
0.128956
0.134198
0.141698
0.150983
0.152829
0.152965
0.152146
0.150785
0.149162
0.147435
0.145544
0.138857
0.137191
0.135757
0.134374
0.133006
0.131647
0.130301
0.128975
0.127672
0.126398
0.125155
0.123975
0.122927
0.122449
0.125891
0.126899
0.129189
0.133255
0.141528
0.143813
0.144973
0.145392
0.145279
0.144798
0.144063
0.143014
0.137003
0.135855
0.134809
0.133707
0.132538
0.131314
0.13005
0.128761
0.127454
0.126137
0.124807
0.123502
0.122289
0.122151
0.126355
0.126759
0.127743
0.129666
0.136142
0.137879
0.139011
0.139689
0.139977
0.139947
0.139653
0.139015
0.133804
0.132996
0.13226
0.131458
0.130579
0.12963
0.128616
0.127539
0.126398
0.125187
0.12389
0.122522
0.121123
0.122252
0.126953
0.127132
0.127605
0.128549
0.133027
0.134078
0.134831
0.135356
0.135656
0.135748
0.135649
0.135277
0.131406
0.130863
0.13035
0.129758
0.129075
0.128306
0.127452
0.126513
0.125481
0.124348
0.123088
0.121703
0.120221
0.121548
0.127462
0.127538
0.127788
0.12829
0.130823
0.131429
0.131888
0.132227
0.132433
0.132502
0.132433
0.132169
0.129874
0.129437
0.128989
0.128464
0.12786
0.127176
0.126415
0.125571
0.124634
0.12359
0.122418
0.121104
0.11968
0.120996
0.12784
0.127843
0.127961
0.128214
0.129168
0.129495
0.129756
0.129946
0.130053
0.13007
0.129989
0.129791
0.128874
0.128523
0.128129
0.127666
0.127131
0.126526
0.125847
0.125091
0.124247
0.123304
0.122241
0.121045
0.119718
0.120674
0.128113
0.128057
0.128083
0.128182
0.128226
0.128386
0.128524
0.12862
0.12866
0.128636
0.128541
0.128375
0.128239
0.127934
0.127567
0.127138
0.126647
0.126095
0.125483
0.124809
0.124071
0.123266
0.122399
0.121502
0.120637
0.120283
0.128307
0.128201
0.128156
0.128155
0.127902
0.127952
0.127998
0.128018
0.127999
0.127934
0.127817
0.127652
0.127717
0.127437
0.1271
0.12671
0.12627
0.12578
0.12524
0.124653
0.124019
0.123342
0.122633
0.121927
0.121299
0.121028
0.128445
0.128296
0.128195
0.128129
0.127905
0.127882
0.12786
0.127822
0.127758
0.12766
0.127524
0.127352
0.127318
0.127052
0.126738
0.12638
0.125981
0.125541
0.125063
0.124551
0.12401
0.123447
0.122881
0.122345
0.121902
0.12178
0.12854
0.128355
0.128209
0.128095
0.127956
0.127878
0.127801
0.127715
0.127611
0.127483
0.127326
0.127139
0.126964
0.126702
0.126407
0.126076
0.125713
0.125318
0.124895
0.124448
0.123982
0.123509
0.123043
0.122611
0.122266
0.122196
0.128604
0.128388
0.128206
0.128052
0.127939
0.127819
0.127701
0.127578
0.127443
0.127291
0.127117
0.12692
0.126674
0.126418
0.126138
0.12583
0.125496
0.125137
0.124758
0.124362
0.123957
0.123551
0.12316
0.122803
0.122519
0.122449
0.128646
0.128404
0.128191
0.128003
0.127863
0.127708
0.127556
0.127403
0.127243
0.127071
0.126882
0.126676
0.12642
0.126168
0.125899
0.125608
0.125297
0.124968
0.124624
0.124269
0.12391
0.123554
0.123214
0.122903
0.122648
0.122539
0.128671
0.128407
0.128168
0.127953
0.127771
0.127588
0.12741
0.127233
0.127053
0.126864
0.126664
0.126451
0.126207
0.12596
0.1257
0.125424
0.125133
0.124828
0.124512
0.12419
0.123867
0.123549
0.123246
0.122967
0.122728
0.122573
0.128684
0.128401
0.128142
0.127903
0.127688
0.127482
0.127283
0.127086
0.126889
0.126686
0.126476
0.126257
0.126021
0.125777
0.125524
0.12526
0.124984
0.124698
0.124405
0.124109
0.123813
0.123523
0.123246
0.122989
0.122759
0.122568
0.128689
0.12839
0.128112
0.127855
0.127619
0.127394
0.127177
0.126965
0.126753
0.12654
0.126321
0.126097
0.125862
0.12562
0.125374
0.125119
0.124856
0.124586
0.124312
0.124036
0.123761
0.123493
0.123236
0.122993
0.12277
0.122564
0.128686
0.128374
0.128082
0.127808
0.127558
0.127318
0.127087
0.126861
0.126638
0.126414
0.126189
0.125961
0.125722
0.125482
0.125239
0.124992
0.12474
0.124482
0.124222
0.123962
0.123704
0.123452
0.123208
0.122977
0.12276
0.122552
0.128679
0.128355
0.12805
0.127765
0.127502
0.12725
0.127006
0.126768
0.126536
0.126305
0.126074
0.125841
0.125601
0.125361
0.125122
0.12488
0.124636
0.124389
0.12414
0.123892
0.123646
0.123406
0.123174
0.122951
0.122739
0.122534
0.128668
0.128334
0.12802
0.127723
0.12745
0.127187
0.126933
0.126686
0.126445
0.126207
0.125971
0.125736
0.125494
0.125254
0.125017
0.124779
0.124541
0.124301
0.124061
0.123823
0.123587
0.123356
0.123131
0.122913
0.122705
0.122504
0.128656
0.128314
0.12799
0.127686
0.127402
0.12713
0.126867
0.126612
0.126364
0.12612
0.12588
0.125642
0.125399
0.12516
0.124924
0.124689
0.124455
0.124221
0.123988
0.123757
0.123528
0.123303
0.123084
0.122872
0.122666
0.122467
0.128643
0.128294
0.127964
0.127651
0.127359
0.127079
0.126808
0.126547
0.126293
0.126044
0.1258
0.125559
0.125317
0.125077
0.124842
0.124609
0.124377
0.124147
0.123919
0.123693
0.12347
0.12325
0.123035
0.122826
0.122622
0.122423
0.12863
0.128275
0.127939
0.12762
0.12732
0.127033
0.126756
0.126489
0.126229
0.125977
0.125729
0.125486
0.125243
0.125004
0.124769
0.124536
0.124307
0.12408
0.123855
0.123633
0.123414
0.123198
0.122986
0.122779
0.122577
0.122378
0.128616
0.128256
0.127915
0.127591
0.127284
0.126991
0.126709
0.126436
0.126173
0.125916
0.125666
0.12542
0.125177
0.124938
0.124703
0.124471
0.124242
0.124017
0.123795
0.123575
0.123359
0.123145
0.122936
0.122731
0.12253
0.122331
0.128599
0.128235
0.127889
0.12756
0.127248
0.12695
0.126662
0.126386
0.126118
0.125859
0.125605
0.125358
0.125114
0.124875
0.12464
0.124408
0.124181
0.123956
0.123735
0.123518
0.123303
0.123092
0.122884
0.122681
0.122481
0.122283
)
;
        value           nonuniform List<scalar> 
898
(
328.113
328.308
328.516
328.534
328.546
327.942
312.102
311.395
311.296
311.684
325.637
325.749
325.454
325.262
325.086
325.026
325.031
325.078
325.165
325.29
325.442
325.603
325.762
325.914
326.058
326.202
328.05
328.184
328.294
328.19
328.228
327.653
312.224
311.54
311.501
312.056
327.21
327.581
327.239
326.978
326.687
326.488
326.327
326.201
326.127
326.112
326.142
326.196
326.262
326.334
326.414
326.507
327.821
327.799
327.708
327.544
327.885
327.401
311.651
310.906
310.883
311.571
327.562
328.074
327.454
327.212
327.018
326.932
326.849
326.767
326.705
326.668
326.646
326.625
326.61
326.608
326.62
326.675
327.308
327.1
326.793
326.69
327.39
327.008
313.376
312.628
312.601
313.361
328.356
329.342
328.538
328.255
327.825
327.534
327.252
327.027
326.966
326.969
326.924
326.787
326.641
326.652
326.951
327.421
326.436
326.223
325.922
325.318
328.475
328.597
328.037
327.568
327.181
327.087
327.089
327.183
327.353
327.565
327.717
327.781
327.848
327.888
325.497
325.603
325.818
325.477
327.987
328.505
328.141
327.864
327.676
327.58
327.574
327.626
327.675
327.684
327.635
327.569
327.544
327.524
324.863
325.289
325.858
325.792
327.917
328.455
328.141
327.879
327.654
327.485
327.381
327.33
327.296
327.243
327.19
327.156
327.131
327.113
324.664
325.173
325.879
326.007
327.914
328.43
328.093
327.762
327.465
327.232
327.066
326.96
326.895
326.862
326.858
326.864
326.867
326.879
324.513
324.999
325.688
325.878
327.967
328.497
328.107
327.743
327.407
327.142
326.949
326.83
326.767
326.754
326.768
326.793
326.826
326.864
324.503
324.87
325.389
325.464
328.162
328.814
328.364
327.971
327.588
327.298
327.079
326.947
326.89
326.866
326.876
326.918
326.986
327.05
324.99
325.013
325.147
324.961
328.534
329.506
329.011
328.349
327.86
327.538
327.331
327.195
327.114
327.077
327.09
327.157
327.268
327.36
325.853
325.529
325.119
324.54
328.67
329.219
328.663
328.155
327.783
327.542
327.389
327.295
327.245
327.237
327.28
327.39
327.551
327.68
326.67
326.254
325.595
324.734
309.754
308.804
308.416
308.145
307.929
307.8
307.91
308.945
326.458
327.175
327.176
327.125
327.103
327.113
327.143
327.184
327.234
327.3
327.402
327.565
327.773
327.936
327.191
326.897
326.321
325.279
310.286
309.485
309.212
309.055
308.955
308.923
309.044
309.789
325.45
326.289
326.533
326.685
326.823
326.962
327.094
327.215
327.325
327.435
327.567
327.748
327.962
328.135
327.443
327.29
326.91
325.914
310.262
309.489
309.263
309.137
309.06
309.039
309.139
309.817
325.657
326.492
326.744
326.904
327.043
327.178
327.307
327.424
327.533
327.639
327.761
327.918
328.106
328.248
327.572
327.498
327.269
326.422
310.301
309.526
309.322
309.21
309.147
309.137
309.231
309.887
325.882
326.67
326.894
327.042
327.176
327.306
327.43
327.548
327.661
327.771
327.887
328.025
328.185
328.3
327.669
327.623
327.474
326.781
311.76
311.038
310.857
310.762
310.712
310.707
310.792
311.394
326.268
326.979
327.171
327.302
327.421
327.534
327.641
327.745
327.848
327.95
328.053
328.159
328.268
328.164
327.753
327.722
327.624
327.115
315.563
314.998
314.862
314.794
314.76
314.757
314.823
315.295
326.77
327.326
327.477
327.582
327.68
327.773
327.863
327.951
328.041
328.133
328.223
328.302
328.341
327.951
327.814
327.797
327.743
327.447
320.831
320.493
320.416
320.385
320.371
320.373
320.419
320.713
327.317
327.668
327.775
327.854
327.93
328.004
328.076
328.147
328.223
328.303
328.383
328.442
328.419
327.761
327.849
327.847
327.832
327.721
325.527
325.399
325.377
325.376
325.382
325.393
325.425
325.556
327.778
327.942
328.009
328.065
328.122
328.179
328.235
328.292
328.354
328.422
328.491
328.54
328.485
327.693
327.868
327.878
327.887
327.892
328.227
328.228
328.242
328.261
328.28
328.298
328.321
328.353
328.064
328.113
328.155
328.197
328.241
328.288
328.335
328.383
328.434
328.49
328.545
328.583
328.517
327.792
327.884
327.899
327.921
327.968
328.956
329.005
329.035
329.065
329.09
329.111
329.13
329.127
328.19
328.2
328.23
328.265
328.304
328.346
328.389
328.432
328.476
328.522
328.567
328.592
328.519
327.82
327.901
327.92
327.946
327.993
328.649
328.698
328.732
328.764
328.791
328.813
328.832
328.831
328.226
328.239
328.268
328.3
328.336
328.376
328.417
328.459
328.499
328.539
328.575
328.592
328.514
327.826
327.923
327.943
327.97
328.006
328.2
328.235
328.268
328.299
328.327
328.35
328.37
328.382
328.241
328.269
328.297
328.329
328.364
328.402
328.442
328.482
328.52
328.556
328.588
328.601
328.529
327.896
327.944
327.966
327.995
328.025
327.989
328.015
328.046
328.075
328.103
328.128
328.152
328.173
328.265
328.3
328.328
328.359
328.392
328.428
328.466
328.505
328.542
328.576
328.606
328.619
328.564
328.058
327.963
327.987
328.018
328.05
327.988
328.012
328.042
328.07
328.097
328.125
328.151
328.176
328.297
328.333
328.36
328.389
328.42
328.454
328.49
328.526
328.562
328.596
328.625
328.643
328.615
328.292
327.977
328.003
328.037
328.073
328.055
328.08
328.109
328.136
328.164
328.193
328.223
328.249
328.328
328.363
328.388
328.414
328.443
328.475
328.509
328.543
328.578
328.611
328.64
328.664
328.663
328.524
327.987
328.015
328.052
328.091
328.106
328.131
328.16
328.187
328.215
328.245
328.276
328.304
328.353
328.387
328.411
328.434
328.461
328.491
328.522
328.555
328.588
328.62
328.65
328.678
328.698
328.689
327.994
328.024
328.063
328.105
328.128
328.152
328.181
328.209
328.237
328.268
328.299
328.328
328.371
328.406
328.429
328.45
328.475
328.502
328.532
328.563
328.594
328.625
328.656
328.686
328.718
328.769
328
328.033
328.073
328.115
328.136
328.159
328.188
328.217
328.246
328.276
328.307
328.337
328.385
328.422
328.444
328.465
328.487
328.512
328.54
328.569
328.599
328.629
328.66
328.691
328.726
328.789
328.005
328.04
328.082
328.123
328.141
328.164
328.194
328.223
328.253
328.283
328.314
328.344
328.395
328.434
328.458
328.478
328.499
328.522
328.548
328.575
328.604
328.633
328.663
328.694
328.729
328.783
328.009
328.045
328.087
328.127
328.145
328.169
328.199
328.23
328.26
328.29
328.321
328.352
328.403
328.442
328.468
328.489
328.509
328.531
328.554
328.58
328.607
328.635
328.664
328.695
328.729
328.773
328.01
328.047
328.088
328.127
328.147
328.172
328.203
328.235
328.266
328.296
328.327
328.357
328.405
328.444
328.472
328.495
328.515
328.536
328.558
328.582
328.608
328.635
328.664
328.694
328.727
328.766
328.008
328.044
328.084
328.122
328.145
328.172
328.204
328.236
328.268
328.298
328.329
328.359
328.404
328.442
328.471
328.495
328.517
328.538
328.559
328.582
328.607
328.633
328.661
328.691
328.722
328.761
328.003
328.038
328.077
328.114
328.141
328.17
328.202
328.235
328.267
328.298
328.329
328.359
328.4
328.436
328.466
328.492
328.516
328.537
328.559
328.581
328.605
328.631
328.658
328.686
328.717
328.755
328
328.034
328.072
328.109
328.138
328.169
328.202
328.236
328.268
328.299
328.33
328.361
328.398
328.432
328.462
328.49
328.515
328.538
328.56
328.583
328.607
328.632
328.658
328.686
328.715
328.752
328.005
328.04
328.077
328.114
328.146
328.179
328.213
328.246
328.279
328.311
328.342
328.372
328.406
328.439
328.469
328.498
328.525
328.549
328.573
328.596
328.62
328.645
328.671
328.697
328.725
328.76
)
;
        Tnbr            T;
        qrNbr           qr;
        qr              none;
        thermalInertia  false;
        thicknessLayers List<scalar> 0();
        kappaLayers     List<scalar> 0();
        kappaMethod     solidThermo;
        kappa           none;
        alphaAni        none;
        alpha           none;
    }
    concrete_to_asphalt
    {
        type            compressible::turbulentTemperatureRadCoupledMixed;
        refValue        nonuniform List<scalar> 
52
(
325.832
325.865
325.899
325.933
325.965
325.996
326.027
326.058
326.088
326.118
326.147
326.175
326.204
326.233
326.261
326.287
326.313
326.337
326.36
326.383
326.406
326.429
326.452
326.476
326.501
326.53
327.244
327.281
327.317
327.353
327.386
327.42
327.453
327.485
327.517
327.548
327.579
327.608
327.639
327.669
327.698
327.727
327.753
327.779
327.803
327.827
327.851
327.875
327.9
327.925
327.951
327.979
)
;
        refGradient     uniform 0;
        valueFraction   nonuniform List<scalar> 
52
(
0.529412
0.529412
0.529412
0.529412
0.529412
0.529412
0.529412
0.529412
0.529412
0.529412
0.529412
0.529412
0.529412
0.529412
0.529412
0.529412
0.529412
0.529412
0.529412
0.529412
0.529412
0.529412
0.529412
0.529412
0.529412
0.529412
0.529412
0.529412
0.529412
0.529412
0.529412
0.529412
0.529412
0.529412
0.529412
0.529412
0.529412
0.529412
0.529412
0.529412
0.529412
0.529412
0.529412
0.529412
0.529412
0.529412
0.529412
0.529412
0.529412
0.529412
0.529412
0.529412
)
;
        value           nonuniform List<scalar> 
52
(
325.759
325.788
325.821
325.854
325.885
325.916
325.947
325.978
326.008
326.037
326.066
326.094
326.124
326.154
326.181
326.208
326.233
326.256
326.279
326.301
326.323
326.347
326.37
326.395
326.421
326.456
327.24
327.274
327.31
327.345
327.378
327.411
327.444
327.476
327.508
327.539
327.569
327.599
327.631
327.662
327.691
327.719
327.746
327.77
327.794
327.817
327.841
327.865
327.89
327.916
327.942
327.975
)
;
        Tnbr            T;
        qrNbr           none;
        qr              none;
        thermalInertia  false;
        thicknessLayers List<scalar> 0();
        kappaLayers     List<scalar> 0();
        kappaMethod     solidThermo;
        kappa           none;
        alphaAni        none;
        alpha           none;
    }
    concrete_to_soil2
    {
        type            compressible::turbulentTemperatureRadCoupledMixed;
        refValue        nonuniform List<scalar> 
200
(
325.575
325.773
325.994
326.095
326.083
324.883
312.177
310.865
310.654
311.311
320.863
321.714
321.865
322.003
322.103
322.247
322.408
322.567
322.725
322.887
323.049
323.206
323.351
323.484
323.606
323.719
325.462
323.973
325.447
324.217
325.331
324.436
324.988
325.113
324.267
325.125
323.276
324.847
322.406
324.563
322.07
324.435
321.875
324.49
321.907
324.716
322.578
325.045
323.491
325.388
324.197
325.64
324.583
325.878
324.79
325.534
324.951
326.112
325.106
323.382
325.237
318.092
325.325
313.528
325.374
311.423
325.403
311.014
325.429
311.04
325.461
311.151
325.498
312.175
325.537
314.873
325.574
318.909
325.607
322.93
325.634
325.691
325.658
326.877
325.678
326.992
325.698
326.731
325.716
326.52
325.732
326.456
325.746
326.475
325.758
326.51
325.769
326.533
325.782
326.549
327.212
327.408
327.629
327.724
327.747
326.836
312.286
311.281
311.077
311.474
322.387
323
323.147
323.32
323.453
323.623
323.804
323.978
324.151
324.327
324.503
324.673
324.831
324.975
325.107
325.23
327.093
325.498
327.075
325.758
326.951
325.971
326.587
326.822
325.808
326.882
324.728
326.545
323.798
326.194
323.493
326.017
323.318
326.038
323.36
326.244
324.115
326.565
325.128
326.905
325.896
327.148
326.293
327.408
326.481
326.979
326.615
327.799
326.744
324.795
326.853
318.871
326.925
313.83
326.961
311.607
326.979
311.244
326.995
311.272
327.016
311.346
327.042
312.41
327.069
315.354
327.093
319.807
327.113
324.241
327.129
327.255
327.141
328.51
327.151
328.586
327.161
328.266
327.17
328.017
327.178
327.938
327.183
327.952
327.186
327.98
327.19
327.995
327.196
328.004
)
;
        refGradient     uniform 0;
        valueFraction   nonuniform List<scalar> 
200
(
0.529412
0.529412
0.529412
0.529412
0.529412
0.529412
0.529412
0.529412
0.529412
0.529412
0.529412
0.529412
0.529412
0.529412
0.529412
0.529412
0.529412
0.529412
0.529412
0.529412
0.529412
0.529412
0.529412
0.529412
0.529412
0.529412
0.529412
0.529412
0.529412
0.529412
0.529412
0.529412
0.529412
0.529412
0.529412
0.529412
0.529412
0.529412
0.529412
0.529412
0.529412
0.529412
0.529412
0.529412
0.529412
0.529412
0.529412
0.529412
0.529412
0.529412
0.529412
0.529412
0.529412
0.529412
0.529412
0.529412
0.529412
0.529412
0.529412
0.529412
0.529412
0.529412
0.529412
0.529412
0.529412
0.529412
0.529412
0.529412
0.529412
0.529412
0.529412
0.529412
0.529412
0.529412
0.529412
0.529412
0.529412
0.529412
0.529412
0.529412
0.529412
0.529412
0.529412
0.529412
0.529412
0.529412
0.529412
0.529412
0.529412
0.529412
0.529412
0.529412
0.529412
0.529412
0.529412
0.529412
0.529412
0.529412
0.529412
0.529412
0.529412
0.529412
0.529412
0.529412
0.529412
0.529412
0.529412
0.529412
0.529412
0.529412
0.529412
0.529412
0.529412
0.529412
0.529412
0.529412
0.529412
0.529412
0.529412
0.529412
0.529412
0.529412
0.529412
0.529412
0.529412
0.529412
0.529412
0.529412
0.529412
0.529412
0.529412
0.529412
0.529412
0.529412
0.529412
0.529412
0.529412
0.529412
0.529412
0.529412
0.529412
0.529412
0.529412
0.529412
0.529412
0.529412
0.529412
0.529412
0.529412
0.529412
0.529412
0.529412
0.529412
0.529412
0.529412
0.529412
0.529412
0.529412
0.529412
0.529412
0.529412
0.529412
0.529412
0.529412
0.529412
0.529412
0.529412
0.529412
0.529412
0.529412
0.529412
0.529412
0.529412
0.529412
0.529412
0.529412
0.529412
0.529412
0.529412
0.529412
0.529412
0.529412
0.529412
0.529412
0.529412
0.529412
0.529412
0.529412
0.529412
0.529412
0.529412
0.529412
0.529412
0.529412
0.529412
0.529412
0.529412
0.529412
0.529412
0.529412
)
;
        value           nonuniform List<scalar> 
200
(
325.497
325.695
325.913
325.99
325.966
324.777
312.051
310.752
310.588
311.364
321.675
322.453
322.443
322.433
322.404
322.451
322.537
322.642
322.761
322.898
323.045
323.192
323.334
323.465
323.588
323.71
325.437
323.844
325.398
324.096
325.237
324.295
324.838
324.955
324.097
325.049
323.188
324.775
322.457
324.485
322.175
324.348
321.999
324.394
322.012
324.609
322.564
324.928
323.393
325.257
324.102
325.512
324.528
325.73
324.755
325.588
324.909
325.908
325.045
324.332
325.162
321.303
325.245
318.675
325.297
317.455
325.331
317.25
325.361
317.284
325.395
317.362
325.434
317.978
325.474
319.559
325.512
321.91
325.546
324.252
325.574
325.869
325.599
326.578
325.621
326.664
325.641
326.528
325.66
326.415
325.677
326.384
325.691
326.4
325.703
326.425
325.715
326.444
325.733
326.466
327.2
327.406
327.629
327.695
327.709
326.831
312.195
311.217
311.06
311.549
323.406
323.887
323.84
323.841
323.828
323.894
323.994
324.108
324.238
324.388
324.549
324.711
324.866
325.01
325.145
325.276
327.137
325.418
327.095
325.693
326.923
325.886
326.495
326.696
325.689
326.889
324.695
326.55
323.913
326.185
323.654
325.993
323.488
326.003
323.504
326.204
324.123
326.525
325.048
326.863
325.824
327.122
326.272
327.358
326.492
327.179
326.628
327.635
326.746
325.953
326.847
322.662
326.918
319.849
326.959
318.607
326.983
318.451
327.004
318.485
327.028
318.533
327.057
319.147
327.086
320.812
327.112
323.322
327.133
325.82
327.149
327.524
327.161
328.242
327.172
328.297
327.183
328.125
327.192
327.99
327.198
327.946
327.202
327.954
327.204
327.968
327.206
327.977
327.215
327.988
)
;
        Tnbr            T;
        qrNbr           none;
        qr              none;
        thermalInertia  false;
        thicknessLayers List<scalar> 0();
        kappaLayers     List<scalar> 0();
        kappaMethod     solidThermo;
        kappa           none;
        alphaAni        none;
        alpha           none;
    }
    concrete_to_buildings
    {
        type            externalWallHeatFluxTemperature;
        mode            coefficient;
        kappaMethod     solidThermo;
        kappa           none;
        alphaAni        none;
        alpha           none;
        h               constant 10;
        Ta              constant 293.15;
        thicknessLayers List<scalar> 1(0.3);
        kappaLayers     List<scalar> 1(1.6);
        qr              none;
        refValue        uniform 293.15;
        refGradient     uniform 0;
        valueFraction   nonuniform List<scalar> 
64
(
0.0980392
0.0980392
0.0980392
0.0980392
0.0980392
0.0980392
0.0980392
0.0980392
0.0980392
0.0980392
0.0980392
0.0980392
0.0980392
0.0980392
0.0980392
0.0980392
0.0980392
0.0980392
0.0980392
0.0980392
0.0980392
0.0980392
0.0980392
0.0980392
0.0980392
0.0980392
0.0980392
0.0980392
0.0980392
0.0980392
0.0980392
0.0980392
0.0980392
0.0980392
0.0980392
0.0980392
0.0980392
0.0980392
0.0980392
0.0980392
0.0980392
0.0980392
0.0980392
0.0980392
0.0980392
0.0980392
0.0980392
0.0980392
0.0980392
0.0980392
0.0980392
0.0980392
0.0980392
0.0980392
0.0980392
0.0980392
0.0980392
0.0980392
0.0980392
0.0980392
0.0980392
0.0980392
0.0980392
0.0980392
)
;
        value           nonuniform List<scalar> 
64
(
301.083
298.757
297.322
296.944
296.949
297.357
298.922
301.492
298.857
296.17
295.441
295.232
295.235
295.46
296.241
299.133
298.445
295.643
294.992
294.823
294.825
295.003
295.692
298.677
298.353
295.515
294.873
294.712
294.713
294.882
295.559
298.571
298.316
295.488
294.851
294.693
294.694
294.859
295.534
298.554
298.299
295.519
294.895
294.74
294.74
294.902
295.57
298.589
298.4
295.72
295.124
294.973
294.967
295.117
295.761
298.738
299.207
296.8
296.266
296.114
296.087
296.195
296.749
299.468
)
;
    }
    concrete_to_soil1
    {
        type            compressible::turbulentTemperatureRadCoupledMixed;
        refValue        nonuniform List<scalar> 
962
(
323.803
323.981
324.18
324.232
324.145
322.737
311.641
310.131
310.015
311.14
320.844
321.799
321.68
321.522
321.356
321.287
321.286
321.325
321.396
321.494
321.612
321.737
321.86
321.978
322.092
322.216
323.735
323.856
323.976
323.942
323.871
322.499
311.637
310.161
310.111
311.439
322.01
323.18
323.011
322.787
322.521
322.342
322.221
322.14
322.099
322.097
322.126
322.172
322.226
322.286
322.355
322.449
323.536
323.526
323.485
323.37
323.387
322.053
311.14
309.654
309.636
311.092
322.175
323.524
323.294
323.107
322.889
322.757
322.662
322.589
322.536
322.502
322.481
322.47
322.47
322.486
322.527
322.624
323.104
322.945
322.704
322.38
321.558
320.177
310.991
309.699
309.691
311.053
321.102
322.913
323.728
323.751
323.441
323.175
322.949
322.817
322.756
322.706
322.637
322.581
322.589
322.717
322.938
323.156
322.404
322.223
321.845
320.133
304.2
301.088
299.155
298.606
298.614
299.206
301.312
304.741
322.299
323.82
323.612
323.297
323.035
322.959
322.957
323.002
323.065
323.127
323.167
323.209
323.246
323.271
321.655
321.699
321.601
319.72
301.256
297.649
296.597
296.29
296.296
296.625
297.751
301.632
321.557
323.664
323.646
323.439
323.272
323.178
323.144
323.14
323.136
323.117
323.083
323.057
323.048
323.051
321.117
321.407
321.556
319.773
300.656
296.889
295.946
295.697
295.7
295.963
296.961
300.975
321.38
323.609
323.653
323.462
323.271
323.122
323.023
322.959
322.906
322.857
322.822
322.804
322.797
322.81
320.889
321.266
321.527
319.855
300.518
296.701
295.771
295.534
295.537
295.784
296.765
300.819
321.344
323.588
323.63
323.407
323.172
322.98
322.839
322.745
322.685
322.654
322.649
322.655
322.667
322.702
320.736
321.101
321.356
319.734
300.465
296.661
295.739
295.507
295.508
295.751
296.729
300.794
321.37
323.634
323.655
323.417
323.163
322.955
322.798
322.699
322.644
322.629
322.637
322.66
322.696
322.756
320.729
320.987
321.108
319.433
300.445
296.707
295.804
295.576
295.576
295.814
296.782
300.843
321.504
323.848
323.844
323.589
323.311
323.088
322.92
322.815
322.764
322.745
322.756
322.798
322.867
322.96
321.106
321.097
320.922
319.106
300.597
296.997
296.135
295.913
295.906
296.126
297.058
301.054
321.756
324.252
324.233
323.835
323.493
323.255
323.098
322.993
322.932
322.91
322.933
323.006
323.121
323.252
321.77
321.499
320.947
318.972
301.66
298.433
297.662
297.441
297.403
297.566
298.37
302.006
321.84
324.001
323.952
323.656
323.4
323.228
323.118
323.052
323.02
323.025
323.082
323.204
323.375
323.548
322.417
322.073
321.374
319.6
308.461
306.553
305.974
305.689
305.515
305.483
305.869
307.969
320.838
322.646
322.906
322.917
322.906
322.914
322.938
322.971
323.013
323.075
323.185
323.361
323.583
323.79
322.857
322.592
321.951
320.151
309.419
307.758
307.304
307.107
307.009
307.024
307.348
309.018
320.277
321.992
322.402
322.568
322.685
322.795
322.9
322.994
323.082
323.18
323.317
323.517
323.756
323.972
323.102
322.936
322.429
320.657
309.582
307.952
307.55
307.389
307.318
307.343
307.636
309.206
320.419
322.099
322.516
322.698
322.827
322.944
323.053
323.151
323.243
323.34
323.47
323.655
323.872
324.041
323.253
323.143
322.751
321.082
309.788
308.168
307.793
307.652
307.596
307.628
307.906
309.432
320.647
322.273
322.662
322.834
322.959
323.072
323.178
323.277
323.37
323.467
323.585
323.742
323.923
324.057
323.373
323.284
322.975
321.507
311.047
309.56
309.226
309.106
309.062
309.095
309.344
310.735
321.093
322.567
322.91
323.062
323.173
323.272
323.365
323.453
323.539
323.627
323.723
323.834
323.927
323.719
323.478
323.405
323.177
322.058
313.99
312.832
312.575
312.487
312.457
312.484
312.68
313.764
321.776
322.924
323.194
323.316
323.407
323.49
323.567
323.642
323.718
323.795
323.869
323.929
323.891
323.129
323.562
323.508
323.368
322.695
317.983
317.28
317.124
317.076
317.063
317.085
317.213
317.88
322.583
323.296
323.477
323.566
323.636
323.701
323.762
323.824
323.888
323.953
324.012
324.03
323.865
322.58
323.621
323.589
323.529
323.258
321.575
321.291
321.228
321.216
321.22
321.239
321.306
321.593
323.297
323.61
323.71
323.769
323.82
323.869
323.918
323.967
324.02
324.074
324.121
324.116
323.873
322.294
323.665
323.65
323.643
323.623
323.724
323.702
323.702
323.714
323.729
323.746
323.775
323.824
323.759
323.822
323.869
323.908
323.947
323.987
324.027
324.068
324.111
324.156
324.191
324.172
323.903
322.281
323.704
323.698
323.716
323.789
324.41
324.486
324.514
324.538
324.558
324.575
324.587
324.549
323.969
323.942
323.965
323.995
324.028
324.063
324.099
324.136
324.173
324.209
324.234
324.206
323.931
322.32
323.746
323.743
323.767
323.837
324.285
324.358
324.391
324.419
324.441
324.459
324.468
324.435
324.03
324.008
324.027
324.054
324.084
324.117
324.152
324.186
324.22
324.251
324.27
324.236
323.962
322.377
323.791
323.79
323.811
323.854
324.005
324.047
324.077
324.104
324.127
324.146
324.16
324.157
324.05
324.059
324.08
324.106
324.135
324.167
324.201
324.234
324.266
324.294
324.311
324.278
324.028
322.57
323.837
323.838
323.858
323.882
323.874
323.895
323.921
323.946
323.969
323.99
324.009
324.027
324.082
324.112
324.135
324.16
324.188
324.219
324.25
324.283
324.314
324.341
324.357
324.334
324.134
322.96
323.883
323.885
323.907
323.928
323.893
323.91
323.934
323.958
323.981
324.004
324.026
324.051
324.134
324.168
324.192
324.216
324.242
324.271
324.301
324.331
324.361
324.388
324.407
324.398
324.27
323.505
323.925
323.929
323.953
323.979
323.97
323.987
324.011
324.034
324.058
324.082
324.106
324.132
324.192
324.224
324.246
324.268
324.293
324.319
324.347
324.377
324.405
324.432
324.454
324.461
324.406
324.049
323.963
323.969
323.995
324.025
324.038
324.058
324.081
324.104
324.128
324.153
324.179
324.204
324.245
324.275
324.295
324.315
324.338
324.363
324.389
324.417
324.444
324.471
324.496
324.515
324.514
324.449
323.997
324.004
324.033
324.065
324.085
324.105
324.128
324.151
324.175
324.201
324.227
324.253
324.289
324.319
324.339
324.357
324.378
324.401
324.426
324.452
324.478
324.505
324.531
324.557
324.586
324.659
324.027
324.037
324.067
324.1
324.118
324.137
324.161
324.185
324.209
324.235
324.262
324.288
324.327
324.358
324.378
324.396
324.415
324.436
324.459
324.484
324.509
324.535
324.561
324.59
324.628
324.73
324.056
324.066
324.098
324.13
324.147
324.166
324.19
324.215
324.24
324.265
324.292
324.319
324.36
324.393
324.414
324.431
324.449
324.469
324.49
324.513
324.538
324.563
324.589
324.617
324.655
324.738
324.082
324.094
324.125
324.157
324.174
324.194
324.219
324.244
324.27
324.296
324.322
324.349
324.391
324.424
324.446
324.465
324.482
324.5
324.52
324.542
324.565
324.589
324.615
324.643
324.677
324.739
324.106
324.118
324.149
324.181
324.199
324.22
324.246
324.273
324.299
324.325
324.351
324.378
324.418
324.451
324.475
324.494
324.512
324.53
324.549
324.569
324.591
324.615
324.64
324.667
324.699
324.751
324.127
324.139
324.17
324.201
324.221
324.244
324.271
324.298
324.325
324.351
324.378
324.405
324.441
324.474
324.499
324.52
324.539
324.557
324.575
324.595
324.616
324.639
324.663
324.69
324.721
324.771
324.146
324.158
324.188
324.218
324.241
324.266
324.294
324.321
324.349
324.375
324.402
324.429
324.463
324.494
324.52
324.542
324.563
324.581
324.6
324.619
324.64
324.663
324.686
324.712
324.742
324.793
324.165
324.177
324.206
324.237
324.263
324.289
324.317
324.346
324.373
324.401
324.427
324.454
324.485
324.515
324.541
324.565
324.587
324.607
324.626
324.646
324.666
324.689
324.712
324.736
324.765
324.815
324.198
324.214
324.244
324.275
324.303
324.331
324.36
324.388
324.416
324.444
324.471
324.498
324.527
324.555
324.581
324.606
324.629
324.65
324.671
324.691
324.712
324.734
324.757
324.781
324.808
324.853
)
;
        refGradient     uniform 0;
        valueFraction   nonuniform List<scalar> 
962
(
0.52519
0.52519
0.52519
0.52519
0.52519
0.52519
0.52519
0.52519
0.52519
0.52519
0.52519
0.52519
0.52519
0.52519
0.52519
0.52519
0.52519
0.52519
0.52519
0.52519
0.52519
0.52519
0.52519
0.52519
0.52519
0.52519
0.52519
0.52519
0.52519
0.52519
0.52519
0.52519
0.52519
0.52519
0.52519
0.52519
0.52519
0.52519
0.52519
0.52519
0.52519
0.52519
0.52519
0.52519
0.52519
0.52519
0.52519
0.52519
0.52519
0.52519
0.52519
0.52519
0.52519
0.52519
0.52519
0.52519
0.52519
0.52519
0.52519
0.52519
0.52519
0.52519
0.52519
0.52519
0.52519
0.52519
0.52519
0.52519
0.52519
0.52519
0.52519
0.52519
0.52519
0.52519
0.52519
0.52519
0.52519
0.52519
0.52519
0.52519
0.52519
0.52519
0.52519
0.52519
0.52519
0.52519
0.52519
0.52519
0.52519
0.52519
0.52519
0.52519
0.52519
0.52519
0.52519
0.52519
0.52519
0.52519
0.52519
0.52519
0.52519
0.52519
0.52519
0.52519
0.52519
0.52519
0.52519
0.52519
0.52519
0.52519
0.52519
0.52519
0.52519
0.52519
0.52519
0.52519
0.52519
0.52519
0.52519
0.52519
0.52519
0.52519
0.52519
0.52519
0.52519
0.52519
0.52519
0.52519
0.52519
0.52519
0.52519
0.52519
0.52519
0.52519
0.52519
0.52519
0.52519
0.52519
0.52519
0.52519
0.52519
0.52519
0.52519
0.52519
0.52519
0.52519
0.52519
0.52519
0.52519
0.52519
0.52519
0.52519
0.52519
0.52519
0.52519
0.52519
0.52519
0.52519
0.52519
0.52519
0.52519
0.52519
0.52519
0.52519
0.52519
0.52519
0.52519
0.52519
0.52519
0.52519
0.52519
0.52519
0.52519
0.52519
0.52519
0.52519
0.52519
0.52519
0.52519
0.52519
0.52519
0.52519
0.52519
0.52519
0.52519
0.52519
0.52519
0.52519
0.52519
0.52519
0.52519
0.52519
0.52519
0.52519
0.52519
0.52519
0.52519
0.52519
0.52519
0.52519
0.52519
0.52519
0.52519
0.52519
0.52519
0.52519
0.52519
0.52519
0.52519
0.52519
0.52519
0.52519
0.52519
0.52519
0.52519
0.52519
0.52519
0.52519
0.52519
0.52519
0.52519
0.52519
0.52519
0.52519
0.52519
0.52519
0.52519
0.52519
0.52519
0.52519
0.52519
0.52519
0.52519
0.52519
0.52519
0.52519
0.52519
0.52519
0.52519
0.52519
0.52519
0.52519
0.52519
0.52519
0.52519
0.52519
0.52519
0.52519
0.52519
0.52519
0.52519
0.52519
0.52519
0.52519
0.52519
0.52519
0.52519
0.52519
0.52519
0.52519
0.52519
0.52519
0.52519
0.52519
0.52519
0.52519
0.52519
0.52519
0.52519
0.52519
0.52519
0.52519
0.52519
0.52519
0.52519
0.52519
0.52519
0.52519
0.52519
0.52519
0.52519
0.52519
0.52519
0.52519
0.52519
0.52519
0.52519
0.52519
0.52519
0.52519
0.52519
0.52519
0.52519
0.52519
0.52519
0.52519
0.52519
0.52519
0.52519
0.52519
0.52519
0.52519
0.52519
0.52519
0.52519
0.52519
0.52519
0.52519
0.52519
0.52519
0.52519
0.52519
0.52519
0.52519
0.52519
0.52519
0.52519
0.52519
0.52519
0.52519
0.52519
0.52519
0.52519
0.52519
0.52519
0.52519
0.52519
0.52519
0.52519
0.52519
0.52519
0.52519
0.52519
0.52519
0.52519
0.52519
0.52519
0.52519
0.52519
0.52519
0.52519
0.52519
0.52519
0.52519
0.52519
0.52519
0.52519
0.52519
0.52519
0.52519
0.52519
0.52519
0.52519
0.52519
0.52519
0.52519
0.52519
0.52519
0.52519
0.52519
0.52519
0.52519
0.52519
0.52519
0.52519
0.52519
0.52519
0.52519
0.52519
0.52519
0.52519
0.52519
0.52519
0.52519
0.52519
0.52519
0.52519
0.52519
0.52519
0.52519
0.52519
0.52519
0.52519
0.52519
0.52519
0.52519
0.52519
0.52519
0.52519
0.52519
0.52519
0.52519
0.52519
0.52519
0.52519
0.52519
0.52519
0.52519
0.52519
0.52519
0.52519
0.52519
0.52519
0.52519
0.52519
0.52519
0.52519
0.52519
0.52519
0.52519
0.52519
0.52519
0.52519
0.52519
0.52519
0.52519
0.52519
0.52519
0.52519
0.52519
0.52519
0.52519
0.52519
0.52519
0.52519
0.52519
0.52519
0.52519
0.52519
0.52519
0.52519
0.52519
0.52519
0.52519
0.52519
0.52519
0.52519
0.52519
0.52519
0.52519
0.52519
0.52519
0.52519
0.52519
0.52519
0.52519
0.52519
0.52519
0.52519
0.52519
0.52519
0.52519
0.52519
0.52519
0.52519
0.52519
0.52519
0.52519
0.52519
0.52519
0.52519
0.52519
0.52519
0.52519
0.52519
0.52519
0.52519
0.52519
0.52519
0.52519
0.52519
0.52519
0.52519
0.52519
0.52519
0.52519
0.52519
0.52519
0.52519
0.52519
0.52519
0.52519
0.52519
0.52519
0.52519
0.52519
0.52519
0.52519
0.52519
0.52519
0.52519
0.52519
0.52519
0.52519
0.52519
0.52519
0.52519
0.52519
0.52519
0.52519
0.52519
0.52519
0.52519
0.52519
0.52519
0.52519
0.52519
0.52519
0.52519
0.52519
0.52519
0.52519
0.52519
0.52519
0.52519
0.52519
0.52519
0.52519
0.52519
0.52519
0.52519
0.52519
0.52519
0.52519
0.52519
0.52519
0.52519
0.52519
0.52519
0.52519
0.52519
0.52519
0.52519
0.52519
0.52519
0.52519
0.52519
0.52519
0.52519
0.52519
0.52519
0.52519
0.52519
0.52519
0.52519
0.52519
0.52519
0.52519
0.52519
0.52519
0.52519
0.52519
0.52519
0.52519
0.52519
0.52519
0.52519
0.52519
0.52519
0.52519
0.52519
0.52519
0.52519
0.52519
0.52519
0.52519
0.52519
0.52519
0.52519
0.52519
0.52519
0.52519
0.52519
0.52519
0.52519
0.52519
0.52519
0.52519
0.52519
0.52519
0.52519
0.52519
0.52519
0.52519
0.52519
0.52519
0.52519
0.52519
0.52519
0.52519
0.52519
0.52519
0.52519
0.52519
0.52519
0.52519
0.52519
0.52519
0.52519
0.52519
0.52519
0.52519
0.52519
0.52519
0.52519
0.52519
0.52519
0.52519
0.52519
0.52519
0.52519
0.52519
0.52519
0.52519
0.52519
0.52519
0.52519
0.52519
0.52519
0.52519
0.52519
0.52519
0.52519
0.52519
0.52519
0.52519
0.52519
0.52519
0.52519
0.52519
0.52519
0.52519
0.52519
0.52519
0.52519
0.52519
0.52519
0.52519
0.52519
0.52519
0.52519
0.52519
0.52519
0.52519
0.52519
0.52519
0.52519
0.52519
0.52519
0.52519
0.52519
0.52519
0.52519
0.52519
0.52519
0.52519
0.52519
0.52519
0.52519
0.52519
0.52519
0.52519
0.52519
0.52519
0.52519
0.52519
0.52519
0.52519
0.52519
0.52519
0.52519
0.52519
0.52519
0.52519
0.52519
0.52519
0.52519
0.52519
0.52519
0.52519
0.52519
0.52519
0.52519
0.52519
0.52519
0.52519
0.52519
0.52519
0.52519
0.52519
0.52519
0.52519
0.52519
0.52519
0.52519
0.52519
0.52519
0.52519
0.52519
0.52519
0.52519
0.52519
0.52519
0.52519
0.52519
0.52519
0.52519
0.52519
0.52519
0.52519
0.52519
0.52519
0.52519
0.52519
0.52519
0.52519
0.52519
0.52519
0.52519
0.52519
0.52519
0.52519
0.52519
0.52519
0.52519
0.52519
0.52519
0.52519
0.52519
0.52519
0.52519
0.52519
0.52519
0.52519
0.52519
0.52519
0.52519
0.52519
0.52519
0.52519
0.52519
0.52519
0.52519
0.52519
0.52519
0.52519
0.52519
0.52519
0.52519
0.52519
0.52519
0.52519
0.52519
0.52519
0.52519
0.52519
0.52519
0.52519
0.52519
0.52519
0.52519
0.52519
0.52519
0.52519
0.52519
0.52519
0.52519
0.52519
0.52519
0.52519
0.52519
0.52519
0.52519
0.52519
0.52519
0.52519
0.52519
0.52519
0.52519
0.52519
0.52519
0.52519
0.52519
0.52519
0.52519
0.52519
0.52519
0.52519
0.52519
0.52519
0.52519
0.52519
0.52519
0.52519
0.52519
0.52519
0.52519
0.52519
0.52519
0.52519
0.52519
0.52519
0.52519
0.52519
0.52519
0.52519
0.52519
0.52519
0.52519
0.52519
0.52519
0.52519
0.52519
0.52519
0.52519
0.52519
0.52519
0.52519
0.52519
0.52519
0.52519
0.52519
0.52519
0.52519
0.52519
0.52519
0.52519
0.52519
0.52519
0.52519
0.52519
0.52519
0.52519
0.52519
0.52519
0.52519
0.52519
0.52519
0.52519
0.52519
0.52519
0.52519
0.52519
0.52519
0.52519
0.52519
0.52519
0.52519
0.52519
0.52519
0.52519
0.52519
0.52519
0.52519
0.52519
0.52519
0.52519
0.52519
0.52519
0.52519
0.52519
0.52519
0.52519
0.52519
0.52519
0.52519
0.52519
0.52519
0.52519
0.52519
0.52519
0.52519
0.52519
0.52519
0.52519
0.52519
0.52519
0.52519
0.52519
0.52519
0.52519
0.52519
0.52519
0.52519
0.52519
0.52519
0.52519
0.52519
0.52519
0.52519
0.52519
0.52519
0.52519
0.52519
0.52519
0.52519
0.52519
0.52519
0.52519
0.52519
0.52519
0.52519
0.52519
0.52519
0.52519
0.52519
0.52519
0.52519
0.52519
0.52519
0.52519
0.52519
0.52519
0.52519
0.52519
0.52519
0.52519
0.52519
0.52519
0.52519
0.52519
0.52519
0.52519
0.52519
0.52519
0.52519
0.52519
0.52519
0.52519
0.52519
0.52519
0.52519
0.52519
0.52519
0.52519
0.52519
0.52519
0.52519
0.52519
0.52519
0.52519
0.52519
0.52519
0.52519
0.52519
0.52519
0.52519
0.52519
0.52519
0.52519
0.52519
0.52519
0.52519
0.52519
0.52519
0.52519
0.52519
0.52519
0.52519
0.52519
0.52519
0.52519
)
;
        value           nonuniform List<scalar> 
962
(
324.566
324.753
324.96
325.01
324.947
323.649
311.768
310.366
310.252
311.275
321.673
322.505
322.351
322.184
322.015
321.948
321.949
321.99
322.063
322.166
322.289
322.421
322.55
322.674
322.793
322.92
324.498
324.629
324.754
324.713
324.667
323.404
311.785
310.415
310.368
311.589
322.911
323.964
323.757
323.523
323.251
323.071
322.945
322.856
322.81
322.807
322.836
322.883
322.939
323.001
323.072
323.166
324.293
324.29
324.245
324.128
324.206
322.989
311.28
309.892
309.873
311.227
323.116
324.343
324.034
323.833
323.617
323.493
323.401
323.327
323.272
323.237
323.215
323.202
323.199
323.212
323.249
323.342
323.847
323.687
323.441
323.159
322.553
321.316
311.413
310.19
310.179
311.465
322.311
324.002
324.578
324.542
324.21
323.941
323.702
323.56
323.505
323.463
323.388
323.311
323.295
323.419
323.668
323.926
323.117
322.938
322.58
321.016
303.753
300.735
298.863
298.342
298.349
298.912
300.951
304.278
323.326
324.654
324.388
324.051
323.77
323.695
323.699
323.755
323.834
323.911
323.96
324.005
324.05
324.075
322.336
322.398
322.358
320.693
300.888
297.393
296.392
296.102
296.107
296.419
297.49
301.25
322.626
324.51
324.433
324.215
324.045
323.951
323.921
323.925
323.928
323.91
323.873
323.843
323.833
323.832
321.78
322.101
322.327
320.79
300.318
296.67
295.774
295.538
295.541
295.79
296.738
300.625
322.468
324.457
324.44
324.239
324.042
323.889
323.789
323.726
323.674
323.623
323.585
323.565
323.556
323.563
321.556
321.961
322.304
320.893
300.189
296.492
295.608
295.385
295.386
295.62
296.552
300.477
322.438
324.436
324.415
324.175
323.929
323.73
323.584
323.487
323.426
323.394
323.389
323.395
323.405
323.437
321.402
321.792
322.128
320.77
300.137
296.454
295.578
295.358
295.36
295.59
296.518
300.453
322.469
324.487
324.44
324.181
323.913
323.695
323.532
323.429
323.373
323.358
323.367
323.389
323.425
323.482
321.394
321.673
321.867
320.449
300.118
296.497
295.639
295.424
295.423
295.648
296.568
300.5
322.612
324.72
324.642
324.363
324.067
323.833
323.656
323.546
323.494
323.474
323.485
323.527
323.597
323.685
321.791
321.787
321.668
320.089
300.26
296.773
295.953
295.744
295.736
295.944
296.83
300.701
322.884
325.171
325.073
324.63
324.264
324.012
323.846
323.736
323.672
323.647
323.669
323.742
323.858
323.985
322.489
322.208
321.681
319.904
301.294
298.166
297.432
297.223
297.186
297.34
298.102
301.629
322.974
324.914
324.779
324.448
324.172
323.988
323.872
323.801
323.766
323.768
323.825
323.948
324.121
324.29
323.166
322.81
322.117
320.471
308.679
306.904
306.357
306.073
305.891
305.842
306.182
308.134
321.791
323.444
323.66
323.66
323.647
323.655
323.68
323.714
323.757
323.821
323.932
324.111
324.336
324.54
323.62
323.35
322.72
321.022
309.584
308.041
307.617
307.426
307.327
307.334
307.623
309.164
321.155
322.749
323.132
323.295
323.416
323.531
323.64
323.739
323.83
323.93
324.07
324.273
324.514
324.727
323.868
323.704
323.217
321.55
309.717
308.205
307.831
307.676
307.604
307.621
307.881
309.328
321.307
322.872
323.261
323.439
323.571
323.691
323.804
323.905
323.999
324.099
324.23
324.416
324.636
324.804
324.017
323.912
323.547
321.99
309.899
308.393
308.046
307.91
307.852
307.877
308.125
309.531
321.536
323.048
323.41
323.578
323.704
323.821
323.93
324.032
324.128
324.228
324.347
324.506
324.69
324.827
324.135
324.053
323.77
322.407
311.195
309.811
309.503
309.386
309.341
309.368
309.59
310.873
321.975
323.346
323.664
323.812
323.925
324.027
324.123
324.214
324.303
324.392
324.49
324.604
324.705
324.517
324.238
324.171
323.965
322.929
314.286
313.208
312.971
312.887
312.856
312.878
313.052
314.052
322.636
323.704
323.954
324.073
324.166
324.25
324.33
324.407
324.486
324.565
324.642
324.706
324.685
323.977
324.319
324.271
324.146
323.524
318.496
317.844
317.701
317.656
317.643
317.661
317.775
318.391
323.41
324.073
324.241
324.328
324.4
324.466
324.53
324.594
324.66
324.728
324.789
324.815
324.674
323.475
324.376
324.349
324.296
324.049
322.278
322.016
321.961
321.951
321.955
321.972
322.034
322.298
324.09
324.382
324.477
324.535
324.587
324.638
324.688
324.739
324.793
324.85
324.901
324.905
324.693
323.218
324.418
324.406
324.402
324.388
324.524
324.507
324.509
324.522
324.538
324.555
324.583
324.628
324.529
324.59
324.635
324.675
324.715
324.756
324.798
324.84
324.885
324.931
324.97
324.961
324.726
323.224
324.455
324.452
324.471
324.541
325.222
325.294
325.323
325.348
325.369
325.387
325.4
325.366
324.729
324.706
324.73
324.761
324.795
324.831
324.869
324.907
324.945
324.983
325.012
324.992
324.752
323.264
324.494
324.495
324.519
324.586
325.069
325.139
325.172
325.2
325.224
325.242
325.253
325.224
324.787
324.769
324.79
324.818
324.849
324.883
324.919
324.955
324.99
325.022
325.045
325.019
324.778
323.314
324.537
324.539
324.562
324.603
324.762
324.803
324.834
324.862
324.885
324.905
324.92
324.919
324.806
324.818
324.841
324.868
324.898
324.931
324.966
325
325.033
325.063
325.082
325.058
324.837
323.489
324.581
324.585
324.607
324.632
324.619
324.641
324.668
324.694
324.717
324.739
324.759
324.778
324.839
324.869
324.894
324.92
324.949
324.98
325.013
325.046
325.078
325.107
325.125
325.108
324.933
323.848
324.623
324.629
324.652
324.675
324.636
324.654
324.679
324.703
324.727
324.751
324.774
324.799
324.889
324.924
324.948
324.972
325
325.029
325.06
325.092
325.123
325.151
325.172
325.167
325.056
324.351
324.662
324.669
324.695
324.723
324.712
324.731
324.756
324.78
324.804
324.829
324.854
324.88
324.943
324.976
324.999
325.021
325.047
325.074
325.103
325.133
325.163
325.191
325.215
325.224
325.179
324.852
324.696
324.706
324.734
324.766
324.779
324.799
324.824
324.848
324.872
324.898
324.925
324.95
324.992
325.023
325.044
325.065
325.088
325.114
325.141
325.17
325.199
325.226
325.252
325.272
325.276
325.219
324.726
324.738
324.768
324.802
324.822
324.843
324.867
324.891
324.916
324.942
324.97
324.996
325.033
325.064
325.085
325.104
325.125
325.149
325.174
325.201
325.229
325.256
325.283
325.31
325.339
325.41
324.753
324.767
324.799
324.833
324.852
324.872
324.897
324.921
324.947
324.973
325
325.028
325.068
325.1
325.121
325.139
325.158
325.18
325.204
325.23
325.256
325.282
325.31
325.339
325.376
325.473
324.778
324.793
324.826
324.86
324.877
324.897
324.922
324.948
324.974
325
325.028
325.055
325.098
325.132
325.154
325.171
325.19
325.21
325.232
325.256
325.281
325.307
325.334
325.363
325.4
325.479
324.802
324.818
324.851
324.884
324.901
324.922
324.948
324.974
325.001
325.027
325.055
325.083
325.125
325.16
325.183
325.201
325.219
325.238
325.259
325.281
325.305
325.33
325.357
325.385
325.419
325.479
324.823
324.839
324.872
324.905
324.923
324.945
324.972
324.999
325.026
325.053
325.08
325.108
325.149
325.183
325.208
325.228
325.246
325.265
325.284
325.305
325.328
325.352
325.378
325.406
325.438
325.488
324.841
324.857
324.889
324.921
324.942
324.966
324.994
325.022
325.049
325.076
325.104
325.131
325.169
325.203
325.229
325.25
325.27
325.288
325.307
325.327
325.349
325.373
325.398
325.425
325.456
325.505
324.856
324.872
324.903
324.935
324.959
324.985
325.013
325.042
325.07
325.097
325.125
325.152
325.187
325.219
325.246
325.269
325.29
325.309
325.328
325.348
325.37
325.393
325.417
325.443
325.473
325.522
324.872
324.888
324.919
324.95
324.977
325.004
325.033
325.062
325.091
325.119
325.146
325.174
325.206
325.237
325.264
325.288
325.311
325.331
325.351
325.371
325.393
325.415
325.439
325.464
325.493
325.541
324.901
324.92
324.951
324.983
325.012
325.041
325.071
325.1
325.129
325.157
325.185
325.213
325.243
325.272
325.299
325.324
325.348
325.37
325.391
325.412
325.433
325.456
325.479
325.503
325.531
325.574
)
;
        Tnbr            T;
        qrNbr           none;
        qr              none;
        thermalInertia  false;
        thicknessLayers List<scalar> 0();
        kappaLayers     List<scalar> 0();
        kappaMethod     solidThermo;
        kappa           none;
        alphaAni        none;
        alpha           none;
    }
}


// ************************************************************************* //
