/*--------------------------------*- C++ -*----------------------------------*\
| =========                 |                                                 |
| \\      /  F ield         | OpenFOAM: The Open Source CFD Toolbox           |
|  \\    /   O peration     | Version:  v2012                                 |
|   \\  /    A nd           | Website:  www.openfoam.com                      |
|    \\/     M anipulation  |                                                 |
\*---------------------------------------------------------------------------*/
FoamFile
{
    version     2.0;
    format      ascii;
    class       volScalarField;
    location    "600/concrete";
    object      T;
}
// * * * * * * * * * * * * * * * * * * * * * * * * * * * * * * * * * * * * * //

dimensions      [0 0 0 1 0 0 0];


internalField   nonuniform List<scalar> 
1924
(
326.081
326.154
326.219
326.175
326.044
324.812
312.07
310.778
310.669
311.619
322.884
323.727
323.64
323.528
323.41
323.358
323.357
323.392
323.456
323.544
323.65
323.768
323.89
324.011
324.13
324.256
326.008
326.017
325.996
325.853
325.74
324.553
312.099
310.843
310.796
311.927
324.165
325.258
325.172
325.004
324.782
324.607
324.466
324.357
324.28
324.239
324.231
324.249
324.288
324.341
324.407
324.493
325.794
325.661
325.467
325.247
325.299
324.178
311.585
310.3
310.276
311.525
324.351
325.601
325.441
325.321
325.159
325.045
324.951
324.868
324.795
324.737
324.695
324.671
324.664
324.674
324.703
324.761
325.326
325.03
324.634
324.292
323.831
322.708
311.998
310.846
310.831
312.038
323.779
325.456
326.062
326.062
325.766
325.471
325.238
325.074
324.966
324.897
324.855
324.833
324.829
324.845
324.882
324.952
324.562
324.257
323.779
322.276
303.444
300.437
298.595
298.091
298.099
298.649
300.676
304.061
325.178
326.346
325.991
325.626
325.316
325.088
324.964
324.919
324.927
324.964
325.022
325.1
325.202
325.338
323.732
323.706
323.597
322.055
300.659
297.185
296.196
295.908
295.916
296.235
297.319
301.133
324.587
326.332
326.163
325.852
325.584
325.4
325.293
325.261
325.302
325.384
325.478
325.57
325.663
325.764
323.158
323.431
323.613
322.21
300.122
296.493
295.601
295.364
295.371
295.633
296.604
300.541
324.433
326.296
326.204
325.925
325.673
325.486
325.366
325.309
325.305
325.334
325.382
325.439
325.493
325.55
322.957
323.34
323.648
322.355
300.007
296.326
295.443
295.216
295.223
295.473
296.431
300.404
324.398
326.279
326.189
325.873
325.578
325.351
325.196
325.107
325.071
325.07
325.096
325.132
325.169
325.217
322.83
323.223
323.533
322.266
299.974
296.301
295.424
295.201
295.207
295.454
296.41
300.396
324.453
326.366
326.256
325.95
325.629
325.364
325.17
325.051
324.989
324.969
324.972
324.987
325.01
325.05
322.842
323.143
323.329
321.98
299.987
296.372
295.514
295.296
295.302
295.543
296.49
300.475
324.644
326.67
326.546
326.225
325.858
325.547
325.314
325.169
325.088
325.044
325.026
325.025
325.037
325.072
323.275
323.286
323.176
321.666
300.19
296.712
295.898
295.692
295.693
295.918
296.825
300.736
324.949
327.16
327.117
326.518
326.067
325.731
325.5
325.351
325.259
325.207
325.183
325.181
325.195
325.232
324.022
323.735
323.214
321.538
301.356
298.263
297.554
297.362
297.344
297.516
298.287
301.812
325.076
326.839
326.619
326.227
325.891
325.652
325.495
325.402
325.353
325.335
325.339
325.36
325.394
325.446
324.73
324.361
323.679
322.182
309.769
308.182
307.711
307.473
307.326
307.297
307.603
309.368
323.687
325.174
325.34
325.314
325.277
325.263
325.274
325.303
325.345
325.397
325.454
325.516
325.581
325.651
325.213
324.943
324.333
322.765
310.655
309.289
308.94
308.789
308.712
308.72
308.962
310.325
322.976
324.418
324.762
324.914
325.023
325.124
325.224
325.322
325.418
325.51
325.6
325.685
325.763
325.831
325.463
325.308
324.855
323.317
310.737
309.383
309.072
308.949
308.888
308.896
309.108
310.397
323.115
324.538
324.894
325.062
325.181
325.286
325.386
325.484
325.58
325.673
325.763
325.847
325.915
325.929
325.589
325.5
325.173
323.75
310.865
309.507
309.215
309.106
309.055
309.065
309.266
310.527
323.315
324.689
325.019
325.177
325.291
325.393
325.492
325.59
325.687
325.783
325.876
325.958
326.012
325.981
325.665
325.601
325.356
324.122
312.167
310.916
310.654
310.559
310.518
310.529
310.711
311.866
323.707
324.951
325.238
325.375
325.476
325.565
325.652
325.74
325.828
325.917
326.003
326.073
326.077
325.729
325.714
325.665
325.491
324.56
315.36
314.387
314.182
314.11
314.081
314.095
314.241
315.143
324.286
325.252
325.477
325.587
325.672
325.749
325.824
325.899
325.976
326.054
326.129
326.178
326.106
325.301
325.737
325.705
325.603
325.05
319.727
319.143
319.018
318.977
318.965
318.982
319.084
319.64
324.958
325.555
325.708
325.791
325.86
325.924
325.988
326.051
326.116
326.182
326.243
326.269
326.127
324.931
325.739
325.723
325.684
325.47
323.634
323.405
323.357
323.347
323.353
323.374
323.435
323.675
325.539
325.799
325.887
325.946
326
326.053
326.105
326.158
326.213
326.268
326.317
326.326
326.142
324.765
325.729
325.725
325.728
325.724
325.917
325.91
325.913
325.925
325.943
325.967
326
326.046
325.897
325.947
325.993
326.036
326.079
326.124
326.169
326.215
326.261
326.306
326.344
326.341
326.141
324.784
325.716
325.72
325.742
325.814
326.571
326.645
326.671
326.694
326.718
326.743
326.765
326.742
326.035
326.011
326.038
326.072
326.109
326.149
326.189
326.23
326.271
326.31
326.339
326.326
326.121
324.776
325.705
325.713
325.74
325.807
326.34
326.409
326.44
326.466
326.491
326.516
326.537
326.52
326.04
326.023
326.047
326.077
326.111
326.148
326.186
326.224
326.261
326.296
326.32
326.301
326.096
324.776
325.698
325.707
325.733
325.776
325.956
325.999
326.027
326.053
326.078
326.103
326.126
326.136
326.01
326.02
326.046
326.075
326.107
326.142
326.178
326.214
326.25
326.282
326.303
326.285
326.096
324.879
325.693
325.703
325.728
325.755
325.751
325.776
325.802
325.827
325.852
325.878
325.904
325.931
325.99
326.018
326.046
326.075
326.106
326.139
326.173
326.207
326.241
326.272
326.293
326.281
326.131
325.151
325.69
325.701
325.726
325.751
325.719
325.741
325.766
325.792
325.817
325.844
325.872
325.903
325.99
326.023
326.051
326.08
326.109
326.14
326.172
326.205
326.237
326.267
326.289
326.288
326.193
325.555
325.687
325.699
325.726
325.753
325.754
325.778
325.804
325.829
325.856
325.883
325.911
325.941
325.998
326.029
326.057
326.085
326.113
326.142
326.173
326.203
326.234
326.263
326.287
326.298
326.259
325.964
325.686
325.699
325.727
325.757
325.783
325.81
325.836
325.863
325.89
325.918
325.946
325.974
326.007
326.035
326.062
326.09
326.117
326.145
326.174
326.203
326.232
326.261
326.286
326.306
326.309
326.258
325.684
325.699
325.728
325.76
325.793
325.821
325.848
325.876
325.903
325.931
325.959
325.987
326.013
326.041
326.067
326.094
326.12
326.147
326.175
326.203
326.231
326.258
326.284
326.309
326.335
326.398
325.684
325.699
325.729
325.761
325.793
325.821
325.85
325.877
325.905
325.933
325.961
325.989
326.017
326.045
326.071
326.097
326.123
326.15
326.176
326.203
326.23
326.256
326.282
326.309
326.342
326.427
325.684
325.7
325.73
325.762
325.792
325.821
325.85
325.878
325.906
325.934
325.962
325.99
326.02
326.049
326.075
326.101
326.126
326.152
326.178
326.203
326.229
326.255
326.281
326.307
326.339
326.408
325.684
325.701
325.731
325.764
325.793
325.822
325.851
325.88
325.908
325.937
325.965
325.993
326.024
326.052
326.078
326.104
326.129
326.154
326.179
326.204
326.229
326.254
326.28
326.306
326.336
326.386
325.685
325.702
325.733
325.765
325.795
325.824
325.854
325.883
325.912
325.94
325.969
325.997
326.027
326.055
326.081
326.107
326.132
326.157
326.181
326.206
326.23
326.255
326.28
326.305
326.333
326.376
325.686
325.703
325.734
325.766
325.797
325.827
325.857
325.887
325.916
325.944
325.973
326.001
326.03
326.058
326.084
326.11
326.135
326.16
326.184
326.208
326.232
326.256
326.281
326.306
326.333
326.375
325.688
325.705
325.736
325.768
325.799
325.83
325.861
325.891
325.92
325.949
325.977
326.005
326.033
326.061
326.088
326.114
326.139
326.163
326.187
326.211
326.235
326.259
326.283
326.308
326.335
326.378
325.692
325.709
325.741
325.773
325.805
325.836
325.867
325.897
325.927
325.956
325.984
326.012
326.04
326.068
326.094
326.12
326.145
326.17
326.194
326.217
326.241
326.265
326.289
326.313
326.34
326.383
325.709
325.73
325.762
325.795
325.827
325.859
325.89
325.92
325.95
325.979
326.007
326.035
326.063
326.09
326.117
326.143
326.168
326.193
326.217
326.241
326.265
326.289
326.312
326.336
326.362
326.401
327.648
327.737
327.819
327.789
327.747
326.887
312.204
311.261
311.16
311.79
324.804
325.276
325.078
324.931
324.789
324.728
324.726
324.764
324.834
324.931
325.047
325.176
325.309
325.44
325.568
325.697
327.586
327.611
327.603
327.462
327.448
326.634
312.305
311.392
311.347
312.143
326.265
326.996
326.794
326.589
326.334
326.138
325.98
325.854
325.765
325.716
325.703
325.719
325.758
325.812
325.879
325.963
327.369
327.24
327.044
326.837
327.085
326.355
311.767
310.799
310.774
311.692
326.539
327.408
327.034
326.863
326.682
326.569
326.478
326.394
326.319
326.256
326.209
326.179
326.168
326.175
326.201
326.251
326.877
326.569
326.163
325.949
326.197
325.521
312.971
312.052
312.031
312.979
326.762
328.053
327.899
327.728
327.361
327.029
326.776
326.6
326.485
326.411
326.364
326.338
326.331
326.344
326.378
326.44
326.053
325.742
325.31
324.312
302.101
299.445
297.822
297.391
297.398
297.867
299.654
302.646
327.593
328.126
327.597
327.178
326.835
326.588
326.456
326.408
326.419
326.46
326.523
326.606
326.715
326.853
325.151
325.157
325.189
324.328
299.626
296.561
295.715
295.47
295.477
295.748
296.676
300.04
327.116
328.145
327.797
327.432
327.14
326.944
326.831
326.798
326.847
326.941
327.047
327.148
327.247
327.347
324.538
324.874
325.239
324.587
299.168
295.969
295.207
295.005
295.011
295.234
296.064
299.533
327.01
328.118
327.841
327.509
327.235
327.037
326.911
326.851
326.847
326.879
326.93
326.992
327.048
327.1
324.345
324.791
325.294
324.782
299.072
295.827
295.073
294.88
294.885
295.098
295.916
299.417
326.986
328.098
327.819
327.441
327.118
326.874
326.709
326.615
326.578
326.578
326.608
326.647
326.685
326.727
324.213
324.666
325.167
324.686
299.043
295.806
295.057
294.867
294.872
295.082
295.898
299.41
327.045
328.189
327.885
327.522
327.172
326.887
326.681
326.555
326.489
326.468
326.472
326.488
326.511
326.545
324.217
324.571
324.937
324.35
299.052
295.866
295.133
294.948
294.953
295.158
295.967
299.478
327.25
328.525
328.199
327.829
327.429
327.093
326.841
326.687
326.601
326.554
326.534
326.531
326.542
326.57
324.687
324.717
324.751
323.955
299.224
296.157
295.461
295.286
295.287
295.478
296.253
299.703
327.579
329.103
328.89
328.168
327.67
327.303
327.054
326.893
326.793
326.735
326.708
326.703
326.715
326.745
325.507
325.204
324.754
323.691
300.258
297.527
296.921
296.757
296.741
296.887
297.544
300.659
327.711
328.758
328.326
327.859
327.483
327.221
327.05
326.948
326.894
326.873
326.876
326.897
326.931
326.979
326.275
325.883
325.225
324.123
310.155
308.98
308.589
308.354
308.187
308.112
308.297
309.601
325.783
326.815
326.877
326.829
326.791
326.781
326.796
326.83
326.878
326.934
326.996
327.063
327.131
327.2
326.787
326.51
325.935
324.691
310.833
309.831
309.557
309.42
309.34
309.325
309.479
310.449
324.904
325.977
326.252
326.399
326.518
326.63
326.741
326.85
326.954
327.055
327.152
327.243
327.328
327.397
327.039
326.893
326.496
325.291
310.826
309.834
309.597
309.486
309.422
309.409
309.539
310.452
325.074
326.14
326.428
326.587
326.709
326.82
326.927
327.031
327.133
327.233
327.329
327.419
327.495
327.518
327.159
327.086
326.829
325.754
310.882
309.88
309.66
309.564
309.51
309.501
309.623
310.519
325.275
326.296
326.557
326.705
326.822
326.929
327.034
327.139
327.243
327.346
327.446
327.537
327.604
327.585
327.229
327.184
327.006
326.099
312.267
311.339
311.141
311.057
311.013
311.008
311.12
311.943
325.644
326.566
326.791
326.919
327.021
327.115
327.207
327.3
327.394
327.489
327.582
327.664
327.697
327.416
327.273
327.243
327.123
326.449
315.816
315.093
314.939
314.876
314.845
314.845
314.938
315.582
326.15
326.866
327.041
327.144
327.23
327.311
327.39
327.47
327.552
327.636
327.719
327.784
327.764
327.14
327.293
327.276
327.21
326.816
320.711
320.281
320.188
320.154
320.141
320.15
320.218
320.617
326.716
327.16
327.282
327.361
327.432
327.5
327.566
327.633
327.703
327.774
327.843
327.889
327.817
326.907
327.292
327.288
327.267
327.12
325.076
324.913
324.881
324.875
324.882
324.9
324.946
325.122
327.196
327.393
327.467
327.525
327.581
327.636
327.692
327.748
327.806
327.865
327.923
327.954
327.851
326.819
327.279
327.285
327.295
327.3
327.591
327.594
327.602
327.617
327.636
327.66
327.691
327.731
327.487
327.531
327.575
327.618
327.664
327.711
327.759
327.807
327.856
327.906
327.951
327.97
327.854
326.877
327.264
327.277
327.301
327.36
328.271
328.333
328.359
328.384
328.409
328.436
328.461
328.454
327.598
327.589
327.619
327.655
327.694
327.736
327.779
327.822
327.866
327.908
327.945
327.954
327.832
326.872
327.253
327.269
327.296
327.353
327.973
328.031
328.062
328.089
328.116
328.143
328.167
328.165
327.602
327.599
327.626
327.658
327.695
327.733
327.774
327.814
327.855
327.892
327.923
327.925
327.8
326.859
327.245
327.263
327.291
327.33
327.529
327.568
327.596
327.623
327.65
327.677
327.703
327.719
327.578
327.596
327.624
327.656
327.69
327.726
327.765
327.804
327.842
327.877
327.904
327.904
327.789
326.92
327.24
327.259
327.287
327.316
327.301
327.328
327.354
327.381
327.408
327.435
327.463
327.491
327.565
327.595
327.625
327.656
327.689
327.723
327.759
327.796
327.832
327.866
327.892
327.895
327.805
327.106
327.236
327.257
327.286
327.313
327.272
327.296
327.323
327.35
327.377
327.405
327.434
327.466
327.567
327.6
327.63
327.66
327.692
327.724
327.758
327.793
327.828
327.86
327.887
327.897
327.843
327.391
327.234
327.255
327.286
327.316
327.313
327.34
327.368
327.395
327.423
327.452
327.482
327.512
327.576
327.607
327.636
327.666
327.696
327.727
327.759
327.792
327.825
327.856
327.883
327.901
327.884
327.681
327.232
327.254
327.286
327.319
327.347
327.375
327.404
327.432
327.46
327.49
327.52
327.55
327.584
327.614
327.643
327.671
327.7
327.73
327.761
327.792
327.823
327.853
327.881
327.904
327.916
327.887
327.231
327.254
327.287
327.321
327.357
327.387
327.416
327.445
327.474
327.504
327.534
327.563
327.59
327.619
327.648
327.676
327.704
327.733
327.762
327.791
327.821
327.85
327.878
327.905
327.931
327.985
327.23
327.255
327.288
327.323
327.357
327.387
327.417
327.446
327.476
327.505
327.536
327.565
327.594
327.624
327.652
327.679
327.707
327.735
327.763
327.791
327.82
327.848
327.876
327.903
327.935
328.003
327.231
327.255
327.289
327.324
327.355
327.386
327.417
327.447
327.476
327.506
327.536
327.566
327.598
327.628
327.656
327.683
327.71
327.737
327.765
327.792
327.819
327.847
327.874
327.901
327.932
327.988
327.231
327.256
327.291
327.325
327.356
327.387
327.418
327.449
327.479
327.509
327.539
327.569
327.601
327.631
327.659
327.687
327.713
327.74
327.766
327.793
327.819
327.846
327.873
327.9
327.929
327.972
327.232
327.257
327.292
327.327
327.358
327.39
327.421
327.452
327.483
327.513
327.543
327.573
327.604
327.634
327.663
327.69
327.716
327.743
327.768
327.794
327.82
327.846
327.873
327.899
327.928
327.964
327.233
327.259
327.293
327.328
327.36
327.393
327.424
327.456
327.487
327.517
327.547
327.577
327.607
327.637
327.666
327.693
327.719
327.745
327.771
327.796
327.822
327.848
327.874
327.9
327.928
327.964
327.234
327.26
327.295
327.33
327.363
327.395
327.428
327.459
327.491
327.521
327.551
327.581
327.611
327.64
327.669
327.696
327.723
327.749
327.774
327.799
327.824
327.85
327.876
327.901
327.929
327.966
327.237
327.264
327.298
327.333
327.367
327.4
327.433
327.465
327.496
327.527
327.557
327.586
327.616
327.645
327.674
327.701
327.728
327.754
327.779
327.804
327.83
327.855
327.88
327.906
327.933
327.97
327.248
327.277
327.312
327.348
327.382
327.416
327.449
327.481
327.512
327.543
327.573
327.603
327.632
327.661
327.689
327.717
327.744
327.77
327.796
327.821
327.846
327.871
327.897
327.922
327.948
327.982
)
;

boundaryField
{
    concrete_to_air
    {
        type            compressible::turbulentTemperatureRadCoupledMixed;
        refValue        nonuniform List<scalar> 
898
(
313.313
313.36
313.388
313.396
313.42
313.441
313.208
312.907
312.581
312.302
312.26
312.236
312.219
312.211
312.209
312.212
312.22
312.231
312.245
312.261
312.279
312.299
312.32
312.341
312.364
312.386
313.261
313.263
313.228
313.169
313.171
313.199
313.046
312.905
312.766
312.635
312.702
312.76
312.799
312.818
312.816
312.796
312.764
312.726
312.688
312.655
312.628
312.608
312.596
312.591
312.592
312.597
313.121
313.055
312.949
312.852
312.876
312.925
312.753
312.602
312.474
312.372
312.511
312.64
312.746
312.833
312.901
312.946
312.967
312.968
312.953
312.93
312.904
312.879
312.858
312.844
312.836
312.835
312.853
312.739
312.613
312.572
312.681
312.816
312.607
312.419
312.278
312.195
312.545
312.858
313.094
313.239
313.312
313.336
313.33
313.304
313.268
313.228
313.189
313.153
313.124
313.103
313.092
313.091
312.487
312.405
312.353
312.442
313.991
313.715
313.511
313.4
313.335
313.333
313.347
313.358
313.357
313.356
313.36
313.372
313.389
313.409
312.137
312.149
312.222
312.454
313.621
313.298
313.117
313.022
312.975
312.959
312.958
312.969
312.989
312.996
312.983
312.945
312.934
312.927
311.875
311.977
312.149
312.521
313.436
313.051
312.845
312.717
312.632
312.573
312.533
312.509
312.496
312.488
312.484
312.485
312.492
312.501
311.662
311.81
312.044
312.523
313.333
312.923
312.701
312.546
312.438
312.358
312.301
312.265
312.244
312.236
312.237
312.245
312.257
312.271
311.466
311.631
311.883
312.397
313.327
312.877
312.644
312.511
312.4
312.306
312.235
312.19
312.164
312.154
312.154
312.161
312.173
312.188
311.439
311.589
311.81
312.254
313.431
312.99
312.734
312.614
312.482
312.368
312.279
312.226
312.199
312.186
312.183
312.189
312.202
312.219
311.597
311.667
311.796
312.116
313.669
313.356
313.102
312.769
312.584
312.455
312.371
312.321
312.294
312.283
312.285
312.296
312.316
312.341
311.874
311.858
311.873
312.06
313.654
313.168
312.833
312.621
312.486
312.41
312.373
312.361
312.366
312.382
312.408
312.441
312.481
312.526
312.165
312.115
312.056
312.097
311.916
311.705
311.492
311.29
311.107
310.949
310.825
310.78
311.261
311.56
311.767
311.923
312.048
312.153
312.243
312.324
312.398
312.469
312.539
312.61
312.683
312.755
312.411
312.385
312.322
312.276
312.089
311.922
311.773
311.643
311.529
311.431
311.349
311.29
311.495
311.681
311.845
311.991
312.124
312.247
312.36
312.466
312.567
312.664
312.759
312.853
312.946
313.027
312.612
312.624
312.597
312.546
312.347
312.177
312.029
311.901
311.789
311.691
311.607
311.544
311.712
311.879
312.036
312.184
312.324
312.456
312.581
312.7
312.814
312.924
313.03
313.132
313.224
313.276
312.809
312.841
312.85
312.831
312.636
312.462
312.31
312.178
312.062
311.96
311.872
311.804
311.953
312.105
312.254
312.399
312.54
312.677
312.808
312.935
313.058
313.176
313.287
313.387
313.46
313.432
313.007
313.046
313.074
313.084
312.918
312.764
312.626
312.505
312.399
312.306
312.226
312.165
312.3
312.44
312.579
312.717
312.851
312.982
313.109
313.231
313.348
313.459
313.56
313.639
313.664
313.481
313.172
313.215
313.254
313.284
313.172
313.065
312.967
312.882
312.808
312.746
312.695
312.661
312.776
312.897
313.018
313.138
313.255
313.37
313.48
313.586
313.687
313.783
313.867
313.924
313.915
313.666
313.268
313.319
313.368
313.412
313.371
313.329
313.292
313.261
313.237
313.222
313.215
313.221
313.311
313.406
313.501
313.594
313.686
313.776
313.862
313.945
314.024
314.098
314.164
314.201
314.169
313.881
313.298
313.356
313.413
313.467
313.49
313.51
313.529
313.551
313.576
313.605
313.639
313.678
313.748
313.819
313.889
313.959
314.027
314.094
314.158
314.22
314.28
314.336
314.389
314.417
314.379
314.091
313.29
313.352
313.413
313.473
313.533
313.591
313.647
313.703
313.758
313.815
313.872
313.931
313.988
314.043
314.098
314.152
314.205
314.257
314.308
314.357
314.405
314.451
314.496
314.537
314.552
314.469
313.273
313.336
313.397
313.459
313.531
313.601
313.669
313.736
313.802
313.867
313.932
313.995
314.046
314.096
314.145
314.194
314.241
314.288
314.333
314.378
314.422
314.465
314.507
314.548
314.581
314.578
313.261
313.323
313.384
313.445
313.513
313.58
313.646
313.711
313.775
313.838
313.899
313.959
314.01
314.06
314.109
314.157
314.204
314.25
314.295
314.34
314.384
314.427
314.469
314.51
314.549
314.575
313.254
313.315
313.375
313.435
313.496
313.557
313.618
313.677
313.736
313.794
313.85
313.906
313.958
314.009
314.059
314.108
314.157
314.204
314.25
314.296
314.341
314.384
314.427
314.469
314.509
314.54
313.25
313.31
313.37
313.428
313.486
313.543
313.6
313.656
313.711
313.766
313.819
313.872
313.925
313.976
314.027
314.077
314.126
314.173
314.221
314.267
314.312
314.356
314.4
314.442
314.483
314.517
313.247
313.306
313.365
313.423
313.48
313.536
313.591
313.646
313.7
313.754
313.806
313.858
313.911
313.962
314.013
314.062
314.111
314.159
314.206
314.252
314.298
314.342
314.386
314.429
314.471
314.507
313.243
313.303
313.361
313.419
313.476
313.532
313.587
313.642
313.696
313.749
313.801
313.853
313.905
313.956
314.006
314.055
314.104
314.152
314.198
314.245
314.29
314.335
314.378
314.421
314.463
314.503
313.24
313.299
313.358
313.415
313.472
313.528
313.583
313.638
313.692
313.745
313.798
313.849
313.901
313.951
314.001
314.05
314.098
314.145
314.192
314.238
314.283
314.328
314.372
314.415
314.458
314.499
313.238
313.297
313.355
313.412
313.468
313.524
313.579
313.634
313.687
313.74
313.793
313.845
313.895
313.946
313.995
314.044
314.092
314.139
314.186
314.232
314.277
314.322
314.365
314.409
314.451
314.493
313.236
313.294
313.352
313.409
313.465
313.521
313.576
313.63
313.683
313.736
313.788
313.84
313.89
313.94
313.99
314.038
314.086
314.133
314.18
314.226
314.271
314.315
314.359
314.402
314.445
314.488
313.234
313.292
313.35
313.407
313.463
313.518
313.573
313.626
313.68
313.732
313.784
313.835
313.886
313.936
313.985
314.033
314.081
314.128
314.175
314.22
314.266
314.31
314.354
314.397
314.44
314.482
313.232
313.29
313.348
313.404
313.46
313.515
313.57
313.624
313.677
313.729
313.781
313.832
313.882
313.932
313.981
314.029
314.077
314.124
314.17
314.216
314.261
314.305
314.349
314.392
314.435
314.477
313.231
313.289
313.346
313.403
313.458
313.513
313.568
313.621
313.674
313.726
313.778
313.829
313.879
313.929
313.978
314.026
314.073
314.12
314.167
314.212
314.257
314.302
314.345
314.389
314.431
314.473
313.229
313.288
313.345
313.401
313.457
313.512
313.566
313.619
313.672
313.724
313.775
313.826
313.876
313.926
313.975
314.023
314.07
314.117
314.163
314.209
314.254
314.298
314.342
314.385
314.428
314.47
313.228
313.286
313.343
313.4
313.455
313.51
313.564
313.617
313.67
313.722
313.773
313.824
313.874
313.923
313.972
314.02
314.068
314.115
314.161
314.206
314.251
314.295
314.339
314.382
314.425
314.467
313.228
313.285
313.342
313.399
313.454
313.509
313.563
313.616
313.669
313.721
313.772
313.822
313.872
313.922
313.97
314.018
314.066
314.113
314.159
314.204
314.249
314.293
314.337
314.38
314.423
314.465
313.227
313.285
313.342
313.398
313.454
313.508
313.562
313.615
313.668
313.72
313.771
313.822
313.872
313.921
313.97
314.018
314.065
314.112
314.158
314.203
314.248
314.293
314.336
314.379
314.422
314.464
)
;
        refGradient     nonuniform List<scalar> 
898
(
58.4642
58.8678
59.6425
60.6035
62.253
65.8747
-3.27598
-0.0539663
0.425288
-1.51923
76.2232
74.6687
74.043
73.8661
73.2503
72.7131
72.17
71.5835
70.9705
70.3719
69.7965
69.2358
68.6803
68.127
67.5761
67.0128
58.662
59.4446
61.0297
63.0512
65.5229
69.195
-1.58339
1.27476
1.6154
-0.631258
71.3521
68.3823
66.7389
66.2625
65.8535
65.9282
66.1889
66.4709
66.7004
66.853
66.9138
66.8734
66.7317
66.4993
66.1903
65.7991
59.3356
60.6499
63.2708
66.4102
70.8088
74.2373
-3.23439
-0.90973
-0.518359
-2.28294
74.4473
70.6642
66.3397
64.9687
64.0753
63.8472
63.8815
64.0463
64.2691
64.4962
64.6822
64.7961
64.8214
64.7568
64.6028
64.3469
61.3591
63.2176
66.3575
69.6769
82.5222
85.2188
13.4498
14.6718
14.9254
13.855
80.9331
76.0281
61.6434
60.0142
60.4202
61.4292
62.2951
62.9364
63.3755
63.6701
63.8532
63.9452
63.9534
63.8765
63.709
63.4302
64.7864
66.254
68.2018
71.8443
57.7733
55.8176
58.2969
60.2067
61.7725
62.9237
63.4942
63.6634
63.5798
63.378
63.0843
62.692
62.1785
61.5284
69.2643
69.3046
69.1233
71.5975
60.2508
56.4367
57.7786
59.2549
60.4837
61.2943
61.7349
61.8091
61.5193
61.0427
60.5198
60.0439
59.5778
59.1234
72.0199
70.4676
68.6765
70.0854
60.4579
56.5246
57.5476
58.8373
59.9701
60.7935
61.3091
61.5252
61.4946
61.3243
61.0671
60.7735
60.5225
60.3077
72.6969
70.6585
68.2283
68.9471
60.3559
56.5559
57.6208
59.1396
60.4987
61.5463
62.2597
62.6485
62.7856
62.7545
62.5951
62.4022
62.224
62.0465
73.1627
71.1053
68.6596
69.2218
59.9482
56.0263
57.2426
58.684
60.1591
61.4012
62.3224
62.8808
63.1569
63.2217
63.1762
63.0846
62.9713
62.8268
73.0815
71.4625
69.6304
70.691
58.9287
54.2888
55.6302
57.1091
58.8334
60.3218
61.4689
62.1695
62.5485
62.7422
62.8148
62.8082
62.7467
62.6294
70.8685
70.7626
70.4837
72.5455
57.3209
51.2339
51.9793
55.327
57.5639
59.2103
60.3447
61.0877
61.549
61.807
61.9194
61.9305
61.8696
61.7425
66.9767
68.4799
70.5721
74.046
56.3758
52.6803
54.6302
56.71
58.3752
59.5286
60.285
60.7508
61.0039
61.0992
61.0791
60.9787
60.8224
60.6171
63.3635
65.2643
68.2392
71.9176
-3.09809
-0.276802
0.608792
1.20856
1.71009
2.05008
1.84273
-1.31957
64.1449
61.4328
61.3928
61.5875
61.6786
61.6447
61.5181
61.3279
61.0914
60.8188
60.5196
60.2063
59.8908
59.5834
60.952
62.2641
64.7976
69.3454
-4.1799
-1.57173
-0.957991
-0.649234
-0.418335
-0.271598
-0.459875
-2.94484
68.3436
65.1333
64.1684
63.5257
62.924
62.3382
61.7754
61.2409
60.7341
60.2522
59.7941
59.3661
58.9817
58.6713
59.8081
60.4683
62.1295
66.5813
-5.93938
-3.2174
-2.60603
-2.3272
-2.12224
-1.99184
-2.19525
-4.69202
67.4803
64.1058
63.0853
62.4513
61.883
61.3417
60.8235
60.3265
59.8474
59.3852
58.943
58.5363
58.2026
58.1003
59.3077
59.5981
60.5882
64.4413
-7.35421
-4.56129
-3.95203
-3.69939
-3.52157
-3.41617
-3.64915
-6.16898
66.6167
63.3365
62.409
61.855
61.3417
60.8272
60.3173
59.8173
59.3279
58.85
58.3912
57.9783
57.6819
57.7955
59.0454
59.1852
59.8106
62.9788
-2.64416
-0.00487573
0.581323
0.819226
0.978418
1.06029
0.814613
-1.56957
65.0703
62.0698
61.2558
60.795
60.3725
59.9376
59.4937
59.0484
58.6038
58.162
57.7349
57.3723
57.2438
58.4635
58.8825
58.9515
59.3456
61.6659
12.0735
14.2098
14.7119
14.9219
15.0513
15.0981
14.8624
12.9071
63.0779
60.7171
60.0633
59.6909
59.3514
58.9952
58.6204
58.2345
57.8413
57.4438
57.0593
56.7608
56.8261
59.2518
58.8162
58.8318
59.0332
60.3801
32.827
34.1662
34.4972
34.6334
34.7012
34.6951
34.4893
33.2034
60.9107
59.4122
58.9372
58.6396
58.3663
58.0795
57.7729
57.4507
57.1172
56.7766
56.4471
56.2222
56.4709
59.8766
58.8344
58.8035
58.8455
59.3373
50.9422
51.4698
51.5985
51.6336
51.6231
51.5605
51.3922
50.781
59.0841
58.3864
58.0815
57.8534
57.6363
57.4081
57.1608
56.8952
56.6155
56.3275
56.0491
55.881
56.2325
60.0244
58.8975
58.8328
58.7697
58.7341
60.8258
60.8116
60.7868
60.7392
60.6676
60.5666
60.4299
60.2625
57.9789
57.7813
57.5888
57.406
57.2235
57.0324
56.826
56.6028
56.3667
56.1262
55.903
55.7801
56.1448
59.5267
58.9638
58.8795
58.7659
58.5392
62.954
62.7338
62.633
62.5397
62.436
62.3183
62.1984
62.1892
57.5526
57.5334
57.3912
57.2321
57.0686
56.8999
56.7211
56.5291
56.325
56.1168
55.9279
55.8414
56.2186
59.5005
59.0143
58.9204
58.7925
58.5735
61.2472
61.0321
60.9129
60.8044
60.6918
60.5729
60.4587
60.4323
57.5302
57.4972
57.3638
57.2126
57.0565
56.8981
56.7351
56.5642
56.3847
56.203
56.0418
55.9809
56.3628
59.5704
59.0479
58.9494
58.8214
58.662
59.238
59.0838
58.9671
58.855
58.7412
58.6246
58.5093
58.4205
57.6107
57.514
57.375
57.2264
57.0743
56.9219
56.7692
56.6136
56.4532
56.292
56.1494
56.096
56.4446
59.4029
59.0707
58.969
58.842
58.7195
58.3157
58.1984
58.0832
57.968
57.8526
57.7368
57.6191
57.4911
57.6543
57.5179
57.3751
57.2291
57.081
56.9335
56.7881
56.6435
56.4979
56.3531
56.2233
56.1652
56.4317
58.8068
59.0871
58.9825
58.8537
58.7371
58.2585
58.1449
58.0253
57.9045
57.785
57.6672
57.5472
57.4095
57.6405
57.496
57.3536
57.2108
57.0671
56.9241
56.7839
56.6469
56.5118
56.3788
56.2564
56.1835
56.3299
57.8556
59.0993
58.9918
58.8597
58.735
58.4594
58.335
58.2084
58.0814
57.9572
57.8363
57.7149
57.5811
57.6034
57.4655
57.3262
57.187
57.0475
56.9088
56.7729
56.6411
56.513
56.3882
56.2702
56.18
56.2039
56.8787
59.1083
58.9983
58.8627
58.7295
58.5884
58.4533
58.3206
58.1887
58.0604
57.9364
57.8135
57.6843
57.5675
57.4367
57.3004
57.1642
57.0282
56.8932
56.7607
56.6324
56.5087
56.3887
56.2731
56.169
56.1018
56.1745
59.1147
59.0027
58.8641
58.7256
58.6096
58.4683
58.3314
58.1962
58.0649
57.9383
57.8139
57.6864
57.5405
57.4136
57.2798
57.1459
57.0129
56.8811
56.7517
56.626
56.5048
56.3876
56.2737
56.1628
56.049
55.8426
59.1194
59.0056
58.8644
58.7225
58.5873
58.4426
58.3032
58.166
58.0327
57.9038
57.7776
57.6497
57.5193
57.394
57.2623
57.1305
56.9996
56.8703
56.7433
56.6195
56.4996
56.384
56.2718
56.1602
56.0346
55.7812
59.1227
59.0073
58.8635
58.7187
58.5663
58.4195
58.2784
58.14
58.0052
57.8744
57.7465
57.6176
57.5009
57.3766
57.2468
57.1168
56.9878
56.8604
56.7351
56.6127
56.4939
56.3795
56.2691
56.1598
56.039
55.8319
59.1251
59.008
58.8616
58.7137
58.5556
58.4072
58.2648
58.1256
57.9897
57.8573
57.7278
57.5982
57.4838
57.3602
57.2322
57.104
56.9765
56.8504
56.7264
56.605
56.4873
56.3739
56.2652
56.1585
56.0449
55.8848
59.1266
59.0077
58.8587
58.7078
58.5499
58.4002
58.2568
58.1169
57.9801
57.8466
57.7158
57.5856
57.4679
57.3446
57.2182
57.0918
56.9658
56.8407
56.7175
56.5971
56.4805
56.3683
56.2608
56.1557
56.0461
55.9061
59.1273
59.0063
58.8547
58.7011
58.5442
58.3937
58.2494
58.1088
57.9713
57.8369
57.7051
57.5745
57.4531
57.3297
57.2045
57.0796
56.955
56.8309
56.7085
56.5891
56.4736
56.3627
56.2558
56.1511
56.0423
55.9038
59.1262
59.0027
58.8487
58.6927
58.5363
58.3853
58.2401
58.0988
57.9607
57.8255
57.6931
57.5622
57.4381
57.3142
57.1898
57.0661
56.9427
56.8197
56.6984
56.5802
56.4659
56.3559
56.2494
56.1444
56.0349
55.8929
59.1195
58.9921
58.8355
58.6776
58.5212
58.3699
58.2239
58.0818
57.943
57.8073
57.6743
57.5432
57.4173
57.2925
57.1684
57.0454
56.9231
56.8015
56.6815
56.5645
56.4514
56.342
56.2355
56.13
56.0201
55.877
59.0835
58.9468
58.7867
58.6269
58.4704
58.3187
58.1718
58.0288
57.8893
57.7529
57.6194
57.4882
57.3607
57.2349
57.1107
56.9879
56.8664
56.7461
56.6276
56.5121
56.3999
56.291
56.1843
56.0785
55.9696
55.833
)
;
        valueFraction   nonuniform List<scalar> 
898
(
0.123996
0.124211
0.125243
0.127546
0.129387
0.130613
0.13751
0.144861
0.156571
0.167339
0.170226
0.176119
0.18017
0.18242
0.183246
0.18292
0.1817
0.1798
0.177405
0.174715
0.171856
0.168929
0.166018
0.163188
0.160481
0.157926
0.124191
0.125522
0.128868
0.134533
0.137741
0.139205
0.144559
0.144892
0.145606
0.146569
0.142721
0.143799
0.145286
0.147125
0.149365
0.151838
0.154263
0.156335
0.157839
0.158685
0.158885
0.158514
0.157677
0.156484
0.155041
0.153433
0.126488
0.130156
0.137511
0.145974
0.148737
0.148829
0.153207
0.152309
0.151252
0.150143
0.144086
0.14343
0.143422
0.143544
0.143888
0.14452
0.14544
0.14657
0.147758
0.148842
0.14968
0.15018
0.150302
0.150047
0.149455
0.148581
0.133994
0.140669
0.151437
0.157404
0.159984
0.157308
0.156578
0.150329
0.144107
0.138412
0.129011
0.124512
0.120631
0.123738
0.130146
0.136664
0.141608
0.144923
0.146979
0.148227
0.148931
0.149227
0.149169
0.148772
0.148042
0.147005
0.148362
0.154425
0.161615
0.160139
0.094469
0.110056
0.124223
0.133107
0.140439
0.146195
0.149297
0.150349
0.149922
0.148865
0.147397
0.145539
0.143158
0.140334
0.167244
0.166431
0.161766
0.150467
0.0981086
0.107958
0.117876
0.125018
0.130625
0.134383
0.13657
0.137145
0.135931
0.13363
0.130973
0.128428
0.126254
0.124368
0.179128
0.170687
0.158286
0.14074
0.0965825
0.106639
0.115141
0.121191
0.125936
0.129302
0.13141
0.132296
0.132127
0.131337
0.130178
0.128867
0.127848
0.127183
0.180266
0.169999
0.15502
0.134114
0.0954629
0.106162
0.114751
0.121766
0.127446
0.131691
0.134551
0.136092
0.136598
0.136429
0.135716
0.134911
0.13424
0.133734
0.18087
0.170857
0.156133
0.134865
0.093858
0.103967
0.113173
0.119772
0.125872
0.130853
0.134502
0.136704
0.137788
0.138036
0.137869
0.137553
0.137196
0.136859
0.180658
0.172783
0.160943
0.142407
0.0901245
0.0975175
0.107242
0.113627
0.120558
0.126451
0.130995
0.133757
0.135267
0.1361
0.136487
0.136579
0.136488
0.136311
0.170664
0.170234
0.165871
0.152809
0.084493
0.0861293
0.0926755
0.106762
0.115538
0.122051
0.126551
0.129536
0.131455
0.13261
0.133215
0.133434
0.133398
0.13324
0.153409
0.160385
0.168046
0.164182
0.0806215
0.0910355
0.102805
0.111571
0.118373
0.123157
0.12638
0.128441
0.129657
0.130259
0.130415
0.130263
0.12992
0.129527
0.138515
0.146851
0.159063
0.163967
0.172379
0.168585
0.160549
0.150483
0.139664
0.129536
0.121873
0.11934
0.117786
0.122884
0.12678
0.129269
0.130672
0.131293
0.131374
0.131085
0.130543
0.129828
0.128996
0.128109
0.12723
0.126503
0.129612
0.135005
0.144499
0.153684
0.161842
0.161384
0.159206
0.15646
0.15371
0.151325
0.149456
0.147895
0.142135
0.141164
0.140017
0.138561
0.136905
0.135171
0.133448
0.13179
0.130218
0.128741
0.12736
0.126099
0.125
0.124263
0.126368
0.12891
0.134106
0.141564
0.15081
0.152672
0.152837
0.15206
0.150748
0.149179
0.147507
0.145664
0.139049
0.137418
0.13601
0.13464
0.133278
0.131926
0.130583
0.129258
0.127959
0.126694
0.125475
0.124345
0.123362
0.12294
0.125879
0.126883
0.129154
0.133187
0.141409
0.143687
0.14485
0.145281
0.145191
0.144744
0.144047
0.143035
0.137089
0.135971
0.134944
0.133852
0.132688
0.131463
0.130196
0.128903
0.127597
0.126289
0.124987
0.123734
0.122594
0.122545
0.126351
0.126758
0.12774
0.129652
0.136086
0.137814
0.138941
0.139619
0.139915
0.1399
0.139625
0.139002
0.133841
0.133053
0.132331
0.131538
0.130666
0.12972
0.128706
0.12763
0.126493
0.125291
0.124013
0.122685
0.121352
0.122634
0.126958
0.127141
0.127618
0.128562
0.133012
0.13406
0.134813
0.135338
0.135643
0.135744
0.135654
0.135291
0.131457
0.130928
0.130423
0.129836
0.129157
0.128389
0.127535
0.126596
0.125569
0.124445
0.123198
0.121841
0.120412
0.121901
0.127476
0.127556
0.127812
0.128318
0.130835
0.131443
0.131908
0.132252
0.132463
0.132538
0.132473
0.132216
0.129947
0.129519
0.129075
0.128553
0.127951
0.127268
0.126507
0.125664
0.124732
0.123699
0.122537
0.121243
0.119852
0.121307
0.127863
0.127871
0.127995
0.128252
0.129201
0.129532
0.1298
0.129997
0.13011
0.13013
0.130054
0.12986
0.128959
0.128616
0.128225
0.127765
0.127232
0.126627
0.125949
0.125195
0.124357
0.123422
0.122372
0.12119
0.119886
0.12093
0.128145
0.128095
0.128126
0.128229
0.128274
0.128439
0.128584
0.128687
0.128733
0.128712
0.128621
0.128459
0.128333
0.128035
0.127672
0.127245
0.126756
0.126206
0.125596
0.124926
0.124192
0.123396
0.12254
0.121655
0.1208
0.120473
0.128348
0.128247
0.128207
0.128211
0.127961
0.128016
0.128069
0.128096
0.128083
0.128021
0.127907
0.127746
0.127818
0.127545
0.127212
0.126826
0.126389
0.125902
0.125366
0.124784
0.124155
0.123486
0.122787
0.122095
0.121479
0.121221
0.128495
0.128351
0.128255
0.128194
0.127972
0.127955
0.12794
0.127909
0.12785
0.127757
0.127624
0.127455
0.127428
0.127169
0.12686
0.126507
0.126113
0.125678
0.125205
0.124699
0.124164
0.123611
0.123054
0.122529
0.122098
0.121986
0.128599
0.128418
0.128278
0.128168
0.128031
0.127959
0.127889
0.12781
0.127712
0.127589
0.127436
0.127252
0.127085
0.126831
0.126541
0.126216
0.125859
0.12547
0.125054
0.124614
0.124157
0.123692
0.123237
0.122818
0.122486
0.122428
0.128671
0.12846
0.128283
0.128135
0.128023
0.127909
0.127797
0.127681
0.127552
0.127406
0.127237
0.127044
0.126807
0.12656
0.126285
0.125984
0.125656
0.125306
0.124934
0.124547
0.124151
0.123756
0.123377
0.123033
0.122763
0.122707
0.128719
0.128482
0.128275
0.128094
0.127955
0.127806
0.127661
0.127515
0.127361
0.127194
0.127012
0.12681
0.126565
0.126322
0.126058
0.125775
0.125472
0.125151
0.124816
0.124471
0.124122
0.123779
0.123451
0.123155
0.122915
0.122822
0.128749
0.128491
0.128258
0.12805
0.12787
0.127692
0.127521
0.127351
0.127177
0.126994
0.126801
0.126594
0.126362
0.126124
0.125871
0.125602
0.125319
0.125023
0.124718
0.124407
0.124096
0.123791
0.123501
0.123238
0.123015
0.122878
0.128765
0.128489
0.128236
0.128004
0.127792
0.127591
0.127398
0.127208
0.127018
0.126822
0.12662
0.126408
0.126184
0.12595
0.125705
0.125448
0.125181
0.124905
0.124623
0.124338
0.124055
0.12378
0.123517
0.123276
0.123064
0.122893
0.128772
0.128479
0.128209
0.127959
0.127725
0.127506
0.127295
0.12709
0.126886
0.126679
0.126469
0.126253
0.126031
0.1258
0.125561
0.125315
0.125061
0.124802
0.124539
0.124275
0.124015
0.123761
0.123519
0.123295
0.12309
0.122905
0.128771
0.128465
0.12818
0.127915
0.127667
0.127432
0.127207
0.126988
0.126772
0.126557
0.12634
0.126121
0.125897
0.125668
0.125434
0.125195
0.124952
0.124705
0.124457
0.12421
0.123966
0.12373
0.123503
0.12329
0.123092
0.122905
0.128764
0.128447
0.12815
0.127873
0.127612
0.127365
0.127127
0.126898
0.126672
0.12645
0.126228
0.126005
0.125779
0.125551
0.125321
0.125089
0.124854
0.124618
0.124381
0.124147
0.123917
0.123693
0.123477
0.123273
0.123081
0.122899
0.128753
0.128427
0.12812
0.127832
0.127561
0.127303
0.127055
0.126816
0.126583
0.126354
0.126127
0.125901
0.125675
0.125448
0.125221
0.124993
0.124764
0.124536
0.124309
0.124084
0.123864
0.123649
0.123442
0.123245
0.123058
0.122879
0.12874
0.128406
0.12809
0.127793
0.127513
0.127246
0.12699
0.126743
0.126503
0.126268
0.126038
0.125809
0.125582
0.125356
0.12513
0.124906
0.124683
0.12446
0.12424
0.124023
0.123811
0.123604
0.123403
0.12321
0.123027
0.122851
0.128725
0.128384
0.128061
0.127756
0.127468
0.127193
0.12693
0.126677
0.126431
0.126192
0.125958
0.125727
0.125499
0.125273
0.125049
0.124827
0.124608
0.12439
0.124176
0.123964
0.123757
0.123556
0.12336
0.123171
0.12299
0.122815
0.12871
0.128362
0.128033
0.127721
0.127427
0.127146
0.126876
0.126617
0.126367
0.126124
0.125886
0.125653
0.125424
0.125198
0.124976
0.124756
0.124539
0.124325
0.124114
0.123908
0.123705
0.123507
0.123316
0.12313
0.12295
0.122776
0.128693
0.12834
0.128006
0.127689
0.127388
0.127102
0.126827
0.126563
0.126309
0.126062
0.125822
0.125587
0.125357
0.125131
0.124909
0.12469
0.124475
0.124264
0.124056
0.123853
0.123653
0.123459
0.12327
0.123086
0.122908
0.122734
0.128675
0.128317
0.127977
0.127656
0.12735
0.127059
0.12678
0.126512
0.126254
0.126004
0.125761
0.125525
0.125294
0.125068
0.124846
0.124628
0.124414
0.124205
0.123999
0.123798
0.123601
0.123409
0.123222
0.12304
0.122863
0.12269
)
;
        value           nonuniform List<scalar> 
898
(
328.431
328.529
328.62
328.597
328.604
327.994
312.201
311.497
311.4
311.812
325.831
326.055
325.796
325.63
325.475
325.409
325.406
325.446
325.52
325.621
325.743
325.877
326.016
326.153
326.285
326.416
328.376
328.409
328.409
328.268
328.306
327.742
312.344
311.666
311.623
312.188
327.388
327.877
327.613
327.389
327.116
326.908
326.74
326.606
326.51
326.455
326.439
326.455
326.493
326.548
326.615
326.697
328.158
328.032
327.835
327.632
327.985
327.516
311.781
311.035
311.009
311.697
327.704
328.316
327.826
327.631
327.442
327.332
327.242
327.159
327.083
327.017
326.967
326.935
326.922
326.927
326.951
326.997
327.655
327.34
326.926
326.779
327.501
327.113
313.481
312.731
312.705
313.467
328.452
329.489
328.823
328.565
328.16
327.81
327.545
327.363
327.246
327.169
327.119
327.09
327.082
327.093
327.125
327.183
326.799
326.483
326.075
325.428
328.923
329.023
328.4
327.954
327.593
327.336
327.2
327.151
327.163
327.207
327.272
327.358
327.47
327.61
325.858
325.881
325.989
325.583
328.509
329.059
328.614
328.223
327.919
327.717
327.601
327.568
327.621
327.722
327.835
327.94
328.043
328.142
325.225
325.595
326.058
325.9
328.429
329.036
328.66
328.302
328.016
327.813
327.684
327.622
327.619
327.652
327.706
327.77
327.826
327.875
325.038
325.517
326.122
326.123
328.412
329.014
328.635
328.224
327.886
327.635
327.464
327.368
327.33
327.331
327.362
327.403
327.441
327.481
324.904
325.386
325.99
326.023
328.473
329.107
328.698
328.307
327.941
327.647
327.435
327.305
327.238
327.217
327.221
327.238
327.26
327.291
324.902
325.284
325.745
325.658
328.684
329.46
329.024
328.632
328.214
327.866
327.604
327.445
327.357
327.309
327.287
327.284
327.294
327.318
325.392
325.431
325.541
325.219
329.025
330.088
329.786
328.995
328.473
328.09
327.831
327.664
327.56
327.499
327.47
327.464
327.475
327.502
326.251
325.938
325.525
324.876
329.168
329.734
329.184
328.678
328.281
328.007
327.829
327.722
327.665
327.642
327.645
327.666
327.7
327.745
327.05
326.645
326
325.157
310.331
309.428
309.08
308.848
308.668
308.569
308.686
309.683
326.902
327.634
327.642
327.583
327.545
327.538
327.556
327.593
327.643
327.702
327.767
327.836
327.907
327.975
327.576
327.296
326.739
325.718
310.861
310.103
309.869
309.74
309.659
309.632
309.739
310.448
325.929
326.756
326.994
327.139
327.263
327.382
327.499
327.612
327.722
327.827
327.928
328.023
328.111
328.181
327.828
327.687
327.322
326.344
310.803
310.055
309.858
309.755
309.689
309.664
309.75
310.411
326.121
326.945
327.196
327.35
327.474
327.588
327.698
327.805
327.911
328.013
328.112
328.205
328.286
328.315
327.945
327.88
327.661
326.826
310.814
310.056
309.875
309.786
309.73
309.71
309.791
310.438
326.323
327.103
327.327
327.469
327.587
327.697
327.805
327.914
328.021
328.127
328.231
328.326
328.401
328.387
328.011
327.976
327.835
327.152
312.241
311.535
311.372
311.295
311.249
311.235
311.31
311.907
326.676
327.377
327.568
327.691
327.794
327.89
327.984
328.08
328.177
328.275
328.372
328.46
328.509
328.272
328.053
328.032
327.942
327.444
315.988
315.437
315.309
315.251
315.219
315.213
315.276
315.745
327.131
327.675
327.824
327.923
328.01
328.092
328.173
328.255
328.34
328.427
328.514
328.588
328.595
328.099
328.071
328.062
328.015
327.727
321.177
320.851
320.776
320.745
320.732
320.737
320.786
321.079
327.624
327.964
328.07
328.147
328.218
328.287
328.356
328.425
328.496
328.57
328.644
328.7
328.666
327.958
328.068
328.071
328.06
327.955
325.797
325.676
325.652
325.649
325.656
325.672
325.711
325.845
328.035
328.191
328.258
328.315
328.371
328.428
328.485
328.543
328.602
328.664
328.726
328.769
328.71
327.918
328.054
328.065
328.078
328.087
328.439
328.445
328.456
328.472
328.492
328.516
328.547
328.584
328.281
328.323
328.366
328.41
328.456
328.505
328.554
328.603
328.654
328.705
328.755
328.786
328.715
328
328.038
328.055
328.08
328.13
329.129
329.182
329.208
329.234
329.26
329.288
329.315
329.319
328.375
328.378
328.409
328.446
328.486
328.529
328.574
328.618
328.663
328.707
328.748
328.768
328.691
327.996
328.026
328.047
328.075
328.123
328.793
328.843
328.873
328.901
328.929
328.957
328.983
328.991
328.38
328.386
328.415
328.449
328.486
328.526
328.568
328.61
328.651
328.69
328.724
328.737
328.656
327.976
328.019
328.041
328.069
328.106
328.315
328.351
328.38
328.407
328.435
328.463
328.49
328.511
328.362
328.383
328.413
328.446
328.481
328.519
328.558
328.598
328.637
328.674
328.704
328.714
328.639
328.011
328.013
328.037
328.066
328.096
328.075
328.102
328.13
328.157
328.184
328.213
328.241
328.27
328.353
328.383
328.414
328.446
328.48
328.515
328.552
328.59
328.628
328.663
328.691
328.703
328.644
328.141
328.01
328.034
328.065
328.094
328.047
328.073
328.101
328.128
328.156
328.185
328.215
328.247
328.356
328.389
328.42
328.451
328.483
328.517
328.552
328.588
328.623
328.657
328.685
328.701
328.669
328.346
328.007
328.033
328.065
328.097
328.093
328.121
328.15
328.178
328.206
328.236
328.267
328.298
328.364
328.396
328.426
328.457
328.488
328.52
328.553
328.586
328.62
328.653
328.682
328.702
328.698
328.556
328.005
328.032
328.066
328.1
328.129
328.158
328.188
328.217
328.246
328.276
328.307
328.337
328.372
328.403
328.433
328.462
328.492
328.523
328.554
328.586
328.618
328.65
328.679
328.704
328.72
328.706
328.004
328.032
328.067
328.102
328.139
328.17
328.2
328.23
328.259
328.29
328.321
328.351
328.378
328.409
328.438
328.467
328.496
328.525
328.555
328.586
328.616
328.646
328.675
328.703
328.73
328.775
328.004
328.033
328.068
328.103
328.139
328.17
328.201
328.231
328.261
328.292
328.323
328.353
328.383
328.413
328.442
328.471
328.499
328.528
328.557
328.586
328.615
328.644
328.673
328.701
328.731
328.788
328.004
328.033
328.069
328.105
328.137
328.169
328.2
328.231
328.262
328.292
328.323
328.354
328.387
328.417
328.446
328.474
328.502
328.53
328.558
328.586
328.614
328.643
328.671
328.699
328.729
328.776
328.004
328.034
328.07
328.106
328.138
328.17
328.202
328.233
328.264
328.295
328.326
328.357
328.39
328.421
328.45
328.478
328.505
328.533
328.56
328.587
328.615
328.642
328.669
328.697
328.726
328.764
328.005
328.035
328.072
328.108
328.14
328.173
328.205
328.237
328.268
328.299
328.33
328.361
328.393
328.424
328.453
328.481
328.509
328.535
328.562
328.589
328.615
328.642
328.669
328.697
328.725
328.759
328.006
328.037
328.073
328.109
328.142
328.175
328.208
328.24
328.272
328.303
328.334
328.365
328.396
328.427
328.456
328.484
328.512
328.538
328.564
328.591
328.617
328.643
328.67
328.697
328.725
328.758
328.007
328.038
328.074
328.11
328.144
328.178
328.211
328.244
328.276
328.307
328.338
328.369
328.4
328.43
328.459
328.487
328.515
328.541
328.567
328.593
328.619
328.646
328.672
328.698
328.726
328.76
328.01
328.041
328.077
328.113
328.148
328.182
328.216
328.249
328.281
328.312
328.343
328.374
328.404
328.434
328.463
328.492
328.519
328.546
328.572
328.598
328.624
328.65
328.676
328.702
328.729
328.763
328.018
328.051
328.088
328.124
328.159
328.194
328.228
328.261
328.293
328.325
328.356
328.387
328.417
328.447
328.476
328.504
328.532
328.558
328.585
328.611
328.637
328.663
328.689
328.714
328.74
328.773
)
;
        Tnbr            T;
        qrNbr           qr;
        qr              none;
        thermalInertia  false;
        thicknessLayers List<scalar> 0();
        kappaLayers     List<scalar> 0();
        kappaMethod     solidThermo;
        kappa           none;
        alphaAni        none;
        alpha           none;
    }
    concrete_to_asphalt
    {
        type            compressible::turbulentTemperatureRadCoupledMixed;
        refValue        nonuniform List<scalar> 
52
(
325.856
325.889
325.923
325.956
325.989
326.021
326.053
326.083
326.113
326.142
326.171
326.199
326.227
326.254
326.28
326.306
326.332
326.357
326.381
326.405
326.429
326.453
326.477
326.5
326.524
326.55
327.261
327.297
327.333
327.369
327.404
327.438
327.471
327.503
327.534
327.565
327.595
327.625
327.654
327.683
327.711
327.738
327.765
327.791
327.817
327.843
327.868
327.893
327.918
327.942
327.967
327.993
)
;
        refGradient     uniform 0;
        valueFraction   nonuniform List<scalar> 
52
(
0.529412
0.529412
0.529412
0.529412
0.529412
0.529412
0.529412
0.529412
0.529412
0.529412
0.529412
0.529412
0.529412
0.529412
0.529412
0.529412
0.529412
0.529412
0.529412
0.529412
0.529412
0.529412
0.529412
0.529412
0.529412
0.529412
0.529412
0.529412
0.529412
0.529412
0.529412
0.529412
0.529412
0.529412
0.529412
0.529412
0.529412
0.529412
0.529412
0.529412
0.529412
0.529412
0.529412
0.529412
0.529412
0.529412
0.529412
0.529412
0.529412
0.529412
0.529412
0.529412
)
;
        value           nonuniform List<scalar> 
52
(
325.787
325.814
325.847
325.88
325.913
325.945
325.976
326.006
326.036
326.065
326.094
326.122
326.15
326.177
326.204
326.23
326.255
326.28
326.304
326.328
326.352
326.376
326.399
326.423
326.448
326.48
327.255
327.288
327.323
327.359
327.393
327.427
327.46
327.492
327.524
327.555
327.585
327.615
327.644
327.673
327.701
327.728
327.755
327.781
327.807
327.832
327.858
327.883
327.908
327.932
327.958
327.988
)
;
        Tnbr            T;
        qrNbr           none;
        qr              none;
        thermalInertia  false;
        thicknessLayers List<scalar> 0();
        kappaLayers     List<scalar> 0();
        kappaMethod     solidThermo;
        kappa           none;
        alphaAni        none;
        alpha           none;
    }
    concrete_to_soil2
    {
        type            compressible::turbulentTemperatureRadCoupledMixed;
        refValue        nonuniform List<scalar> 
200
(
326.244
326.341
326.433
326.453
326.36
325.082
312.367
311.038
310.828
311.53
321.17
322.129
322.357
322.557
322.715
322.879
323.043
323.202
323.357
323.51
323.66
323.806
323.946
324.077
324.199
324.315
326.141
324.501
326.118
324.719
325.999
324.965
325.655
325.173
324.93
325.628
323.915
325.996
323.03
325.738
322.702
325.397
322.52
325.226
322.568
325.245
323.264
325.407
324.2
325.634
324.911
325.822
325.306
326.032
325.511
325.692
325.651
326.275
325.766
323.563
325.847
318.353
325.884
313.937
325.885
311.973
325.868
311.603
325.85
311.576
325.836
311.647
325.827
312.609
325.821
315.239
325.817
319.206
325.814
323.165
325.811
325.877
325.809
327.028
325.808
327.117
325.807
326.835
325.807
326.606
325.807
326.526
325.808
326.532
325.809
326.555
325.811
326.568
325.816
326.575
327.668
327.776
327.881
327.919
327.911
326.956
312.431
311.42
311.217
311.648
322.633
323.337
323.524
323.738
323.909
324.088
324.268
324.44
324.608
324.771
324.932
325.089
325.237
325.377
325.506
325.628
327.564
325.824
327.547
326.06
327.432
326.322
327.077
326.528
326.305
327.017
325.208
327.441
324.265
327.149
323.961
326.772
323.793
326.587
323.843
326.609
324.612
326.784
325.638
327.032
326.4
327.232
326.804
327.483
326.993
327.072
327.11
327.907
327.203
324.919
327.269
319.061
327.297
314.136
327.293
312.017
327.275
311.668
327.256
311.651
327.242
311.691
327.233
312.704
327.227
315.591
327.222
319.986
327.219
324.368
327.216
327.345
327.214
328.576
327.213
328.637
327.212
328.306
327.212
328.049
327.212
327.964
327.213
327.974
327.214
328
327.216
328.014
327.22
328.02
)
;
        refGradient     uniform 0;
        valueFraction   nonuniform List<scalar> 
200
(
0.529412
0.529412
0.529412
0.529412
0.529412
0.529412
0.529412
0.529412
0.529412
0.529412
0.529412
0.529412
0.529412
0.529412
0.529412
0.529412
0.529412
0.529412
0.529412
0.529412
0.529412
0.529412
0.529412
0.529412
0.529412
0.529412
0.529412
0.529412
0.529412
0.529412
0.529412
0.529412
0.529412
0.529412
0.529412
0.529412
0.529412
0.529412
0.529412
0.529412
0.529412
0.529412
0.529412
0.529412
0.529412
0.529412
0.529412
0.529412
0.529412
0.529412
0.529412
0.529412
0.529412
0.529412
0.529412
0.529412
0.529412
0.529412
0.529412
0.529412
0.529412
0.529412
0.529412
0.529412
0.529412
0.529412
0.529412
0.529412
0.529412
0.529412
0.529412
0.529412
0.529412
0.529412
0.529412
0.529412
0.529412
0.529412
0.529412
0.529412
0.529412
0.529412
0.529412
0.529412
0.529412
0.529412
0.529412
0.529412
0.529412
0.529412
0.529412
0.529412
0.529412
0.529412
0.529412
0.529412
0.529412
0.529412
0.529412
0.529412
0.529412
0.529412
0.529412
0.529412
0.529412
0.529412
0.529412
0.529412
0.529412
0.529412
0.529412
0.529412
0.529412
0.529412
0.529412
0.529412
0.529412
0.529412
0.529412
0.529412
0.529412
0.529412
0.529412
0.529412
0.529412
0.529412
0.529412
0.529412
0.529412
0.529412
0.529412
0.529412
0.529412
0.529412
0.529412
0.529412
0.529412
0.529412
0.529412
0.529412
0.529412
0.529412
0.529412
0.529412
0.529412
0.529412
0.529412
0.529412
0.529412
0.529412
0.529412
0.529412
0.529412
0.529412
0.529412
0.529412
0.529412
0.529412
0.529412
0.529412
0.529412
0.529412
0.529412
0.529412
0.529412
0.529412
0.529412
0.529412
0.529412
0.529412
0.529412
0.529412
0.529412
0.529412
0.529412
0.529412
0.529412
0.529412
0.529412
0.529412
0.529412
0.529412
0.529412
0.529412
0.529412
0.529412
0.529412
0.529412
0.529412
0.529412
0.529412
0.529412
0.529412
0.529412
0.529412
0.529412
0.529412
0.529412
0.529412
0.529412
)
;
        value           nonuniform List<scalar> 
200
(
326.167
326.253
326.332
326.322
326.212
324.955
312.227
310.915
310.753
311.572
321.977
322.881
322.961
323.014
323.042
323.104
323.191
323.292
323.404
323.526
323.655
323.788
323.919
324.046
324.167
324.287
326.113
324.386
326.067
324.613
325.903
324.869
325.5
325.069
324.757
325.492
323.829
325.887
323.09
325.65
322.822
325.312
322.666
325.143
322.697
325.164
323.269
325.324
324.116
325.546
324.826
325.741
325.263
325.938
325.489
325.803
325.622
326.137
325.718
324.582
325.784
321.623
325.815
319.11
325.816
317.993
325.803
317.806
325.787
317.787
325.774
317.826
325.766
318.383
325.761
319.903
325.757
322.194
325.754
324.482
325.752
326.056
325.751
326.731
325.75
326.792
325.749
326.634
325.749
326.502
325.75
326.455
325.751
326.458
325.752
326.472
325.755
326.481
325.766
326.493
327.659
327.758
327.852
327.858
327.834
326.923
312.324
311.345
311.19
311.715
323.654
324.249
324.255
324.299
324.323
324.389
324.483
324.593
324.714
324.846
324.986
325.13
325.271
325.406
325.535
325.66
327.603
325.764
327.566
326.014
327.402
326.288
326.983
326.486
326.186
326.939
325.181
327.397
324.393
327.126
324.142
326.751
323.99
326.567
324.019
326.59
324.647
326.766
325.576
327.007
326.341
327.217
326.796
327.443
327.014
327.282
327.133
327.756
327.215
326.094
327.271
322.863
327.295
320.146
327.293
318.982
327.277
318.826
327.26
318.814
327.247
318.829
327.239
319.394
327.233
321.01
327.229
323.471
327.226
325.927
327.224
327.6
327.222
328.298
327.221
328.339
327.221
328.156
327.221
328.012
327.221
327.964
327.222
327.969
327.223
327.984
327.226
327.993
327.233
328.002
)
;
        Tnbr            T;
        qrNbr           none;
        qr              none;
        thermalInertia  false;
        thicknessLayers List<scalar> 0();
        kappaLayers     List<scalar> 0();
        kappaMethod     solidThermo;
        kappa           none;
        alphaAni        none;
        alpha           none;
    }
    concrete_to_buildings
    {
        type            externalWallHeatFluxTemperature;
        mode            coefficient;
        kappaMethod     solidThermo;
        kappa           none;
        alphaAni        none;
        alpha           none;
        h               constant 10;
        Ta              constant 293.15;
        thicknessLayers List<scalar> 1(0.3);
        kappaLayers     List<scalar> 1(1.6);
        qr              none;
        refValue        uniform 293.15;
        refGradient     uniform 0;
        valueFraction   nonuniform List<scalar> 
64
(
0.0980392
0.0980392
0.0980392
0.0980392
0.0980392
0.0980392
0.0980392
0.0980392
0.0980392
0.0980392
0.0980392
0.0980392
0.0980392
0.0980392
0.0980392
0.0980392
0.0980392
0.0980392
0.0980392
0.0980392
0.0980392
0.0980392
0.0980392
0.0980392
0.0980392
0.0980392
0.0980392
0.0980392
0.0980392
0.0980392
0.0980392
0.0980392
0.0980392
0.0980392
0.0980392
0.0980392
0.0980392
0.0980392
0.0980392
0.0980392
0.0980392
0.0980392
0.0980392
0.0980392
0.0980392
0.0980392
0.0980392
0.0980392
0.0980392
0.0980392
0.0980392
0.0980392
0.0980392
0.0980392
0.0980392
0.0980392
0.0980392
0.0980392
0.0980392
0.0980392
0.0980392
0.0980392
0.0980392
0.0980392
)
;
        value           nonuniform List<scalar> 
64
(
301.224
298.828
297.364
296.975
296.981
297.405
299.016
301.715
298.991
296.227
295.463
295.243
295.249
295.493
296.33
299.364
298.578
295.693
295.005
294.824
294.829
295.03
295.778
298.907
298.491
295.565
294.884
294.71
294.715
294.907
295.645
298.802
298.465
295.545
294.87
294.699
294.704
294.893
295.629
298.797
298.473
295.6
294.938
294.772
294.776
294.961
295.691
298.858
298.629
295.862
295.235
295.076
295.078
295.25
295.949
299.061
299.561
297.098
296.551
296.404
296.389
296.52
297.114
299.923
)
;
    }
    concrete_to_soil1
    {
        type            compressible::turbulentTemperatureRadCoupledMixed;
        refValue        nonuniform List<scalar> 
962
(
324.588
324.646
324.697
324.64
324.433
322.946
311.829
310.303
310.19
311.356
321.16
322.264
322.27
322.189
322.091
322.046
322.046
322.079
322.137
322.218
322.315
322.423
322.535
322.647
322.758
322.88
324.506
324.502
324.471
324.323
324.125
322.681
311.801
310.314
310.265
311.623
322.283
323.626
323.639
323.508
323.314
323.157
323.032
322.935
322.869
322.835
322.831
322.851
322.889
322.94
323.004
323.093
324.296
324.16
323.969
323.733
323.62
322.225
311.296
309.802
309.78
311.247
322.384
323.9
323.922
323.849
323.706
323.593
323.499
323.417
323.348
323.295
323.258
323.237
323.233
323.246
323.277
323.341
323.851
323.567
323.177
322.726
321.766
320.32
311.113
309.813
309.804
311.175
321.25
323.197
324.333
324.483
324.252
323.989
323.776
323.622
323.521
323.457
323.418
323.4
323.4
323.418
323.457
323.531
323.142
322.844
322.324
320.485
304.405
301.19
299.214
298.651
298.661
299.275
301.448
305.063
323.067
324.669
324.463
324.146
323.866
323.656
323.54
323.497
323.503
323.536
323.59
323.663
323.759
323.891
322.377
322.324
322.094
320.077
301.451
297.73
296.63
296.307
296.316
296.674
297.881
301.964
322.383
324.624
324.61
324.348
324.104
323.93
323.829
323.799
323.833
323.904
323.988
324.072
324.159
324.261
321.839
322.056
322.079
320.144
300.851
296.961
295.966
295.699
295.707
296.002
297.085
301.306
322.19
324.581
324.648
324.418
324.186
324.011
323.898
323.843
323.839
323.864
323.908
323.962
324.013
324.075
321.634
321.96
322.098
320.247
300.72
296.773
295.788
295.533
295.54
295.821
296.89
301.152
322.144
324.565
324.638
324.379
324.111
323.899
323.753
323.669
323.634
323.633
323.656
323.689
323.725
323.776
321.511
321.851
321.992
320.164
300.683
296.744
295.766
295.515
295.523
295.8
296.866
301.142
322.195
324.647
324.706
324.452
324.159
323.912
323.731
323.618
323.559
323.539
323.542
323.556
323.579
323.624
321.529
321.783
321.812
319.92
300.7
296.824
295.867
295.623
295.629
295.901
296.957
301.229
322.374
324.923
324.972
324.698
324.364
324.075
323.858
323.723
323.647
323.606
323.589
323.589
323.603
323.643
321.927
321.921
321.688
319.674
300.929
297.204
296.296
296.064
296.066
296.318
297.33
301.519
322.658
325.34
325.446
324.952
324.545
324.237
324.023
323.885
323.8
323.753
323.732
323.731
323.747
323.789
322.609
322.337
321.754
319.658
302.17
298.862
298.071
297.856
297.837
298.032
298.893
302.661
322.789
325.044
325.004
324.679
324.379
324.161
324.017
323.931
323.886
323.871
323.876
323.897
323.93
323.986
323.264
322.917
322.212
320.438
309.37
307.496
306.958
306.717
306.588
306.596
307.005
309.089
321.806
323.616
323.872
323.867
323.833
323.816
323.823
323.848
323.886
323.933
323.986
324.044
324.105
324.175
323.719
323.457
322.819
321.031
310.391
308.773
308.361
308.198
308.126
308.154
308.472
310.108
321.239
322.935
323.338
323.495
323.597
323.688
323.778
323.867
323.954
324.039
324.122
324.201
324.273
324.34
323.965
323.805
323.304
321.545
310.544
308.944
308.571
308.436
308.379
308.406
308.688
310.236
321.358
323.023
323.436
323.612
323.727
323.826
323.92
324.012
324.101
324.189
324.273
324.35
324.411
324.42
324.095
323.993
323.608
321.951
310.729
309.13
308.778
308.658
308.61
308.637
308.903
310.415
321.555
323.169
323.555
323.721
323.833
323.93
324.022
324.114
324.205
324.295
324.381
324.455
324.497
324.454
324.176
324.097
323.796
322.341
311.953
310.485
310.169
310.064
310.025
310.052
310.293
311.672
321.961
323.421
323.761
323.906
324.005
324.09
324.172
324.255
324.338
324.42
324.499
324.558
324.538
324.144
324.229
324.165
323.945
322.84
314.836
313.695
313.448
313.369
313.342
313.367
313.559
314.635
322.588
323.723
323.989
324.106
324.189
324.262
324.333
324.404
324.476
324.549
324.616
324.65
324.536
323.612
324.255
324.21
324.077
323.415
318.75
318.06
317.908
317.861
317.85
317.874
318.004
318.668
323.33
324.031
324.21
324.297
324.364
324.426
324.485
324.545
324.606
324.668
324.721
324.729
324.527
323.147
324.26
324.234
324.179
323.916
322.261
321.985
321.923
321.91
321.915
321.938
322.011
322.298
323.979
324.284
324.384
324.444
324.496
324.546
324.596
324.646
324.697
324.748
324.789
324.779
324.526
322.924
324.252
324.24
324.237
324.223
324.34
324.324
324.322
324.332
324.349
324.372
324.407
324.459
324.384
324.441
324.488
324.53
324.571
324.614
324.656
324.699
324.743
324.784
324.815
324.792
324.521
322.91
324.24
324.237
324.258
324.336
324.968
325.048
325.074
325.095
325.117
325.14
325.16
325.127
324.542
324.509
324.533
324.565
324.601
324.638
324.676
324.715
324.753
324.788
324.811
324.779
324.503
322.9
324.231
324.231
324.257
324.331
324.791
324.867
324.898
324.923
324.946
324.969
324.987
324.96
324.55
324.523
324.543
324.572
324.604
324.638
324.674
324.71
324.745
324.776
324.794
324.757
324.484
322.912
324.224
324.226
324.25
324.295
324.458
324.504
324.531
324.556
324.579
324.603
324.624
324.628
324.515
324.52
324.543
324.571
324.601
324.633
324.667
324.701
324.734
324.763
324.779
324.745
324.494
323.046
324.219
324.222
324.244
324.27
324.273
324.298
324.322
324.346
324.37
324.394
324.418
324.443
324.492
324.517
324.543
324.571
324.6
324.63
324.662
324.695
324.726
324.754
324.77
324.745
324.545
323.378
324.216
324.219
324.242
324.264
324.241
324.26
324.284
324.308
324.332
324.357
324.383
324.413
324.489
324.521
324.547
324.575
324.602
324.631
324.662
324.692
324.722
324.75
324.768
324.758
324.628
323.865
324.213
324.218
324.242
324.266
324.268
324.291
324.315
324.339
324.364
324.39
324.416
324.445
324.497
324.527
324.553
324.579
324.606
324.634
324.662
324.691
324.72
324.747
324.768
324.773
324.715
324.357
324.212
324.218
324.243
324.27
324.294
324.319
324.345
324.37
324.395
324.421
324.448
324.475
324.506
324.533
324.558
324.584
324.61
324.636
324.663
324.691
324.718
324.745
324.768
324.784
324.781
324.711
324.211
324.217
324.244
324.273
324.304
324.33
324.356
324.382
324.407
324.434
324.46
324.487
324.511
324.538
324.563
324.588
324.613
324.638
324.664
324.69
324.717
324.743
324.767
324.79
324.815
324.883
324.21
324.218
324.245
324.274
324.304
324.331
324.358
324.384
324.41
324.436
324.463
324.489
324.515
324.542
324.567
324.591
324.616
324.64
324.665
324.691
324.716
324.741
324.766
324.791
324.825
324.92
324.21
324.218
324.246
324.276
324.304
324.331
324.358
324.384
324.411
324.437
324.464
324.491
324.519
324.545
324.57
324.594
324.618
324.643
324.667
324.691
324.715
324.74
324.764
324.79
324.823
324.9
324.211
324.219
324.247
324.277
324.304
324.332
324.359
324.386
324.413
324.44
324.467
324.493
324.522
324.548
324.573
324.598
324.621
324.645
324.668
324.692
324.715
324.739
324.763
324.788
324.818
324.874
324.212
324.22
324.248
324.278
324.306
324.334
324.362
324.39
324.417
324.443
324.47
324.497
324.525
324.551
324.576
324.601
324.624
324.647
324.67
324.693
324.716
324.74
324.763
324.788
324.816
324.862
324.213
324.221
324.249
324.28
324.308
324.337
324.365
324.393
324.42
324.447
324.474
324.5
324.528
324.554
324.579
324.604
324.627
324.65
324.673
324.695
324.718
324.741
324.764
324.788
324.815
324.861
324.214
324.224
324.251
324.282
324.311
324.34
324.369
324.397
324.424
324.452
324.478
324.505
324.531
324.558
324.583
324.607
324.631
324.654
324.676
324.698
324.721
324.744
324.767
324.79
324.817
324.864
324.219
324.229
324.257
324.288
324.318
324.347
324.376
324.405
324.432
324.46
324.486
324.513
324.539
324.565
324.59
324.615
324.638
324.661
324.684
324.706
324.729
324.751
324.774
324.797
324.824
324.87
324.241
324.255
324.284
324.315
324.345
324.375
324.404
324.433
324.461
324.488
324.515
324.542
324.568
324.594
324.619
324.643
324.667
324.69
324.713
324.735
324.758
324.78
324.803
324.825
324.851
324.893
)
;
        refGradient     uniform 0;
        valueFraction   nonuniform List<scalar> 
962
(
0.52519
0.52519
0.52519
0.52519
0.52519
0.52519
0.52519
0.52519
0.52519
0.52519
0.52519
0.52519
0.52519
0.52519
0.52519
0.52519
0.52519
0.52519
0.52519
0.52519
0.52519
0.52519
0.52519
0.52519
0.52519
0.52519
0.52519
0.52519
0.52519
0.52519
0.52519
0.52519
0.52519
0.52519
0.52519
0.52519
0.52519
0.52519
0.52519
0.52519
0.52519
0.52519
0.52519
0.52519
0.52519
0.52519
0.52519
0.52519
0.52519
0.52519
0.52519
0.52519
0.52519
0.52519
0.52519
0.52519
0.52519
0.52519
0.52519
0.52519
0.52519
0.52519
0.52519
0.52519
0.52519
0.52519
0.52519
0.52519
0.52519
0.52519
0.52519
0.52519
0.52519
0.52519
0.52519
0.52519
0.52519
0.52519
0.52519
0.52519
0.52519
0.52519
0.52519
0.52519
0.52519
0.52519
0.52519
0.52519
0.52519
0.52519
0.52519
0.52519
0.52519
0.52519
0.52519
0.52519
0.52519
0.52519
0.52519
0.52519
0.52519
0.52519
0.52519
0.52519
0.52519
0.52519
0.52519
0.52519
0.52519
0.52519
0.52519
0.52519
0.52519
0.52519
0.52519
0.52519
0.52519
0.52519
0.52519
0.52519
0.52519
0.52519
0.52519
0.52519
0.52519
0.52519
0.52519
0.52519
0.52519
0.52519
0.52519
0.52519
0.52519
0.52519
0.52519
0.52519
0.52519
0.52519
0.52519
0.52519
0.52519
0.52519
0.52519
0.52519
0.52519
0.52519
0.52519
0.52519
0.52519
0.52519
0.52519
0.52519
0.52519
0.52519
0.52519
0.52519
0.52519
0.52519
0.52519
0.52519
0.52519
0.52519
0.52519
0.52519
0.52519
0.52519
0.52519
0.52519
0.52519
0.52519
0.52519
0.52519
0.52519
0.52519
0.52519
0.52519
0.52519
0.52519
0.52519
0.52519
0.52519
0.52519
0.52519
0.52519
0.52519
0.52519
0.52519
0.52519
0.52519
0.52519
0.52519
0.52519
0.52519
0.52519
0.52519
0.52519
0.52519
0.52519
0.52519
0.52519
0.52519
0.52519
0.52519
0.52519
0.52519
0.52519
0.52519
0.52519
0.52519
0.52519
0.52519
0.52519
0.52519
0.52519
0.52519
0.52519
0.52519
0.52519
0.52519
0.52519
0.52519
0.52519
0.52519
0.52519
0.52519
0.52519
0.52519
0.52519
0.52519
0.52519
0.52519
0.52519
0.52519
0.52519
0.52519
0.52519
0.52519
0.52519
0.52519
0.52519
0.52519
0.52519
0.52519
0.52519
0.52519
0.52519
0.52519
0.52519
0.52519
0.52519
0.52519
0.52519
0.52519
0.52519
0.52519
0.52519
0.52519
0.52519
0.52519
0.52519
0.52519
0.52519
0.52519
0.52519
0.52519
0.52519
0.52519
0.52519
0.52519
0.52519
0.52519
0.52519
0.52519
0.52519
0.52519
0.52519
0.52519
0.52519
0.52519
0.52519
0.52519
0.52519
0.52519
0.52519
0.52519
0.52519
0.52519
0.52519
0.52519
0.52519
0.52519
0.52519
0.52519
0.52519
0.52519
0.52519
0.52519
0.52519
0.52519
0.52519
0.52519
0.52519
0.52519
0.52519
0.52519
0.52519
0.52519
0.52519
0.52519
0.52519
0.52519
0.52519
0.52519
0.52519
0.52519
0.52519
0.52519
0.52519
0.52519
0.52519
0.52519
0.52519
0.52519
0.52519
0.52519
0.52519
0.52519
0.52519
0.52519
0.52519
0.52519
0.52519
0.52519
0.52519
0.52519
0.52519
0.52519
0.52519
0.52519
0.52519
0.52519
0.52519
0.52519
0.52519
0.52519
0.52519
0.52519
0.52519
0.52519
0.52519
0.52519
0.52519
0.52519
0.52519
0.52519
0.52519
0.52519
0.52519
0.52519
0.52519
0.52519
0.52519
0.52519
0.52519
0.52519
0.52519
0.52519
0.52519
0.52519
0.52519
0.52519
0.52519
0.52519
0.52519
0.52519
0.52519
0.52519
0.52519
0.52519
0.52519
0.52519
0.52519
0.52519
0.52519
0.52519
0.52519
0.52519
0.52519
0.52519
0.52519
0.52519
0.52519
0.52519
0.52519
0.52519
0.52519
0.52519
0.52519
0.52519
0.52519
0.52519
0.52519
0.52519
0.52519
0.52519
0.52519
0.52519
0.52519
0.52519
0.52519
0.52519
0.52519
0.52519
0.52519
0.52519
0.52519
0.52519
0.52519
0.52519
0.52519
0.52519
0.52519
0.52519
0.52519
0.52519
0.52519
0.52519
0.52519
0.52519
0.52519
0.52519
0.52519
0.52519
0.52519
0.52519
0.52519
0.52519
0.52519
0.52519
0.52519
0.52519
0.52519
0.52519
0.52519
0.52519
0.52519
0.52519
0.52519
0.52519
0.52519
0.52519
0.52519
0.52519
0.52519
0.52519
0.52519
0.52519
0.52519
0.52519
0.52519
0.52519
0.52519
0.52519
0.52519
0.52519
0.52519
0.52519
0.52519
0.52519
0.52519
0.52519
0.52519
0.52519
0.52519
0.52519
0.52519
0.52519
0.52519
0.52519
0.52519
0.52519
0.52519
0.52519
0.52519
0.52519
0.52519
0.52519
0.52519
0.52519
0.52519
0.52519
0.52519
0.52519
0.52519
0.52519
0.52519
0.52519
0.52519
0.52519
0.52519
0.52519
0.52519
0.52519
0.52519
0.52519
0.52519
0.52519
0.52519
0.52519
0.52519
0.52519
0.52519
0.52519
0.52519
0.52519
0.52519
0.52519
0.52519
0.52519
0.52519
0.52519
0.52519
0.52519
0.52519
0.52519
0.52519
0.52519
0.52519
0.52519
0.52519
0.52519
0.52519
0.52519
0.52519
0.52519
0.52519
0.52519
0.52519
0.52519
0.52519
0.52519
0.52519
0.52519
0.52519
0.52519
0.52519
0.52519
0.52519
0.52519
0.52519
0.52519
0.52519
0.52519
0.52519
0.52519
0.52519
0.52519
0.52519
0.52519
0.52519
0.52519
0.52519
0.52519
0.52519
0.52519
0.52519
0.52519
0.52519
0.52519
0.52519
0.52519
0.52519
0.52519
0.52519
0.52519
0.52519
0.52519
0.52519
0.52519
0.52519
0.52519
0.52519
0.52519
0.52519
0.52519
0.52519
0.52519
0.52519
0.52519
0.52519
0.52519
0.52519
0.52519
0.52519
0.52519
0.52519
0.52519
0.52519
0.52519
0.52519
0.52519
0.52519
0.52519
0.52519
0.52519
0.52519
0.52519
0.52519
0.52519
0.52519
0.52519
0.52519
0.52519
0.52519
0.52519
0.52519
0.52519
0.52519
0.52519
0.52519
0.52519
0.52519
0.52519
0.52519
0.52519
0.52519
0.52519
0.52519
0.52519
0.52519
0.52519
0.52519
0.52519
0.52519
0.52519
0.52519
0.52519
0.52519
0.52519
0.52519
0.52519
0.52519
0.52519
0.52519
0.52519
0.52519
0.52519
0.52519
0.52519
0.52519
0.52519
0.52519
0.52519
0.52519
0.52519
0.52519
0.52519
0.52519
0.52519
0.52519
0.52519
0.52519
0.52519
0.52519
0.52519
0.52519
0.52519
0.52519
0.52519
0.52519
0.52519
0.52519
0.52519
0.52519
0.52519
0.52519
0.52519
0.52519
0.52519
0.52519
0.52519
0.52519
0.52519
0.52519
0.52519
0.52519
0.52519
0.52519
0.52519
0.52519
0.52519
0.52519
0.52519
0.52519
0.52519
0.52519
0.52519
0.52519
0.52519
0.52519
0.52519
0.52519
0.52519
0.52519
0.52519
0.52519
0.52519
0.52519
0.52519
0.52519
0.52519
0.52519
0.52519
0.52519
0.52519
0.52519
0.52519
0.52519
0.52519
0.52519
0.52519
0.52519
0.52519
0.52519
0.52519
0.52519
0.52519
0.52519
0.52519
0.52519
0.52519
0.52519
0.52519
0.52519
0.52519
0.52519
0.52519
0.52519
0.52519
0.52519
0.52519
0.52519
0.52519
0.52519
0.52519
0.52519
0.52519
0.52519
0.52519
0.52519
0.52519
0.52519
0.52519
0.52519
0.52519
0.52519
0.52519
0.52519
0.52519
0.52519
0.52519
0.52519
0.52519
0.52519
0.52519
0.52519
0.52519
0.52519
0.52519
0.52519
0.52519
0.52519
0.52519
0.52519
0.52519
0.52519
0.52519
0.52519
0.52519
0.52519
0.52519
0.52519
0.52519
0.52519
0.52519
0.52519
0.52519
0.52519
0.52519
0.52519
0.52519
0.52519
0.52519
0.52519
0.52519
0.52519
0.52519
0.52519
0.52519
0.52519
0.52519
0.52519
0.52519
0.52519
0.52519
0.52519
0.52519
0.52519
0.52519
0.52519
0.52519
0.52519
0.52519
0.52519
0.52519
0.52519
0.52519
0.52519
0.52519
0.52519
0.52519
0.52519
0.52519
0.52519
0.52519
0.52519
0.52519
0.52519
0.52519
0.52519
0.52519
0.52519
0.52519
0.52519
0.52519
0.52519
0.52519
0.52519
0.52519
0.52519
0.52519
0.52519
0.52519
0.52519
0.52519
0.52519
0.52519
0.52519
0.52519
0.52519
0.52519
0.52519
0.52519
0.52519
0.52519
0.52519
0.52519
0.52519
0.52519
0.52519
0.52519
0.52519
0.52519
0.52519
0.52519
0.52519
0.52519
0.52519
0.52519
0.52519
0.52519
0.52519
0.52519
0.52519
0.52519
0.52519
0.52519
0.52519
0.52519
0.52519
0.52519
0.52519
0.52519
0.52519
0.52519
0.52519
0.52519
0.52519
0.52519
0.52519
0.52519
0.52519
0.52519
0.52519
0.52519
0.52519
0.52519
0.52519
0.52519
0.52519
0.52519
0.52519
0.52519
0.52519
0.52519
0.52519
0.52519
0.52519
0.52519
0.52519
0.52519
0.52519
0.52519
0.52519
0.52519
0.52519
0.52519
0.52519
0.52519
0.52519
0.52519
0.52519
0.52519
0.52519
0.52519
0.52519
0.52519
0.52519
0.52519
0.52519
0.52519
0.52519
0.52519
0.52519
0.52519
0.52519
0.52519
0.52519
0.52519
0.52519
0.52519
0.52519
0.52519
0.52519
0.52519
0.52519
0.52519
0.52519
0.52519
0.52519
0.52519
0.52519
0.52519
0.52519
0.52519
0.52519
0.52519
0.52519
0.52519
0.52519
0.52519
0.52519
)
;
        value           nonuniform List<scalar> 
962
(
325.297
325.362
325.419
325.369
325.198
323.832
311.943
310.528
310.417
311.481
321.978
322.959
322.921
322.825
322.717
322.669
322.669
322.702
322.763
322.847
322.949
323.062
323.178
323.295
323.41
323.534
325.219
325.221
325.195
325.049
324.892
323.57
311.942
310.565
310.517
311.767
323.177
324.401
324.367
324.218
324.011
323.845
323.713
323.61
323.539
323.501
323.495
323.515
323.553
323.605
323.67
323.758
325.007
324.873
324.68
324.452
324.417
323.152
311.433
310.038
310.016
311.379
323.318
324.708
324.643
324.548
324.396
324.282
324.188
324.106
324.035
323.98
323.94
323.918
323.913
323.924
323.954
324.015
324.551
324.261
323.869
323.469
322.747
321.454
311.533
310.303
310.292
311.585
322.451
324.27
325.154
325.232
324.971
324.693
324.47
324.311
324.207
324.141
324.1
324.08
324.078
324.095
324.134
324.206
323.816
323.515
323.015
321.336
303.949
300.832
298.92
298.385
298.394
298.978
301.081
304.587
324.069
325.465
325.189
324.849
324.554
324.336
324.216
324.172
324.179
324.215
324.27
324.345
324.444
324.578
323.021
322.98
322.808
321.016
301.075
297.471
296.424
296.117
296.126
296.465
297.614
301.57
323.429
325.435
325.347
325.062
324.807
324.628
324.524
324.493
324.531
324.607
324.695
324.784
324.873
324.975
322.465
322.709
322.808
321.125
300.505
296.739
295.793
295.54
295.547
295.827
296.857
300.942
323.255
325.395
325.386
325.133
324.892
324.712
324.595
324.54
324.535
324.562
324.608
324.663
324.716
324.775
322.262
322.615
322.834
321.248
300.381
296.561
295.624
295.382
295.389
295.656
296.672
300.797
323.214
325.378
325.374
325.088
324.808
324.589
324.438
324.352
324.316
324.315
324.34
324.374
324.41
324.46
322.138
322.503
322.724
321.162
300.347
296.534
295.604
295.366
295.373
295.636
296.649
300.788
323.267
325.463
325.442
325.163
324.857
324.601
324.414
324.299
324.238
324.218
324.221
324.236
324.259
324.301
322.152
322.429
322.532
320.898
300.361
296.609
295.699
295.468
295.474
295.731
296.735
300.871
323.452
325.752
325.719
325.423
325.073
324.774
324.549
324.409
324.331
324.289
324.271
324.271
324.284
324.322
322.567
322.569
322.394
320.62
300.578
296.97
296.107
295.887
295.889
296.128
297.09
301.147
323.746
326.204
326.239
325.695
325.268
324.946
324.724
324.581
324.493
324.443
324.421
324.419
324.434
324.474
323.28
323
322.447
320.55
301.784
298.578
297.825
297.621
297.603
297.787
298.605
302.258
323.875
325.896
325.771
325.414
325.097
324.868
324.719
324.629
324.583
324.566
324.571
324.591
324.625
324.68
323.96
323.603
322.908
321.266
309.559
307.822
307.315
307.076
306.938
306.929
307.289
309.221
322.699
324.356
324.569
324.554
324.518
324.503
324.512
324.539
324.579
324.628
324.683
324.743
324.806
324.876
324.429
324.163
323.538
321.854
310.516
309.018
308.636
308.478
308.404
308.422
308.705
310.211
322.064
323.639
324.014
324.169
324.274
324.37
324.464
324.558
324.649
324.738
324.824
324.905
324.98
325.048
324.676
324.519
324.04
322.386
310.635
309.152
308.809
308.68
308.621
308.638
308.887
310.312
322.192
323.742
324.128
324.3
324.418
324.519
324.616
324.711
324.803
324.893
324.98
325.061
325.125
325.136
324.805
324.709
324.351
322.805
310.793
309.309
308.986
308.871
308.821
308.84
309.075
310.468
322.391
323.891
324.25
324.412
324.525
324.624
324.72
324.815
324.909
325.002
325.091
325.169
325.216
325.179
324.883
324.811
324.537
323.186
312.055
310.69
310.399
310.299
310.259
310.279
310.491
311.764
322.79
324.147
324.463
324.604
324.703
324.791
324.875
324.96
325.045
325.131
325.213
325.277
325.268
324.897
324.934
324.877
324.679
323.657
315.085
314.024
313.797
313.721
313.693
313.712
313.883
314.877
323.394
324.449
324.696
324.809
324.893
324.968
325.04
325.114
325.188
325.264
325.334
325.376
325.282
324.414
324.959
324.92
324.802
324.191
319.214
318.574
318.435
318.391
318.38
318.4
318.517
319.129
324.103
324.754
324.921
325.007
325.074
325.137
325.198
325.26
325.323
325.387
325.444
325.46
325.287
323.994
324.962
324.941
324.893
324.653
322.913
322.659
322.604
322.592
322.598
322.62
322.687
322.952
324.72
325.003
325.098
325.157
325.21
325.261
325.313
325.364
325.417
325.469
325.515
325.513
325.293
323.798
324.953
324.945
324.945
324.936
325.089
325.077
325.078
325.089
325.106
325.129
325.164
325.213
325.102
325.156
325.203
325.245
325.287
325.331
325.375
325.419
325.463
325.507
325.541
325.527
325.29
323.8
324.941
324.941
324.963
325.037
325.729
325.806
325.832
325.854
325.877
325.901
325.922
325.894
325.251
325.222
325.248
325.281
325.317
325.355
325.395
325.434
325.474
325.511
325.537
325.514
325.271
323.791
324.931
324.935
324.961
325.032
325.526
325.599
325.63
325.655
325.68
325.704
325.723
325.701
325.258
325.235
325.257
325.287
325.319
325.355
325.392
325.429
325.465
325.498
325.518
325.49
325.249
323.797
324.924
324.929
324.954
324.998
325.17
325.213
325.241
325.266
325.291
325.315
325.337
325.344
325.225
325.232
325.256
325.285
325.316
325.349
325.384
325.42
325.454
325.484
325.502
325.476
325.255
323.916
324.919
324.925
324.949
324.975
324.975
325
325.025
325.049
325.074
325.099
325.124
325.149
325.203
325.23
325.257
325.285
325.315
325.347
325.379
325.413
325.446
325.475
325.493
325.475
325.298
324.22
324.916
324.923
324.947
324.97
324.943
324.963
324.988
325.012
325.037
325.063
325.09
325.12
325.202
325.234
325.261
325.289
325.318
325.348
325.379
325.41
325.441
325.47
325.49
325.484
325.371
324.668
324.913
324.921
324.947
324.972
324.974
324.997
325.022
325.047
325.072
325.099
325.126
325.156
325.21
325.24
325.267
325.294
325.322
325.35
325.379
325.409
325.439
325.467
325.489
325.497
325.448
325.12
324.912
324.921
324.948
324.976
325.001
325.027
325.053
325.079
325.105
325.132
325.159
325.187
325.218
325.246
325.272
325.299
325.325
325.353
325.38
325.409
325.437
325.464
325.489
325.507
325.506
325.445
324.911
324.921
324.948
324.979
325.011
325.038
325.065
325.091
325.117
325.145
325.172
325.199
325.224
325.251
325.277
325.303
325.329
325.355
325.381
325.408
325.436
325.462
325.488
325.511
325.537
325.602
324.91
324.921
324.949
324.98
325.011
325.039
325.066
325.093
325.12
325.147
325.174
325.202
325.228
325.255
325.281
325.306
325.332
325.357
325.383
325.409
325.435
325.46
325.486
325.512
325.545
325.636
324.91
324.922
324.951
324.982
325.01
325.038
325.066
325.093
325.121
325.148
325.175
325.203
325.232
325.259
325.285
325.31
325.334
325.359
325.384
325.409
325.434
325.459
325.484
325.51
325.543
325.616
324.91
324.923
324.952
324.983
325.011
325.039
325.068
325.096
325.123
325.151
325.178
325.205
325.235
325.262
325.288
325.313
325.337
325.362
325.386
325.41
325.434
325.459
325.483
325.509
325.539
325.592
324.911
324.924
324.953
324.984
325.013
325.042
325.07
325.099
325.127
325.154
325.182
325.209
325.238
325.265
325.291
325.316
325.34
325.364
325.388
325.411
325.435
325.459
325.483
325.508
325.536
325.581
324.912
324.925
324.954
324.985
325.015
325.044
325.073
325.102
325.13
325.158
325.185
325.213
325.241
325.268
325.294
325.319
325.343
325.367
325.39
325.413
325.437
325.46
325.484
325.509
325.536
325.58
324.914
324.927
324.956
324.988
325.018
325.048
325.077
325.106
325.134
325.162
325.19
325.217
325.245
325.272
325.297
325.323
325.347
325.37
325.393
325.416
325.44
325.463
325.487
325.511
325.538
325.583
324.918
324.932
324.962
324.993
325.024
325.054
325.084
325.113
325.142
325.17
325.198
325.225
325.252
325.279
325.304
325.33
325.354
325.378
325.401
325.424
325.447
325.47
325.493
325.517
325.544
325.588
324.938
324.955
324.986
325.018
325.049
325.08
325.11
325.139
325.168
325.196
325.224
325.251
325.278
325.304
325.33
325.355
325.38
325.404
325.427
325.45
325.473
325.496
325.519
325.543
325.568
325.609
)
;
        Tnbr            T;
        qrNbr           none;
        qr              none;
        thermalInertia  false;
        thicknessLayers List<scalar> 0();
        kappaLayers     List<scalar> 0();
        kappaMethod     solidThermo;
        kappa           none;
        alphaAni        none;
        alpha           none;
    }
}


// ************************************************************************* //
