/*--------------------------------*- C++ -*----------------------------------*\
| =========                 |                                                 |
| \\      /  F ield         | OpenFOAM: The Open Source CFD Toolbox           |
|  \\    /   O peration     | Version:  v2012                                 |
|   \\  /    A nd           | Website:  www.openfoam.com                      |
|    \\/     M anipulation  |                                                 |
\*---------------------------------------------------------------------------*/
FoamFile
{
    version     2.0;
    format      ascii;
    class       volScalarField;
    location    "500/concrete";
    object      T;
}
// * * * * * * * * * * * * * * * * * * * * * * * * * * * * * * * * * * * * * //

dimensions      [0 0 0 1 0 0 0];


internalField   nonuniform List<scalar> 
1924
(
326.074
326.146
326.211
326.168
326.038
324.806
312.063
310.771
310.663
311.613
322.878
323.722
323.635
323.524
323.407
323.357
323.358
323.395
323.462
323.554
323.665
323.786
323.91
324.032
324.151
324.276
326.001
326.009
325.989
325.846
325.735
324.548
312.092
310.836
310.789
311.921
324.16
325.253
325.165
324.997
324.776
324.604
324.468
324.364
324.294
324.261
324.261
324.285
324.328
324.382
324.448
324.535
325.787
325.654
325.461
325.242
325.295
324.173
311.58
310.294
310.271
311.52
324.346
325.597
325.435
325.312
325.15
325.038
324.946
324.865
324.797
324.747
324.713
324.696
324.695
324.706
324.734
324.791
325.32
325.024
324.628
324.288
323.827
322.704
311.993
310.84
310.826
312.033
323.773
325.448
326.046
326.035
325.728
325.435
325.199
325.03
324.92
324.852
324.816
324.805
324.815
324.845
324.895
324.975
324.556
324.251
323.774
322.272
303.441
300.434
298.593
298.088
298.097
298.646
300.671
304.045
325.091
326.263
325.924
325.587
325.306
325.103
325.005
324.973
324.994
325.049
325.13
325.234
325.353
325.491
323.726
323.7
323.592
322.051
300.656
297.182
296.194
295.906
295.914
296.232
297.314
301.12
324.522
326.273
326.123
325.831
325.581
325.407
325.31
325.276
325.292
325.34
325.404
325.495
325.583
325.669
323.151
323.424
323.607
322.205
300.119
296.491
295.599
295.362
295.369
295.63
296.599
300.529
324.407
326.283
326.204
325.935
325.685
325.496
325.367
325.294
325.267
325.27
325.294
325.344
325.4
325.459
322.95
323.333
323.642
322.35
300.004
296.323
295.441
295.214
295.22
295.469
296.424
300.394
324.395
326.292
326.216
325.91
325.621
325.393
325.231
325.133
325.084
325.07
325.086
325.119
325.156
325.205
322.823
323.216
323.526
322.261
299.97
296.297
295.421
295.198
295.204
295.449
296.402
300.386
324.461
326.395
326.294
326
325.693
325.435
325.244
325.124
325.057
325.031
325.031
325.044
325.066
325.106
322.834
323.136
323.323
321.975
299.982
296.367
295.51
295.293
295.298
295.538
296.482
300.464
324.644
326.678
326.553
326.257
325.918
325.621
325.393
325.253
325.173
325.129
325.111
325.11
325.123
325.158
323.267
323.278
323.17
321.661
300.184
296.706
295.893
295.686
295.687
295.911
296.816
300.726
324.942
327.142
327.091
326.514
326.097
325.777
325.556
325.412
325.324
325.274
325.254
325.255
325.272
325.311
324.013
323.727
323.208
321.533
301.35
298.257
297.547
297.355
297.336
297.507
298.278
301.806
325.069
326.824
326.607
326.221
325.894
325.664
325.514
325.426
325.381
325.367
325.377
325.403
325.441
325.496
324.722
324.354
323.672
322.176
309.762
308.174
307.702
307.463
307.316
307.286
307.593
309.359
323.68
325.165
325.328
325.301
325.266
325.255
325.269
325.301
325.346
325.401
325.464
325.531
325.599
325.672
325.204
324.934
324.325
322.757
310.646
309.28
308.929
308.777
308.7
308.708
308.951
310.314
322.965
324.405
324.745
324.896
325.006
325.109
325.211
325.31
325.407
325.502
325.595
325.684
325.765
325.836
325.452
325.298
324.845
323.308
310.728
309.374
309.062
308.938
308.877
308.885
309.098
310.387
323.104
324.525
324.878
325.044
325.163
325.269
325.371
325.47
325.567
325.661
325.754
325.84
325.911
325.927
325.577
325.489
325.162
323.74
310.857
309.499
309.206
309.096
309.045
309.055
309.256
310.518
323.303
324.676
325.004
325.16
325.275
325.378
325.479
325.578
325.676
325.773
325.867
325.951
326.007
325.978
325.654
325.59
325.346
324.112
312.158
310.907
310.644
310.549
310.507
310.519
310.701
311.856
323.695
324.938
325.225
325.361
325.462
325.554
325.642
325.731
325.82
325.909
325.996
326.067
326.072
325.726
325.705
325.656
325.482
324.551
315.351
314.378
314.173
314.101
314.072
314.086
314.232
315.134
324.275
325.241
325.466
325.576
325.662
325.739
325.815
325.891
325.969
326.048
326.123
326.173
326.102
325.298
325.731
325.698
325.595
325.042
319.719
319.134
319.01
318.969
318.958
318.975
319.076
319.632
324.949
325.546
325.7
325.783
325.852
325.916
325.98
326.043
326.109
326.175
326.237
326.264
326.121
324.927
325.734
325.718
325.678
325.464
323.627
323.399
323.35
323.341
323.347
323.367
323.428
323.668
325.532
325.792
325.88
325.939
325.993
326.045
326.097
326.15
326.204
326.26
326.31
326.32
326.136
324.76
325.725
325.721
325.723
325.719
325.911
325.904
325.907
325.92
325.937
325.96
325.994
326.039
325.89
325.941
325.987
326.029
326.072
326.116
326.161
326.206
326.251
326.297
326.336
326.334
326.135
324.778
325.712
325.715
325.737
325.808
326.565
326.639
326.665
326.688
326.712
326.736
326.758
326.735
326.028
326.005
326.031
326.065
326.102
326.141
326.181
326.221
326.261
326.3
326.33
326.318
326.114
324.77
325.701
325.708
325.735
325.802
326.333
326.403
326.434
326.46
326.485
326.51
326.53
326.512
326.033
326.016
326.039
326.07
326.104
326.14
326.177
326.215
326.252
326.286
326.31
326.293
326.089
324.77
325.693
325.702
325.728
325.77
325.95
325.992
326.021
326.046
326.072
326.097
326.119
326.128
326.002
326.013
326.038
326.068
326.1
326.134
326.17
326.206
326.24
326.272
326.293
326.276
326.088
324.872
325.688
325.698
325.722
325.749
325.744
325.77
325.796
325.821
325.846
325.872
325.897
325.923
325.983
326.011
326.039
326.068
326.098
326.131
326.165
326.199
326.232
326.262
326.283
326.272
326.123
325.144
325.684
325.695
325.72
325.745
325.713
325.735
325.76
325.785
325.811
325.837
325.865
325.895
325.983
326.015
326.043
326.072
326.101
326.132
326.164
326.196
326.228
326.257
326.279
326.279
326.185
325.548
325.681
325.693
325.72
325.748
325.747
325.771
325.797
325.823
325.849
325.876
325.904
325.934
325.991
326.022
326.049
326.077
326.105
326.134
326.164
326.195
326.225
326.254
326.278
326.288
326.251
325.957
325.679
325.693
325.721
325.752
325.776
325.803
325.829
325.856
325.882
325.91
325.938
325.967
326
326.029
326.055
326.081
326.108
326.136
326.165
326.194
326.223
326.251
326.277
326.296
326.3
326.25
325.678
325.693
325.723
325.755
325.787
325.814
325.841
325.868
325.895
325.923
325.951
325.979
326.006
326.035
326.06
326.086
326.112
326.138
326.166
326.194
326.222
326.249
326.275
326.3
326.326
326.39
325.678
325.693
325.724
325.757
325.787
325.815
325.842
325.87
325.897
325.925
325.953
325.981
326.011
326.039
326.065
326.09
326.115
326.14
326.167
326.193
326.22
326.247
326.273
326.3
326.333
326.418
325.678
325.694
325.726
325.759
325.787
325.814
325.842
325.87
325.898
325.926
325.954
325.983
326.015
326.044
326.07
326.094
326.118
326.143
326.168
326.194
326.22
326.245
326.271
326.298
326.33
326.399
325.679
325.696
325.728
325.76
325.788
325.816
325.844
325.873
325.901
325.929
325.957
325.986
326.018
326.048
326.074
326.098
326.122
326.146
326.17
326.195
326.22
326.245
326.27
326.297
326.327
326.378
325.68
325.698
325.729
325.762
325.79
325.819
325.848
325.877
325.906
325.934
325.962
325.99
326.022
326.051
326.078
326.103
326.126
326.15
326.173
326.197
326.221
326.246
326.271
326.296
326.325
326.368
325.682
325.7
325.731
325.764
325.793
325.822
325.852
325.881
325.91
325.939
325.967
325.995
326.026
326.055
326.082
326.107
326.131
326.154
326.177
326.2
326.224
326.248
326.272
326.298
326.326
326.368
325.684
325.702
325.734
325.766
325.796
325.826
325.856
325.886
325.915
325.944
325.972
326
326.03
326.059
326.086
326.111
326.135
326.159
326.181
326.204
326.228
326.251
326.276
326.3
326.328
326.371
325.689
325.707
325.739
325.771
325.802
325.833
325.864
325.894
325.923
325.952
325.98
326.008
326.037
326.065
326.092
326.118
326.143
326.167
326.189
326.212
326.235
326.259
326.283
326.307
326.334
326.377
325.707
325.728
325.76
325.793
325.825
325.856
325.887
325.918
325.947
325.976
326.005
326.033
326.061
326.089
326.115
326.141
326.167
326.191
326.214
326.237
326.26
326.284
326.307
326.331
326.357
326.396
327.641
327.73
327.811
327.782
327.742
326.881
312.197
311.255
311.153
311.783
324.797
325.269
325.071
324.924
324.784
324.725
324.725
324.765
324.838
324.94
325.062
325.194
325.33
325.463
325.591
325.72
327.579
327.603
327.596
327.456
327.443
326.629
312.299
311.386
311.341
312.137
326.258
326.99
326.786
326.579
326.325
326.131
325.977
325.857
325.776
325.736
325.732
325.756
325.8
325.857
325.925
326.01
327.362
327.234
327.039
326.833
327.081
326.35
311.762
310.794
310.769
311.687
326.535
327.403
327.026
326.853
326.673
326.563
326.473
326.391
326.321
326.266
326.227
326.206
326.202
326.211
326.236
326.285
326.871
326.564
326.158
325.945
326.193
325.517
312.967
312.047
312.025
312.974
326.754
328.044
327.885
327.703
327.324
326.997
326.741
326.56
326.441
326.367
326.324
326.307
326.314
326.342
326.391
326.467
326.047
325.737
325.306
324.309
302.098
299.443
297.819
297.389
297.396
297.865
299.65
302.633
327.501
328.045
327.536
327.15
326.834
326.609
326.512
326.48
326.506
326.572
326.665
326.784
326.919
327.067
325.145
325.151
325.184
324.325
299.623
296.559
295.713
295.469
295.475
295.746
296.672
300.028
327.042
328.082
327.757
327.415
327.144
326.963
326.864
326.833
326.856
326.914
326.984
327.085
327.178
327.259
324.532
324.868
325.234
324.583
299.165
295.967
295.205
295.004
295.01
295.232
296.059
299.523
326.981
328.106
327.846
327.527
327.257
327.06
326.924
326.85
326.822
326.825
326.848
326.899
326.954
327.005
324.339
324.785
325.288
324.777
299.068
295.825
295.071
294.878
294.884
295.095
295.911
299.408
326.985
328.114
327.852
327.486
327.169
326.926
326.755
326.653
326.601
326.587
326.604
326.639
326.675
326.718
324.207
324.659
325.162
324.681
299.04
295.803
295.054
294.865
294.87
295.078
295.892
299.402
327.055
328.222
327.925
327.575
327.24
326.965
326.76
326.635
326.565
326.539
326.539
326.552
326.574
326.607
324.21
324.564
324.932
324.345
299.048
295.862
295.13
294.945
294.949
295.153
295.96
299.469
327.25
328.533
328.203
327.859
327.488
327.167
326.922
326.774
326.69
326.644
326.624
326.623
326.635
326.663
324.68
324.711
324.746
323.951
299.219
296.152
295.457
295.281
295.282
295.472
296.245
299.694
327.567
329.077
328.849
328.155
327.694
327.345
327.107
326.952
326.857
326.803
326.781
326.78
326.796
326.829
325.499
325.197
324.75
323.687
300.253
297.521
296.915
296.751
296.735
296.879
297.537
300.654
327.692
328.733
328.305
327.847
327.481
327.228
327.065
326.968
326.918
326.903
326.912
326.939
326.978
327.029
326.267
325.876
325.219
324.118
310.149
308.973
308.581
308.346
308.178
308.103
308.287
309.592
325.774
326.801
326.86
326.812
326.775
326.769
326.787
326.824
326.875
326.935
327.003
327.075
327.147
327.219
326.778
326.502
325.927
324.684
310.825
309.822
309.547
309.409
309.329
309.313
309.468
310.439
324.893
325.964
326.235
326.38
326.498
326.613
326.726
326.835
326.941
327.043
327.144
327.24
327.327
327.4
327.028
326.883
326.487
325.283
310.818
309.826
309.588
309.477
309.412
309.399
309.53
310.443
325.063
326.128
326.412
326.569
326.691
326.803
326.911
327.016
327.118
327.219
327.317
327.41
327.489
327.514
327.147
327.075
326.819
325.745
310.874
309.873
309.652
309.555
309.501
309.492
309.614
310.51
325.264
326.284
326.542
326.688
326.805
326.914
327.021
327.127
327.231
327.335
327.436
327.529
327.598
327.58
327.218
327.173
326.996
326.089
312.258
311.33
311.132
311.048
311.003
310.999
311.111
311.934
325.633
326.554
326.778
326.905
327.008
327.103
327.197
327.29
327.385
327.48
327.574
327.657
327.692
327.412
327.265
327.234
327.114
326.44
315.807
315.084
314.93
314.867
314.836
314.837
314.929
315.573
326.14
326.855
327.031
327.133
327.22
327.301
327.381
327.462
327.544
327.629
327.712
327.778
327.758
327.136
327.287
327.269
327.202
326.808
320.703
320.273
320.18
320.146
320.134
320.143
320.211
320.609
326.708
327.151
327.274
327.353
327.423
327.491
327.558
327.625
327.694
327.766
327.836
327.882
327.811
326.903
327.287
327.283
327.261
327.114
325.07
324.907
324.874
324.87
324.876
324.894
324.939
325.115
327.189
327.386
327.461
327.518
327.573
327.628
327.683
327.739
327.796
327.857
327.915
327.947
327.844
326.813
327.274
327.281
327.29
327.295
327.585
327.588
327.596
327.611
327.63
327.654
327.685
327.724
327.48
327.525
327.569
327.612
327.657
327.703
327.75
327.797
327.846
327.896
327.942
327.962
327.847
326.871
327.26
327.272
327.296
327.355
328.265
328.326
328.353
328.378
328.403
328.429
328.454
328.446
327.59
327.582
327.612
327.647
327.686
327.728
327.77
327.813
327.855
327.898
327.935
327.945
327.824
326.866
327.248
327.264
327.291
327.348
327.966
328.025
328.055
328.083
328.11
328.136
328.16
328.157
327.594
327.591
327.618
327.651
327.687
327.725
327.765
327.805
327.844
327.882
327.913
327.916
327.792
326.852
327.24
327.257
327.285
327.324
327.522
327.561
327.59
327.617
327.644
327.671
327.696
327.712
327.57
327.588
327.616
327.648
327.682
327.718
327.756
327.795
327.832
327.866
327.894
327.895
327.78
326.913
327.235
327.253
327.281
327.31
327.294
327.321
327.348
327.375
327.401
327.429
327.456
327.484
327.557
327.588
327.617
327.648
327.681
327.715
327.751
327.787
327.823
327.856
327.882
327.885
327.796
327.099
327.231
327.251
327.28
327.307
327.265
327.289
327.316
327.343
327.37
327.399
327.427
327.458
327.56
327.593
327.622
327.652
327.684
327.716
327.75
327.785
327.819
327.85
327.876
327.887
327.834
327.384
327.228
327.249
327.28
327.31
327.307
327.333
327.361
327.388
327.416
327.445
327.474
327.505
327.568
327.6
327.629
327.658
327.688
327.719
327.751
327.783
327.816
327.847
327.874
327.891
327.875
327.673
327.226
327.248
327.281
327.314
327.34
327.369
327.397
327.425
327.453
327.482
327.512
327.542
327.577
327.607
327.635
327.663
327.692
327.721
327.752
327.783
327.814
327.844
327.871
327.894
327.906
327.879
327.225
327.248
327.282
327.316
327.351
327.38
327.409
327.437
327.466
327.496
327.526
327.555
327.583
327.613
327.64
327.667
327.695
327.723
327.752
327.782
327.812
327.841
327.869
327.895
327.922
327.976
327.224
327.249
327.283
327.319
327.351
327.38
327.409
327.438
327.468
327.497
327.527
327.557
327.588
327.618
327.645
327.672
327.698
327.726
327.754
327.782
327.81
327.839
327.866
327.894
327.925
327.994
327.224
327.25
327.285
327.32
327.35
327.379
327.409
327.439
327.468
327.498
327.528
327.558
327.592
327.623
327.65
327.676
327.702
327.728
327.755
327.782
327.81
327.837
327.864
327.892
327.923
327.979
327.225
327.252
327.287
327.322
327.351
327.381
327.412
327.442
327.472
327.502
327.531
327.561
327.596
327.627
327.655
327.681
327.706
327.731
327.757
327.783
327.81
327.837
327.863
327.891
327.92
327.963
327.227
327.253
327.289
327.324
327.354
327.384
327.415
327.446
327.476
327.506
327.536
327.566
327.6
327.631
327.659
327.685
327.71
327.735
327.76
327.785
327.811
327.837
327.864
327.89
327.919
327.957
327.228
327.255
327.291
327.326
327.357
327.388
327.419
327.451
327.481
327.511
327.541
327.571
327.603
327.634
327.663
327.689
327.715
327.739
327.764
327.788
327.814
327.839
327.865
327.892
327.92
327.957
327.231
327.258
327.293
327.328
327.36
327.391
327.423
327.455
327.486
327.517
327.546
327.576
327.608
327.638
327.666
327.694
327.719
327.744
327.768
327.793
327.817
327.843
327.868
327.894
327.922
327.96
327.234
327.262
327.296
327.331
327.364
327.397
327.43
327.462
327.493
327.523
327.553
327.583
327.614
327.643
327.672
327.699
327.726
327.751
327.775
327.799
327.824
327.849
327.874
327.9
327.927
327.964
327.246
327.275
327.311
327.346
327.38
327.413
327.446
327.478
327.51
327.54
327.571
327.6
327.63
327.659
327.688
327.715
327.742
327.768
327.793
327.817
327.842
327.867
327.892
327.916
327.943
327.978
)
;

boundaryField
{
    concrete_to_air
    {
        type            compressible::turbulentTemperatureRadCoupledMixed;
        refValue        nonuniform List<scalar> 
898
(
313.312
313.359
313.387
313.395
313.42
313.441
313.208
312.906
312.58
312.3
312.259
312.234
312.218
312.21
312.208
312.212
312.22
312.232
312.248
312.267
312.288
312.31
312.333
312.357
312.382
312.407
313.26
313.263
313.228
313.169
313.171
313.198
313.045
312.905
312.765
312.634
312.701
312.759
312.798
312.816
312.815
312.795
312.765
312.73
312.697
312.668
312.647
312.632
312.625
312.625
312.63
312.64
313.12
313.055
312.948
312.852
312.876
312.925
312.753
312.601
312.474
312.372
312.51
312.64
312.745
312.833
312.901
312.946
312.969
312.973
312.964
312.948
312.929
312.913
312.902
312.894
312.891
312.894
312.853
312.739
312.613
312.571
312.68
312.815
312.606
312.418
312.277
312.194
312.544
312.855
313.097
313.238
313.303
313.324
313.318
313.297
313.268
313.239
313.213
313.193
313.181
313.178
313.185
313.201
312.487
312.404
312.353
312.441
313.933
313.673
313.484
313.386
313.337
313.333
313.348
313.359
313.367
313.372
313.372
313.367
313.356
313.341
312.137
312.149
312.221
312.453
313.567
313.251
313.071
312.968
312.903
312.861
312.829
312.802
312.778
312.755
312.731
312.713
312.712
312.712
311.874
311.976
312.148
312.52
313.399
313.021
312.817
312.687
312.595
312.526
312.472
312.433
312.405
312.387
312.374
312.375
312.385
312.396
311.661
311.809
312.043
312.522
313.311
312.91
312.693
312.54
312.431
312.348
312.285
312.242
312.215
312.2
312.197
312.204
312.215
312.229
311.465
311.63
311.882
312.395
313.319
312.876
312.643
312.517
312.411
312.319
312.245
312.199
312.17
312.158
312.157
312.163
312.175
312.19
311.438
311.588
311.809
312.253
313.417
312.978
312.715
312.617
312.5
312.39
312.3
312.248
312.221
312.209
312.207
312.213
312.227
312.245
311.596
311.666
311.795
312.114
313.653
313.338
313.09
312.764
312.597
312.472
312.391
312.342
312.316
312.307
312.311
312.324
312.346
312.374
311.873
311.857
311.872
312.059
313.648
313.166
312.837
312.628
312.493
312.417
312.381
312.37
312.377
312.396
312.424
312.461
312.503
312.551
312.165
312.114
312.055
312.095
311.915
311.704
311.491
311.289
311.105
310.946
310.823
310.776
311.259
311.559
311.766
311.922
312.046
312.151
312.242
312.324
312.401
312.474
312.546
312.62
312.695
312.768
312.41
312.384
312.321
312.275
312.088
311.921
311.772
311.641
311.527
311.429
311.347
311.287
311.492
311.678
311.841
311.987
312.12
312.242
312.356
312.464
312.566
312.665
312.761
312.857
312.951
313.033
312.611
312.623
312.596
312.545
312.346
312.175
312.028
311.9
311.787
311.689
311.605
311.542
311.71
311.876
312.033
312.181
312.321
312.453
312.579
312.698
312.813
312.923
313.031
313.134
313.226
313.278
312.808
312.84
312.849
312.83
312.635
312.461
312.309
312.176
312.06
311.958
311.87
311.803
311.951
312.103
312.252
312.397
312.538
312.675
312.807
312.935
313.058
313.176
313.288
313.388
313.461
313.433
313.007
313.045
313.073
313.083
312.917
312.762
312.625
312.504
312.397
312.304
312.224
312.164
312.298
312.438
312.578
312.715
312.85
312.981
313.108
313.231
313.348
313.46
313.562
313.641
313.666
313.482
313.171
313.214
313.254
313.283
313.171
313.063
312.966
312.881
312.807
312.744
312.694
312.66
312.775
312.896
313.017
313.137
313.255
313.369
313.48
313.586
313.688
313.784
313.869
313.925
313.917
313.667
313.267
313.319
313.368
313.411
313.37
313.328
313.291
313.26
313.236
313.221
313.214
313.22
313.31
313.405
313.5
313.594
313.686
313.776
313.862
313.945
314.024
314.099
314.165
314.202
314.169
313.881
313.297
313.355
313.412
313.467
313.489
313.509
313.529
313.55
313.575
313.604
313.638
313.678
313.747
313.818
313.888
313.958
314.026
314.093
314.158
314.22
314.279
314.336
314.388
314.416
314.378
314.09
313.29
313.351
313.412
313.472
313.533
313.59
313.646
313.702
313.758
313.814
313.872
313.931
313.987
314.042
314.097
314.151
314.205
314.256
314.307
314.356
314.404
314.45
314.495
314.536
314.55
314.468
313.273
313.335
313.397
313.458
313.53
313.6
313.668
313.735
313.801
313.866
313.931
313.994
314.045
314.095
314.144
314.193
314.24
314.286
314.332
314.377
314.42
314.463
314.505
314.546
314.579
314.575
313.261
313.322
313.383
313.444
313.512
313.579
313.645
313.71
313.774
313.837
313.898
313.958
314.009
314.059
314.108
314.156
314.203
314.249
314.294
314.338
314.382
314.425
314.467
314.508
314.546
314.572
313.254
313.315
313.375
313.434
313.496
313.557
313.617
313.676
313.735
313.793
313.849
313.905
313.957
314.008
314.058
314.107
314.155
314.202
314.249
314.294
314.339
314.383
314.426
314.467
314.507
314.538
313.25
313.31
313.369
313.428
313.485
313.543
313.599
313.655
313.71
313.765
313.818
313.871
313.924
313.975
314.026
314.076
314.124
314.172
314.219
314.265
314.31
314.355
314.398
314.441
314.481
314.515
313.246
313.306
313.365
313.423
313.479
313.535
313.591
313.645
313.699
313.753
313.805
313.857
313.91
313.961
314.011
314.061
314.11
314.158
314.205
314.251
314.296
314.341
314.385
314.427
314.469
314.505
313.243
313.302
313.361
313.418
313.475
313.531
313.586
313.641
313.695
313.748
313.801
313.852
313.904
313.955
314.005
314.054
314.103
314.15
314.197
314.243
314.288
314.333
314.377
314.42
314.462
314.501
313.24
313.299
313.357
313.414
313.471
313.527
313.582
313.637
313.691
313.744
313.796
313.848
313.899
313.95
314
314.049
314.097
314.144
314.191
314.237
314.282
314.326
314.37
314.413
314.456
314.497
313.237
313.296
313.354
313.411
313.468
313.523
313.578
313.633
313.687
313.739
313.792
313.843
313.894
313.945
313.994
314.043
314.091
314.138
314.184
314.23
314.275
314.32
314.364
314.407
314.449
314.492
313.235
313.294
313.351
313.408
313.465
313.52
313.575
313.629
313.682
313.735
313.787
313.838
313.889
313.939
313.988
314.037
314.085
314.132
314.178
314.224
314.269
314.314
314.358
314.401
314.443
314.486
313.233
313.291
313.349
313.406
313.462
313.517
313.572
313.626
313.679
313.731
313.783
313.834
313.885
313.935
313.984
314.032
314.08
314.127
314.173
314.219
314.264
314.308
314.352
314.395
314.438
314.48
313.231
313.29
313.347
313.404
313.46
313.515
313.569
313.623
313.676
313.728
313.78
313.831
313.881
313.931
313.98
314.028
314.076
314.123
314.169
314.215
314.26
314.304
314.348
314.391
314.433
314.476
313.23
313.288
313.345
313.402
313.458
313.513
313.567
313.62
313.673
313.725
313.777
313.828
313.878
313.928
313.976
314.025
314.072
314.119
314.165
314.211
314.256
314.3
314.344
314.387
314.43
314.472
313.229
313.287
313.344
313.4
313.456
313.511
313.565
313.618
313.671
313.723
313.775
313.825
313.875
313.925
313.974
314.022
314.069
314.116
314.162
314.208
314.253
314.297
314.341
314.384
314.426
314.468
313.228
313.286
313.343
313.399
313.455
313.509
313.563
313.617
313.669
313.721
313.773
313.823
313.873
313.923
313.971
314.02
314.067
314.114
314.16
314.205
314.25
314.294
314.338
314.381
314.424
314.466
313.227
313.285
313.342
313.398
313.454
313.508
313.562
313.615
313.668
313.72
313.771
313.822
313.872
313.921
313.97
314.018
314.065
314.112
314.158
314.203
314.248
314.292
314.336
314.379
314.422
314.464
313.226
313.284
313.341
313.398
313.453
313.508
313.562
313.615
313.667
313.719
313.771
313.821
313.871
313.92
313.969
314.017
314.064
314.111
314.157
314.203
314.248
314.292
314.336
314.379
314.421
314.463
)
;
        refGradient     nonuniform List<scalar> 
898
(
58.475
58.8806
59.6497
60.6029
62.2537
65.8724
-3.28842
-0.0681056
0.409179
-1.53723
76.2096
74.6532
74.0213
73.8373
73.2154
72.6668
72.1042
71.4943
70.8608
70.2418
69.6558
69.0905
68.5317
67.9742
67.4184
66.8502
58.6705
59.4556
61.0334
63.047
65.5185
69.1866
-1.59536
1.26271
1.60269
-0.645718
71.3364
68.3677
66.7234
66.24
65.8266
65.8835
66.107
66.3394
66.5215
66.6374
66.6734
66.6157
66.4602
66.2161
65.8976
65.4998
59.3407
60.6558
63.2684
66.4028
70.7998
74.2253
-3.24655
-0.921565
-0.530462
-2.29637
74.4303
70.6462
66.3183
64.9384
64.0439
63.8085
63.8201
63.9508
64.1404
64.3387
64.4996
64.5894
64.5942
64.5222
64.3699
64.117
61.3585
63.2163
66.3503
69.6696
82.5095
85.2056
13.4374
14.6595
14.913
13.8423
80.9279
76.0259
61.6327
60.0456
60.5383
61.5531
62.4369
63.0994
63.5792
63.8909
64.0573
64.0936
64.0192
63.8539
63.6104
63.2656
64.7773
66.2468
68.1952
71.8418
58.1098
56.127
58.5423
60.2758
61.6081
62.583
63.1215
63.1979
63.0498
62.731
62.2838
61.7227
61.1095
60.4746
69.253
69.2952
69.1184
71.5973
60.4366
56.5472
57.8099
59.1999
60.3336
61.0906
61.4821
61.5845
61.479
61.2174
60.8626
60.3854
59.9638
59.6172
72.0095
70.4587
68.6745
70.0878
60.4165
56.3546
57.3372
58.608
59.7373
60.5786
61.1602
61.4806
61.6018
61.5853
61.477
61.2278
60.9682
60.7446
72.687
70.6508
68.2292
68.954
60.1763
56.2388
57.2536
58.7537
60.0994
61.1583
61.9093
62.3553
62.573
62.6236
62.53
62.3619
62.1924
62.0114
73.1513
71.0979
68.6619
69.2303
59.7024
55.6133
56.8267
58.2257
59.64
60.8556
61.7751
62.3314
62.6339
62.7346
62.7192
62.6525
62.5552
62.4185
73.0689
71.4554
69.6328
70.6977
58.7081
54.0101
55.4308
56.7587
58.3429
59.7827
60.9144
61.5863
61.9482
62.1417
62.2223
62.2268
62.1748
62.0635
70.8573
70.7574
70.4864
72.5506
57.1013
51.1009
51.9491
55.2329
57.2643
58.8533
59.9485
60.6577
61.089
61.3263
61.4277
61.4333
61.3676
61.2342
66.9699
68.4779
70.5764
74.0512
56.1654
52.586
54.5486
56.6111
58.2532
59.3878
60.12
60.5534
60.7718
60.8385
60.7988
60.6843
60.5141
60.2928
63.3655
65.2664
68.2418
71.9194
-3.10415
-0.284291
0.600808
1.20128
1.70441
2.04656
1.84117
-1.32325
64.1209
61.4131
61.3751
61.5727
61.665
61.6276
61.4883
61.2759
61.0134
60.719
60.4059
60.0837
59.7576
59.4352
60.9559
62.2686
64.801
69.3457
-4.19242
-1.58624
-0.974697
-0.666765
-0.435366
-0.286922
-0.473187
-2.95664
68.3483
65.1431
64.1795
63.5368
62.9375
62.3541
61.7876
61.2412
60.7189
60.2247
59.7618
59.334
58.9462
58.626
59.8087
60.4714
62.1333
66.5833
-5.94844
-3.22669
-2.61694
-2.33936
-2.13429
-2.00247
-2.20481
-4.70154
67.4873
64.1147
63.0908
62.4538
61.8891
61.3547
60.8398
60.3392
59.8523
59.3838
58.941
58.5382
58.2044
58.0955
59.3034
59.5969
60.5897
64.4429
-7.36222
-4.56893
-3.96105
-3.71026
-3.53262
-3.42578
-3.65812
-6.17853
66.6214
63.3422
62.4104
61.8528
61.3419
60.8337
60.3282
59.8276
59.3338
58.8515
58.392
57.9825
57.688
57.7994
59.0394
59.1811
59.8088
62.9773
-2.6561
-0.0168561
0.568535
0.805321
0.964678
1.04772
0.802265
-1.5824
65.0713
62.0727
61.2566
60.7944
60.3743
59.9444
59.504
59.0587
58.6114
58.1662
57.7368
57.3753
57.2497
58.4685
58.8789
58.948
59.3426
61.6624
12.0595
14.1955
14.6981
14.9089
15.0392
15.0863
14.85
12.8943
63.0771
60.7189
60.0651
59.693
59.3553
59.0015
58.6281
58.2415
57.8466
57.4468
57.0599
56.7605
56.8284
59.2561
58.8161
58.8308
59.0317
60.3779
32.8165
34.1554
34.4879
34.6259
34.6947
34.6882
34.4815
33.1952
60.9109
59.4148
58.9406
58.6436
58.3708
58.084
57.7766
57.4532
57.1187
56.7774
56.4468
56.2208
56.4705
59.8774
58.8363
58.8047
58.8461
59.3376
50.9381
51.4656
51.5954
51.6319
51.6218
51.5587
51.3897
50.7784
59.0853
58.3894
58.0852
57.8572
57.6394
57.4097
57.1603
56.8929
56.6123
56.3246
56.0469
55.8794
56.2316
60.0228
58.8992
58.8345
58.7711
58.7357
60.8262
60.812
60.7877
60.7407
60.6691
60.5676
60.4306
60.2632
57.9794
57.7833
57.591
57.4079
57.2243
57.0314
56.8227
56.5972
56.3597
56.1194
55.8976
55.7766
56.1422
59.5216
58.9643
58.88
58.7664
58.5399
62.9549
62.7347
62.6342
62.5412
62.4374
62.3193
62.1991
62.1896
57.551
57.5333
57.3911
57.2318
57.0676
56.8976
56.7169
56.5224
56.3162
56.1071
55.9192
55.8349
56.2143
59.4964
59.0133
58.9195
58.7915
58.5727
61.2461
61.0311
60.9124
60.8044
60.6919
60.5727
60.4579
60.4308
57.5266
57.4951
57.3617
57.2103
57.054
56.8949
56.7305
56.5571
56.3747
56.191
56.0299
55.9711
56.3557
59.5648
59.0463
58.9477
58.8194
58.6602
59.2352
59.0813
58.9654
58.8539
58.7403
58.6236
58.5076
58.4177
57.6062
57.5108
57.3718
57.223
57.0709
56.9183
56.7645
56.6066
56.443
56.279
56.1354
56.0834
56.4347
59.3953
59.0691
58.9672
58.8398
58.7178
58.3125
58.1956
58.0812
57.9664
57.8512
57.7354
57.6172
57.4879
57.6498
57.5145
57.3713
57.225
57.0771
56.9295
56.7833
56.6368
56.4882
56.3401
56.2085
56.1507
56.4196
58.7973
59.0855
58.9806
58.8517
58.7362
58.2557
58.1424
58.0233
57.9024
57.783
57.6654
57.5453
57.4062
57.6365
57.4928
57.3495
57.2061
57.0624
56.9195
56.7788
56.6404
56.5028
56.3665
56.2417
56.1682
56.3162
57.8446
59.0973
58.9897
58.858
58.7352
58.4571
58.3325
58.2061
58.0788
57.9544
57.8338
57.7125
57.5774
57.6002
57.463
57.3219
57.1813
57.0416
56.903
56.7669
56.6342
56.5043
56.3767
56.2561
56.1645
56.1893
56.8665
59.1054
58.9957
58.8613
58.7308
58.5863
58.4503
58.3175
58.185
58.0563
57.9326
57.81
57.6796
57.565
57.4351
57.2962
57.1576
57.0207
56.8856
56.7532
56.6246
56.4997
56.3776
56.2595
56.1537
56.0866
56.1612
59.1106
58.9996
58.863
58.7279
58.6074
58.4642
58.327
58.1912
58.0595
57.9329
57.8088
57.6801
57.5385
57.4131
57.276
57.1388
57.0039
56.8715
56.7422
56.6166
56.4948
56.3761
56.2601
56.1474
56.0333
55.8284
59.1141
59.0023
58.8638
58.7256
58.5847
58.4374
58.2975
58.1598
58.0259
57.8968
57.7708
57.6417
57.5176
57.3945
57.2594
57.1233
56.9896
56.859
56.7318
56.6082
56.4882
56.3715
56.2576
56.1443
56.0183
55.766
59.1167
59.0042
58.8636
58.7223
58.5632
58.4132
58.2716
58.1329
57.9976
57.8663
57.7383
57.6083
57.499
57.3778
57.2449
57.1104
56.9777
56.848
56.722
56.5996
56.4808
56.3657
56.254
56.1434
56.0222
55.8161
59.1188
59.0053
58.8621
58.7173
58.5521
58.4002
58.2574
58.1181
57.9817
57.8488
57.719
57.588
57.4815
57.3614
57.2312
57.0988
56.9672
56.8379
56.7122
56.5904
56.4725
56.3587
56.2489
56.1413
56.0276
55.8683
59.1204
59.0055
58.8592
58.7105
58.546
58.3929
58.2492
58.1093
57.9722
57.8381
57.7069
57.5752
57.4648
57.3453
57.2175
57.0878
56.9577
56.8289
56.7031
56.5815
56.4643
56.3518
56.2435
56.1377
56.0282
55.8891
59.1215
59.0042
58.8546
58.7024
58.5398
58.3863
58.2418
58.1013
57.9636
57.8287
57.6964
57.5644
57.449
57.329
57.2033
57.0762
56.9482
56.8203
56.6947
56.5732
56.4567
56.3451
56.2376
56.1325
56.0237
55.886
59.1208
59.0003
58.8474
58.6921
58.5312
58.3779
58.2327
58.0915
57.9532
57.8177
57.6848
57.5526
57.433
57.3116
57.1873
57.0625
56.9368
56.8105
56.6856
56.5646
56.4487
56.3378
56.2307
56.1252
56.0158
55.8744
59.1144
58.9891
58.8328
58.675
58.5156
58.3628
58.2167
58.0747
57.9358
57.7998
57.6664
57.5344
57.4111
57.288
57.1642
57.041
56.9173
56.7931
56.6698
56.5498
56.4346
56.3241
56.2168
56.1108
56.0007
55.8579
59.0786
58.943
58.7826
58.6225
58.4643
58.3118
58.1648
58.0218
57.8822
57.7456
57.6118
57.4799
57.3535
57.2285
57.1046
56.9821
56.86
56.738
56.6169
56.4984
56.384
56.2736
56.166
56.0597
55.9504
55.8137
)
;
        valueFraction   nonuniform List<scalar> 
898
(
0.123995
0.124209
0.125239
0.12754
0.129378
0.130603
0.13751
0.144882
0.156613
0.167395
0.170283
0.176172
0.180215
0.182457
0.18326
0.182889
0.181603
0.179626
0.177155
0.174364
0.171432
0.168457
0.165515
0.162665
0.159944
0.157376
0.124188
0.125517
0.12886
0.134522
0.13773
0.139194
0.144547
0.144884
0.145606
0.14658
0.142747
0.143839
0.145343
0.147203
0.14945
0.151874
0.154188
0.156103
0.157432
0.15811
0.158169
0.157689
0.156775
0.155532
0.154054
0.152422
0.126481
0.130146
0.137498
0.145962
0.148725
0.14882
0.153201
0.152306
0.151251
0.150143
0.144087
0.143429
0.14342
0.143538
0.143856
0.144438
0.145299
0.146358
0.147465
0.14846
0.149207
0.14963
0.149696
0.149466
0.148928
0.148101
0.133982
0.140655
0.151422
0.157394
0.159975
0.157304
0.156582
0.150346
0.144139
0.138461
0.129075
0.124586
0.120608
0.123875
0.130592
0.136994
0.142039
0.145564
0.147887
0.14933
0.150116
0.15037
0.150163
0.149543
0.148551
0.147233
0.148349
0.154411
0.161603
0.160133
0.0957661
0.111086
0.124973
0.133139
0.139852
0.144976
0.147317
0.147892
0.147138
0.145423
0.143046
0.140053
0.136762
0.133446
0.167235
0.166422
0.161758
0.150463
0.0989257
0.108388
0.117846
0.124449
0.129422
0.132604
0.134154
0.134373
0.13349
0.13191
0.130138
0.127807
0.125916
0.124584
0.179124
0.170683
0.158283
0.140735
0.0964127
0.105987
0.114201
0.120007
0.124587
0.127874
0.13009
0.131233
0.131554
0.13134
0.130851
0.129821
0.128859
0.128254
0.180262
0.169996
0.155019
0.134115
0.0947405
0.105033
0.113342
0.120175
0.125725
0.129937
0.132867
0.134566
0.135349
0.135477
0.135048
0.134381
0.133786
0.133309
0.180868
0.170857
0.156134
0.134868
0.0929436
0.102509
0.111679
0.11812
0.123975
0.128802
0.132386
0.134526
0.135682
0.136037
0.135971
0.135745
0.135449
0.13515
0.180657
0.172784
0.160946
0.142408
0.0893791
0.0965419
0.106555
0.112531
0.118982
0.12465
0.129088
0.131685
0.133106
0.133911
0.134292
0.13439
0.134307
0.134141
0.170669
0.170239
0.165877
0.152809
0.0838752
0.0856409
0.0928251
0.106653
0.114739
0.121004
0.125308
0.128149
0.129949
0.131009
0.131537
0.131697
0.131617
0.131427
0.153418
0.160396
0.168057
0.164185
0.0801325
0.0907831
0.102733
0.111467
0.118187
0.122866
0.125976
0.12792
0.12902
0.129513
0.12957
0.129334
0.128923
0.128478
0.138523
0.146864
0.159078
0.163977
0.172389
0.168591
0.160548
0.150471
0.139637
0.129494
0.121813
0.119292
0.117767
0.12294
0.126875
0.129384
0.130785
0.13138
0.131415
0.131063
0.130449
0.129658
0.128753
0.127801
0.126868
0.1261
0.129618
0.135015
0.144513
0.153698
0.161856
0.161396
0.159217
0.156468
0.153716
0.151328
0.149457
0.147907
0.142178
0.141246
0.140133
0.138703
0.137059
0.135324
0.133589
0.131908
0.130306
0.128794
0.127376
0.126079
0.124948
0.124186
0.126372
0.128916
0.134115
0.141576
0.150824
0.152686
0.152852
0.152074
0.150762
0.149195
0.147525
0.145688
0.139082
0.137465
0.136074
0.134722
0.133378
0.132038
0.130703
0.129379
0.128073
0.126796
0.12556
0.124409
0.123404
0.122964
0.125881
0.126886
0.12916
0.133195
0.141419
0.143698
0.144863
0.145295
0.145207
0.144762
0.144067
0.14306
0.13712
0.136011
0.134995
0.133914
0.132759
0.131543
0.130281
0.128989
0.127681
0.126366
0.125053
0.123786
0.122632
0.122574
0.126353
0.126761
0.127744
0.129657
0.136092
0.137822
0.138951
0.139631
0.139929
0.139916
0.139643
0.139025
0.133869
0.133087
0.132372
0.131587
0.130723
0.129782
0.128771
0.127696
0.126556
0.125349
0.124061
0.122723
0.121378
0.122652
0.126959
0.127144
0.127621
0.128565
0.133017
0.134065
0.13482
0.135347
0.135653
0.135756
0.135669
0.135309
0.13148
0.130955
0.130456
0.129874
0.1292
0.128436
0.127583
0.126644
0.125614
0.124486
0.123231
0.121865
0.120426
0.121908
0.127477
0.127558
0.127814
0.128321
0.130838
0.131447
0.131913
0.132258
0.132471
0.132548
0.132485
0.132231
0.129965
0.129541
0.129101
0.128583
0.127984
0.127304
0.126544
0.125701
0.124767
0.123729
0.12256
0.121259
0.11986
0.121305
0.127863
0.127872
0.127996
0.128254
0.129203
0.129535
0.129804
0.130002
0.130116
0.130138
0.130064
0.129872
0.128974
0.128633
0.128246
0.127788
0.127258
0.126655
0.125977
0.125223
0.124382
0.123444
0.122389
0.121201
0.119888
0.120923
0.128145
0.128095
0.128127
0.128231
0.128277
0.128442
0.128588
0.128692
0.128738
0.128719
0.12863
0.128469
0.128345
0.128049
0.127688
0.127263
0.126776
0.126227
0.125617
0.124946
0.12421
0.123411
0.12255
0.121659
0.120798
0.12046
0.128348
0.128247
0.128207
0.128212
0.127963
0.128018
0.128072
0.1281
0.128087
0.128027
0.127914
0.127754
0.127828
0.127556
0.127224
0.126839
0.126403
0.125917
0.125381
0.124798
0.124167
0.123495
0.122792
0.122095
0.121473
0.121207
0.128495
0.128351
0.128255
0.128195
0.127974
0.127956
0.127942
0.127911
0.127854
0.127761
0.127629
0.127461
0.127436
0.127177
0.126869
0.126517
0.126123
0.125688
0.125215
0.124707
0.124171
0.123614
0.123054
0.122525
0.122089
0.121971
0.128598
0.128418
0.128278
0.128169
0.128032
0.12796
0.127891
0.127812
0.127715
0.127592
0.12744
0.127257
0.12709
0.126837
0.126547
0.126223
0.125865
0.125476
0.125059
0.124618
0.124159
0.123692
0.123234
0.122811
0.122474
0.122412
0.12867
0.12846
0.128283
0.128135
0.128024
0.127909
0.127798
0.127682
0.127554
0.127408
0.127239
0.127046
0.126811
0.126563
0.126289
0.125987
0.12566
0.125308
0.124936
0.124548
0.12415
0.123753
0.12337
0.123023
0.122749
0.122689
0.128718
0.128482
0.128275
0.128093
0.127955
0.127806
0.127661
0.127515
0.127361
0.127195
0.127013
0.126811
0.126566
0.126323
0.12606
0.125776
0.125472
0.125151
0.124815
0.124469
0.124118
0.123773
0.123442
0.123143
0.1229
0.122804
0.128748
0.12849
0.128258
0.128049
0.127869
0.127691
0.12752
0.12735
0.127176
0.126994
0.126801
0.126594
0.126361
0.126123
0.12587
0.125601
0.125317
0.125021
0.124715
0.124402
0.124089
0.123782
0.123491
0.123225
0.123
0.122859
0.128764
0.128487
0.128234
0.128003
0.12779
0.12759
0.127397
0.127207
0.127016
0.126821
0.126618
0.126407
0.126182
0.125948
0.125702
0.125445
0.125177
0.1249
0.124618
0.124332
0.124047
0.123769
0.123505
0.123262
0.123047
0.122873
0.12877
0.128478
0.128207
0.127957
0.127724
0.127504
0.127294
0.127088
0.126884
0.126677
0.126467
0.126251
0.126028
0.125796
0.125557
0.12531
0.125056
0.124796
0.124532
0.124267
0.124005
0.12375
0.123506
0.123279
0.123073
0.122884
0.128769
0.128463
0.128178
0.127913
0.127664
0.12743
0.127204
0.126985
0.12677
0.126554
0.126337
0.126117
0.125892
0.125662
0.125428
0.125189
0.124945
0.124698
0.124449
0.1242
0.123955
0.123717
0.123488
0.123273
0.123074
0.122885
0.128762
0.128445
0.128148
0.127869
0.127609
0.127362
0.127124
0.126894
0.126669
0.126446
0.126223
0.126
0.125773
0.125545
0.125314
0.125081
0.124846
0.124609
0.124371
0.124136
0.123904
0.123678
0.123462
0.123256
0.123062
0.122878
0.128751
0.128424
0.128117
0.127828
0.127557
0.127299
0.127052
0.126812
0.126579
0.126349
0.126122
0.125896
0.125667
0.12544
0.125212
0.124983
0.124755
0.124526
0.124298
0.124072
0.12385
0.123634
0.123426
0.123226
0.123037
0.122857
0.128737
0.128402
0.128086
0.127788
0.127508
0.127241
0.126985
0.126738
0.126498
0.126263
0.126031
0.125802
0.125574
0.125346
0.12512
0.124896
0.124672
0.124449
0.124228
0.12401
0.123796
0.123587
0.123385
0.123191
0.123006
0.122828
0.128722
0.12838
0.128056
0.127751
0.127463
0.127188
0.126925
0.126671
0.126425
0.126185
0.12595
0.125719
0.12549
0.125263
0.125038
0.124816
0.124595
0.124377
0.124162
0.123949
0.123741
0.123538
0.123341
0.123151
0.122968
0.122791
0.128705
0.128357
0.128027
0.127716
0.127421
0.12714
0.12687
0.126611
0.12636
0.126116
0.125878
0.125644
0.125414
0.125187
0.124964
0.124743
0.124525
0.124311
0.124099
0.123891
0.123688
0.123489
0.123295
0.123108
0.122927
0.122751
0.128688
0.128335
0.128
0.127683
0.127382
0.127095
0.12682
0.126556
0.126301
0.126053
0.125812
0.125577
0.125346
0.125119
0.124896
0.124676
0.12446
0.124248
0.12404
0.123835
0.123635
0.123439
0.123248
0.123063
0.122884
0.122708
0.12867
0.128311
0.127971
0.127649
0.127344
0.127052
0.126772
0.126504
0.126245
0.125995
0.125751
0.125514
0.125282
0.125055
0.124832
0.124613
0.124399
0.124188
0.123982
0.123779
0.123581
0.123388
0.123199
0.123016
0.122838
0.122663
)
;
        value           nonuniform List<scalar> 
898
(
328.424
328.522
328.612
328.589
328.598
327.989
312.194
311.491
311.394
311.806
325.823
326.048
325.789
325.622
325.469
325.405
325.404
325.446
325.523
325.63
325.757
325.896
326.038
326.176
326.31
326.441
328.369
328.402
328.401
328.261
328.302
327.737
312.339
311.66
311.617
312.182
327.381
327.869
327.604
327.377
327.104
326.899
326.735
326.607
326.519
326.474
326.468
326.491
326.536
326.594
326.664
326.748
328.152
328.026
327.829
327.627
327.981
327.511
311.776
311.03
311.004
311.692
327.699
328.311
327.818
327.621
327.433
327.325
327.237
327.156
327.084
327.027
326.986
326.963
326.957
326.964
326.987
327.032
327.649
327.335
326.922
326.775
327.497
327.109
313.477
312.726
312.7
313.462
328.444
329.479
328.81
328.54
328.123
327.779
327.512
327.325
327.202
327.124
327.078
327.058
327.062
327.088
327.137
327.21
326.793
326.478
326.071
325.425
328.828
328.942
328.341
327.931
327.597
327.359
327.264
327.232
327.261
327.333
327.433
327.56
327.703
327.858
325.853
325.875
325.984
325.579
328.43
328.993
328.574
328.207
327.926
327.741
327.642
327.613
327.64
327.703
327.776
327.882
327.977
328.055
325.22
325.589
326.052
325.896
328.399
329.024
328.667
328.323
328.044
327.842
327.704
327.628
327.6
327.603
327.625
327.677
327.731
327.777
325.032
325.511
326.117
326.118
328.411
329.031
328.67
328.273
327.942
327.691
327.516
327.411
327.358
327.344
327.362
327.397
327.433
327.473
324.898
325.38
325.985
326.018
328.484
329.141
328.739
328.361
328.012
327.727
327.517
327.39
327.318
327.291
327.292
327.306
327.327
327.357
324.896
325.277
325.74
325.654
328.683
329.465
329.024
328.658
328.272
327.94
327.685
327.533
327.448
327.401
327.38
327.379
327.39
327.415
325.385
325.425
325.537
325.215
329.01
330.053
329.733
328.976
328.493
328.13
327.883
327.723
327.623
327.567
327.543
327.542
327.557
327.587
326.243
325.932
325.521
324.872
329.141
329.699
329.157
328.661
328.275
328.01
327.84
327.74
327.687
327.67
327.679
327.707
327.746
327.795
327.043
326.638
325.994
325.152
310.325
309.421
309.073
308.84
308.66
308.56
308.677
309.675
326.891
327.618
327.623
327.564
327.528
327.523
327.545
327.585
327.638
327.701
327.771
327.846
327.921
327.992
327.568
327.288
326.732
325.711
310.853
310.094
309.86
309.73
309.648
309.621
309.729
310.438
325.919
326.742
326.977
327.119
327.242
327.363
327.482
327.596
327.706
327.813
327.918
328.018
328.109
328.181
327.818
327.677
327.314
326.337
310.796
310.047
309.85
309.746
309.679
309.655
309.741
310.402
326.11
326.933
327.18
327.332
327.455
327.57
327.681
327.789
327.894
327.997
328.099
328.195
328.279
328.31
327.933
327.869
327.651
326.817
310.807
310.049
309.867
309.777
309.721
309.702
309.783
310.43
326.312
327.091
327.312
327.452
327.57
327.682
327.792
327.9
328.008
328.115
328.22
328.317
328.394
328.381
328
327.965
327.825
327.143
312.233
311.526
311.363
311.285
311.24
311.226
311.301
311.898
326.665
327.365
327.555
327.676
327.78
327.878
327.973
328.07
328.167
328.265
328.363
328.452
328.503
328.267
328.044
328.023
327.932
327.434
315.979
315.428
315.301
315.242
315.21
315.204
315.267
315.736
327.121
327.665
327.813
327.912
327.999
328.082
328.164
328.247
328.331
328.419
328.506
328.58
328.589
328.095
328.065
328.055
328.007
327.719
321.17
320.843
320.768
320.738
320.725
320.73
320.779
321.072
327.615
327.956
328.061
328.138
328.209
328.279
328.347
328.416
328.487
328.561
328.636
328.692
328.659
327.953
328.063
328.065
328.054
327.949
325.791
325.67
325.646
325.643
325.65
325.666
325.704
325.838
328.028
328.184
328.251
328.307
328.364
328.42
328.476
328.533
328.593
328.655
328.718
328.761
328.703
327.912
328.049
328.061
328.073
328.081
328.433
328.439
328.45
328.466
328.486
328.51
328.54
328.577
328.275
328.317
328.359
328.403
328.449
328.496
328.544
328.593
328.643
328.695
328.746
328.777
328.708
327.994
328.034
328.051
328.075
328.124
329.123
329.175
329.202
329.228
329.254
329.281
329.308
329.311
328.368
328.371
328.402
328.439
328.478
328.521
328.564
328.608
328.652
328.696
328.738
328.759
328.683
327.989
328.022
328.041
328.069
328.118
328.786
328.837
328.867
328.895
328.922
328.95
328.976
328.983
328.372
328.379
328.408
328.441
328.478
328.518
328.559
328.6
328.64
328.68
328.714
328.727
328.648
327.969
328.013
328.035
328.064
328.1
328.308
328.344
328.373
328.401
328.428
328.456
328.483
328.503
328.354
328.376
328.405
328.438
328.473
328.51
328.549
328.589
328.627
328.663
328.694
328.704
328.63
328.004
328.008
328.031
328.06
328.09
328.068
328.095
328.123
328.15
328.178
328.206
328.234
328.263
328.344
328.376
328.406
328.438
328.471
328.507
328.544
328.581
328.618
328.652
328.681
328.692
328.635
328.133
328.004
328.028
328.059
328.088
328.041
328.066
328.094
328.122
328.149
328.178
328.208
328.239
328.348
328.381
328.412
328.442
328.475
328.508
328.543
328.579
328.614
328.647
328.675
328.691
328.66
328.338
328.001
328.027
328.059
328.091
328.087
328.114
328.143
328.171
328.199
328.229
328.259
328.29
328.357
328.389
328.418
328.448
328.479
328.511
328.544
328.577
328.611
328.643
328.671
328.692
328.688
328.547
327.999
328.026
328.06
328.094
328.122
328.151
328.18
328.209
328.238
328.268
328.299
328.329
328.365
328.396
328.425
328.453
328.483
328.513
328.545
328.577
328.609
328.64
328.668
328.693
328.71
328.697
327.998
328.026
328.061
328.097
328.133
328.163
328.193
328.222
328.251
328.282
328.313
328.343
328.371
328.402
328.43
328.458
328.486
328.516
328.546
328.576
328.607
328.637
328.665
328.692
328.72
328.766
327.997
328.027
328.063
328.099
328.132
328.163
328.193
328.223
328.253
328.283
328.314
328.344
328.376
328.408
328.435
328.462
328.49
328.518
328.547
328.576
328.605
328.634
328.662
328.69
328.721
328.779
327.997
328.028
328.065
328.101
328.131
328.162
328.193
328.223
328.253
328.284
328.315
328.345
328.381
328.412
328.44
328.467
328.494
328.521
328.548
328.576
328.604
328.632
328.66
328.688
328.719
328.767
327.998
328.029
328.066
328.103
328.133
328.163
328.195
328.226
328.257
328.287
328.318
328.349
328.385
328.417
328.445
328.472
328.498
328.524
328.551
328.578
328.605
328.632
328.66
328.687
328.717
328.756
328
328.031
328.068
328.105
328.135
328.167
328.199
328.23
328.262
328.292
328.323
328.353
328.388
328.42
328.449
328.476
328.502
328.528
328.553
328.58
328.606
328.633
328.66
328.687
328.716
328.751
328.002
328.033
328.07
328.106
328.138
328.17
328.203
328.235
328.267
328.298
328.328
328.358
328.392
328.424
328.453
328.481
328.507
328.532
328.557
328.583
328.608
328.635
328.662
328.688
328.717
328.751
328.004
328.035
328.072
328.108
328.141
328.174
328.207
328.24
328.271
328.303
328.333
328.364
328.396
328.427
328.457
328.485
328.511
328.537
328.562
328.587
328.612
328.638
328.664
328.691
328.719
328.754
328.007
328.039
328.075
328.111
328.145
328.179
328.212
328.245
328.277
328.309
328.34
328.37
328.402
328.432
328.462
328.49
328.517
328.543
328.568
328.593
328.618
328.644
328.67
328.696
328.723
328.757
328.016
328.049
328.086
328.122
328.157
328.191
328.225
328.258
328.291
328.322
328.354
328.384
328.415
328.445
328.474
328.502
328.53
328.556
328.582
328.607
328.632
328.658
328.684
328.709
328.735
328.768
)
;
        Tnbr            T;
        qrNbr           qr;
        qr              none;
        thermalInertia  false;
        thicknessLayers List<scalar> 0();
        kappaLayers     List<scalar> 0();
        kappaMethod     solidThermo;
        kappa           none;
        alphaAni        none;
        alpha           none;
    }
    concrete_to_asphalt
    {
        type            compressible::turbulentTemperatureRadCoupledMixed;
        refValue        nonuniform List<scalar> 
52
(
325.854
325.887
325.921
325.954
325.987
326.019
326.05
326.081
326.111
326.14
326.169
326.197
326.225
326.252
326.279
326.305
326.33
326.355
326.379
326.403
326.426
326.449
326.473
326.496
326.52
326.546
327.259
327.295
327.332
327.367
327.402
327.435
327.468
327.501
327.532
327.563
327.593
327.623
327.652
327.681
327.709
327.737
327.763
327.79
327.815
327.84
327.864
327.889
327.914
327.938
327.963
327.989
)
;
        refGradient     uniform 0;
        valueFraction   nonuniform List<scalar> 
52
(
0.529412
0.529412
0.529412
0.529412
0.529412
0.529412
0.529412
0.529412
0.529412
0.529412
0.529412
0.529412
0.529412
0.529412
0.529412
0.529412
0.529412
0.529412
0.529412
0.529412
0.529412
0.529412
0.529412
0.529412
0.529412
0.529412
0.529412
0.529412
0.529412
0.529412
0.529412
0.529412
0.529412
0.529412
0.529412
0.529412
0.529412
0.529412
0.529412
0.529412
0.529412
0.529412
0.529412
0.529412
0.529412
0.529412
0.529412
0.529412
0.529412
0.529412
0.529412
0.529412
)
;
        value           nonuniform List<scalar> 
52
(
325.785
325.812
325.845
325.878
325.911
325.942
325.974
326.004
326.034
326.063
326.092
326.12
326.148
326.175
326.202
326.228
326.253
326.278
326.301
326.325
326.348
326.371
326.395
326.418
326.443
326.476
327.253
327.286
327.322
327.357
327.391
327.425
327.458
327.49
327.522
327.552
327.583
327.612
327.642
327.671
327.699
327.727
327.753
327.779
327.804
327.829
327.854
327.878
327.903
327.928
327.953
327.984
)
;
        Tnbr            T;
        qrNbr           none;
        qr              none;
        thermalInertia  false;
        thicknessLayers List<scalar> 0();
        kappaLayers     List<scalar> 0();
        kappaMethod     solidThermo;
        kappa           none;
        alphaAni        none;
        alpha           none;
    }
    concrete_to_soil2
    {
        type            compressible::turbulentTemperatureRadCoupledMixed;
        refValue        nonuniform List<scalar> 
200
(
326.238
326.335
326.426
326.447
326.355
325.076
312.361
311.033
310.823
311.525
321.166
322.125
322.353
322.554
322.712
322.877
323.042
323.202
323.358
323.513
323.665
323.814
323.955
324.086
324.208
324.324
326.135
324.521
326.112
324.76
325.993
324.996
325.649
325.205
324.923
325.762
323.909
325.883
323.024
325.65
322.696
325.389
322.514
325.282
322.561
325.332
323.256
325.488
324.192
325.688
324.903
325.846
325.299
326.04
325.502
325.692
325.641
326.273
325.757
323.563
325.84
318.353
325.879
313.935
325.881
311.97
325.865
311.598
325.846
311.571
325.832
311.642
325.823
312.604
325.817
315.234
325.812
319.2
325.809
323.159
325.806
325.871
325.803
327.022
325.802
327.111
325.801
326.829
325.801
326.6
325.801
326.52
325.803
326.526
325.804
326.55
325.807
326.564
325.813
326.571
327.663
327.77
327.874
327.912
327.905
326.95
312.425
311.415
311.212
311.643
322.628
323.332
323.52
323.733
323.905
324.086
324.266
324.44
324.608
324.775
324.938
325.097
325.248
325.388
325.518
325.64
327.557
325.848
327.541
326.108
327.426
326.357
327.072
326.566
326.299
327.212
325.203
327.328
324.259
327.054
323.956
326.765
323.787
326.65
323.837
326.703
324.605
326.871
325.631
327.086
326.393
327.254
326.796
327.488
326.984
327.07
327.1
327.902
327.194
324.919
327.262
319.06
327.292
314.134
327.29
312.014
327.272
311.664
327.253
311.646
327.238
311.686
327.229
312.698
327.222
315.586
327.218
319.98
327.214
324.363
327.211
327.339
327.208
328.57
327.207
328.631
327.206
328.299
327.206
328.042
327.206
327.957
327.207
327.968
327.209
327.995
327.212
328.01
327.217
328.015
)
;
        refGradient     uniform 0;
        valueFraction   nonuniform List<scalar> 
200
(
0.529412
0.529412
0.529412
0.529412
0.529412
0.529412
0.529412
0.529412
0.529412
0.529412
0.529412
0.529412
0.529412
0.529412
0.529412
0.529412
0.529412
0.529412
0.529412
0.529412
0.529412
0.529412
0.529412
0.529412
0.529412
0.529412
0.529412
0.529412
0.529412
0.529412
0.529412
0.529412
0.529412
0.529412
0.529412
0.529412
0.529412
0.529412
0.529412
0.529412
0.529412
0.529412
0.529412
0.529412
0.529412
0.529412
0.529412
0.529412
0.529412
0.529412
0.529412
0.529412
0.529412
0.529412
0.529412
0.529412
0.529412
0.529412
0.529412
0.529412
0.529412
0.529412
0.529412
0.529412
0.529412
0.529412
0.529412
0.529412
0.529412
0.529412
0.529412
0.529412
0.529412
0.529412
0.529412
0.529412
0.529412
0.529412
0.529412
0.529412
0.529412
0.529412
0.529412
0.529412
0.529412
0.529412
0.529412
0.529412
0.529412
0.529412
0.529412
0.529412
0.529412
0.529412
0.529412
0.529412
0.529412
0.529412
0.529412
0.529412
0.529412
0.529412
0.529412
0.529412
0.529412
0.529412
0.529412
0.529412
0.529412
0.529412
0.529412
0.529412
0.529412
0.529412
0.529412
0.529412
0.529412
0.529412
0.529412
0.529412
0.529412
0.529412
0.529412
0.529412
0.529412
0.529412
0.529412
0.529412
0.529412
0.529412
0.529412
0.529412
0.529412
0.529412
0.529412
0.529412
0.529412
0.529412
0.529412
0.529412
0.529412
0.529412
0.529412
0.529412
0.529412
0.529412
0.529412
0.529412
0.529412
0.529412
0.529412
0.529412
0.529412
0.529412
0.529412
0.529412
0.529412
0.529412
0.529412
0.529412
0.529412
0.529412
0.529412
0.529412
0.529412
0.529412
0.529412
0.529412
0.529412
0.529412
0.529412
0.529412
0.529412
0.529412
0.529412
0.529412
0.529412
0.529412
0.529412
0.529412
0.529412
0.529412
0.529412
0.529412
0.529412
0.529412
0.529412
0.529412
0.529412
0.529412
0.529412
0.529412
0.529412
0.529412
0.529412
0.529412
0.529412
0.529412
0.529412
0.529412
)
;
        value           nonuniform List<scalar> 
200
(
326.161
326.246
326.325
326.315
326.205
324.949
312.221
310.909
310.747
311.566
321.971
322.876
322.956
323.01
323.039
323.103
323.191
323.293
323.407
323.532
323.665
323.801
323.934
324.06
324.181
324.301
326.106
324.406
326.059
324.654
325.896
324.899
325.494
325.097
324.75
325.633
323.823
325.781
323.084
325.559
322.815
325.302
322.659
325.199
322.69
325.25
323.261
325.405
324.108
325.598
324.818
325.764
325.254
325.944
325.478
325.803
325.611
326.134
325.708
324.581
325.776
321.621
325.809
319.107
325.812
317.989
325.799
317.8
325.783
317.782
325.77
317.82
325.762
318.377
325.756
319.897
325.752
322.187
325.749
324.475
325.746
326.049
325.744
326.724
325.743
326.785
325.743
326.627
325.743
326.495
325.744
326.448
325.746
326.452
325.748
326.466
325.752
326.476
325.763
326.489
327.652
327.75
327.843
327.85
327.828
326.917
312.318
311.339
311.184
311.709
323.648
324.244
324.25
324.294
324.319
324.386
324.482
324.593
324.716
324.852
324.996
325.143
325.286
325.423
325.552
325.677
327.596
325.788
327.558
326.062
327.395
326.322
326.977
326.519
326.18
327.145
325.175
327.295
324.388
327.03
324.136
326.742
323.984
326.629
324.012
326.684
324.64
326.85
325.569
327.058
326.333
327.237
326.787
327.446
327.004
327.278
327.122
327.75
327.205
326.092
327.263
322.86
327.289
320.142
327.288
318.977
327.273
318.82
327.256
318.808
327.242
318.823
327.234
319.387
327.228
321.003
327.224
323.464
327.22
325.92
327.218
327.592
327.216
328.29
327.215
328.331
327.214
328.148
327.215
328.005
327.216
327.957
327.217
327.962
327.219
327.978
327.222
327.988
327.231
327.997
)
;
        Tnbr            T;
        qrNbr           none;
        qr              none;
        thermalInertia  false;
        thicknessLayers List<scalar> 0();
        kappaLayers     List<scalar> 0();
        kappaMethod     solidThermo;
        kappa           none;
        alphaAni        none;
        alpha           none;
    }
    concrete_to_buildings
    {
        type            externalWallHeatFluxTemperature;
        mode            coefficient;
        kappaMethod     solidThermo;
        kappa           none;
        alphaAni        none;
        alpha           none;
        h               constant 10;
        Ta              constant 293.15;
        thicknessLayers List<scalar> 1(0.3);
        kappaLayers     List<scalar> 1(1.6);
        qr              none;
        refValue        uniform 293.15;
        refGradient     uniform 0;
        valueFraction   nonuniform List<scalar> 
64
(
0.0980392
0.0980392
0.0980392
0.0980392
0.0980392
0.0980392
0.0980392
0.0980392
0.0980392
0.0980392
0.0980392
0.0980392
0.0980392
0.0980392
0.0980392
0.0980392
0.0980392
0.0980392
0.0980392
0.0980392
0.0980392
0.0980392
0.0980392
0.0980392
0.0980392
0.0980392
0.0980392
0.0980392
0.0980392
0.0980392
0.0980392
0.0980392
0.0980392
0.0980392
0.0980392
0.0980392
0.0980392
0.0980392
0.0980392
0.0980392
0.0980392
0.0980392
0.0980392
0.0980392
0.0980392
0.0980392
0.0980392
0.0980392
0.0980392
0.0980392
0.0980392
0.0980392
0.0980392
0.0980392
0.0980392
0.0980392
0.0980392
0.0980392
0.0980392
0.0980392
0.0980392
0.0980392
0.0980392
0.0980392
)
;
        value           nonuniform List<scalar> 
64
(
301.221
298.826
297.362
296.973
296.979
297.403
299.013
301.703
298.989
296.225
295.462
295.241
295.247
295.491
296.326
299.354
298.575
295.691
295.004
294.822
294.827
295.027
295.774
298.899
298.488
295.563
294.883
294.709
294.714
294.904
295.64
298.795
298.462
295.543
294.867
294.697
294.701
294.889
295.623
298.789
298.47
295.596
294.935
294.769
294.773
294.957
295.684
298.849
298.624
295.858
295.23
295.072
295.073
295.244
295.942
299.053
299.556
297.093
296.546
296.398
296.383
296.514
297.107
299.918
)
;
    }
    concrete_to_soil1
    {
        type            compressible::turbulentTemperatureRadCoupledMixed;
        refValue        nonuniform List<scalar> 
962
(
324.581
324.639
324.689
324.633
324.427
322.94
311.822
310.296
310.183
311.35
321.155
322.259
322.266
322.186
322.09
322.047
322.049
322.083
322.144
322.228
322.33
322.44
322.554
322.666
322.776
322.897
324.499
324.494
324.463
324.316
324.12
322.675
311.794
310.308
310.258
311.616
322.278
323.622
323.635
323.503
323.311
323.158
323.037
322.946
322.885
322.858
322.86
322.885
322.926
322.978
323.041
323.129
324.289
324.154
323.963
323.728
323.615
322.22
311.29
309.796
309.774
311.242
322.38
323.896
323.916
323.841
323.698
323.587
323.494
323.415
323.35
323.304
323.274
323.261
323.262
323.276
323.306
323.367
323.845
323.561
323.172
322.721
321.762
320.315
311.108
309.808
309.799
311.17
321.245
323.19
324.317
324.456
324.214
323.951
323.734
323.577
323.474
323.413
323.382
323.375
323.387
323.418
323.468
323.55
323.136
322.838
322.319
320.482
304.402
301.186
299.211
298.649
298.658
299.272
301.443
305.046
322.986
324.586
324.393
324.101
323.848
323.665
323.568
323.537
323.552
323.6
323.67
323.762
323.868
323.996
322.371
322.317
322.088
320.072
301.448
297.728
296.628
296.305
296.313
296.67
297.875
301.95
322.325
324.57
324.571
324.325
324.095
323.929
323.834
323.799
323.808
323.849
323.907
323.99
324.074
324.163
321.833
322.049
322.073
320.139
300.847
296.958
295.964
295.697
295.704
295.998
297.079
301.293
322.165
324.568
324.645
324.422
324.191
324.012
323.888
323.818
323.791
323.794
323.818
323.868
323.923
323.988
321.627
321.952
322.091
320.242
300.716
296.77
295.786
295.531
295.537
295.817
296.883
301.14
322.141
324.576
324.661
324.41
324.146
323.932
323.78
323.686
323.639
323.626
323.641
323.673
323.71
323.764
321.504
321.843
321.985
320.159
300.679
296.741
295.763
295.513
295.519
295.795
296.858
301.131
322.201
324.674
324.741
324.498
324.218
323.978
323.797
323.684
323.62
323.594
323.593
323.606
323.629
323.673
321.521
321.775
321.805
319.915
300.694
296.82
295.863
295.619
295.625
295.895
296.948
301.217
322.375
324.933
324.983
324.733
324.423
324.147
323.935
323.803
323.727
323.685
323.668
323.668
323.682
323.721
321.919
321.913
321.681
319.669
300.923
297.197
296.29
296.058
296.059
296.31
297.32
301.508
322.655
325.332
325.434
324.956
324.579
324.284
324.079
323.946
323.864
323.819
323.801
323.803
323.82
323.863
322.6
322.329
321.748
319.652
302.163
298.855
298.063
297.848
297.828
298.022
298.883
302.654
322.792
325.041
325.001
324.68
324.388
324.176
324.039
323.958
323.917
323.905
323.915
323.94
323.977
324.036
323.255
322.908
322.205
320.431
309.362
307.488
306.948
306.706
306.577
306.585
306.994
309.08
321.803
323.611
323.864
323.858
323.825
323.812
323.822
323.85
323.89
323.941
323.999
324.061
324.125
324.198
323.71
323.448
322.811
321.022
310.381
308.763
308.349
308.185
308.113
308.141
308.459
310.096
321.228
322.923
323.323
323.478
323.581
323.675
323.767
323.858
323.947
324.034
324.12
324.202
324.277
324.347
323.954
323.794
323.295
321.535
310.535
308.934
308.561
308.425
308.368
308.394
308.676
310.225
321.346
323.009
323.42
323.594
323.71
323.811
323.907
324
324.09
324.179
324.266
324.346
324.409
324.42
324.084
323.982
323.598
321.942
310.719
309.12
308.768
308.647
308.599
308.626
308.893
310.404
321.543
323.155
323.54
323.705
323.817
323.916
324.011
324.104
324.196
324.287
324.374
324.45
324.494
324.453
324.165
324.086
323.785
322.331
311.943
310.475
310.158
310.053
310.014
310.042
310.282
311.662
321.95
323.409
323.748
323.892
323.992
324.079
324.163
324.247
324.33
324.414
324.494
324.554
324.534
324.142
324.22
324.156
323.936
322.83
314.827
313.685
313.438
313.359
313.332
313.357
313.549
314.626
322.578
323.713
323.979
324.095
324.179
324.253
324.325
324.397
324.47
324.544
324.611
324.646
324.532
323.61
324.249
324.203
324.07
323.407
318.742
318.051
317.899
317.854
317.843
317.866
317.996
318.66
323.321
324.023
324.202
324.289
324.356
324.418
324.478
324.538
324.6
324.662
324.716
324.725
324.523
323.144
324.255
324.228
324.173
323.91
322.254
321.978
321.916
321.903
321.909
321.932
322.005
322.291
323.972
324.277
324.377
324.437
324.489
324.539
324.588
324.638
324.689
324.741
324.783
324.773
324.521
322.92
324.248
324.236
324.233
324.218
324.334
324.318
324.317
324.327
324.343
324.366
324.401
324.453
324.377
324.435
324.482
324.524
324.565
324.607
324.649
324.691
324.734
324.776
324.808
324.786
324.516
322.906
324.236
324.233
324.254
324.331
324.963
325.042
325.068
325.09
325.112
325.135
325.153
325.121
324.535
324.503
324.527
324.559
324.594
324.631
324.669
324.707
324.744
324.78
324.803
324.772
324.497
322.895
324.226
324.227
324.253
324.326
324.785
324.861
324.892
324.917
324.941
324.963
324.98
324.953
324.543
324.517
324.537
324.565
324.597
324.631
324.666
324.702
324.736
324.767
324.785
324.75
324.477
322.907
324.219
324.221
324.245
324.289
324.452
324.497
324.525
324.55
324.574
324.597
324.617
324.621
324.508
324.513
324.536
324.564
324.594
324.626
324.66
324.693
324.726
324.754
324.77
324.737
324.487
323.04
324.214
324.217
324.239
324.264
324.267
324.291
324.316
324.34
324.364
324.388
324.412
324.436
324.484
324.51
324.536
324.564
324.593
324.623
324.655
324.687
324.718
324.745
324.762
324.737
324.538
323.372
324.211
324.214
324.237
324.258
324.234
324.254
324.278
324.302
324.326
324.351
324.377
324.406
324.482
324.514
324.54
324.567
324.595
324.624
324.654
324.685
324.714
324.741
324.759
324.749
324.621
323.859
324.208
324.212
324.236
324.261
324.262
324.284
324.309
324.333
324.357
324.383
324.41
324.438
324.49
324.52
324.546
324.572
324.598
324.626
324.654
324.683
324.712
324.738
324.759
324.764
324.707
324.35
324.206
324.212
324.237
324.265
324.288
324.313
324.338
324.363
324.388
324.414
324.441
324.467
324.499
324.527
324.551
324.576
324.602
324.628
324.655
324.682
324.71
324.736
324.759
324.776
324.772
324.704
324.205
324.212
324.239
324.269
324.298
324.324
324.349
324.374
324.4
324.426
324.453
324.479
324.505
324.532
324.556
324.58
324.605
324.63
324.656
324.682
324.708
324.734
324.758
324.781
324.807
324.876
324.204
324.212
324.24
324.27
324.299
324.325
324.351
324.376
324.402
324.429
324.455
324.482
324.51
324.537
324.561
324.584
324.608
324.632
324.657
324.682
324.707
324.732
324.757
324.782
324.817
324.913
324.205
324.213
324.242
324.272
324.298
324.324
324.351
324.377
324.403
324.43
324.457
324.483
324.513
324.541
324.565
324.588
324.611
324.634
324.658
324.682
324.706
324.731
324.755
324.781
324.814
324.892
324.205
324.215
324.243
324.274
324.3
324.326
324.353
324.38
324.406
324.433
324.459
324.486
324.517
324.545
324.569
324.592
324.615
324.637
324.66
324.683
324.707
324.73
324.754
324.78
324.81
324.867
324.207
324.216
324.245
324.275
324.302
324.329
324.356
324.384
324.41
324.437
324.464
324.49
324.52
324.548
324.573
324.596
324.619
324.64
324.662
324.685
324.708
324.731
324.755
324.779
324.808
324.855
324.208
324.218
324.247
324.277
324.305
324.332
324.36
324.388
324.415
324.442
324.468
324.495
324.524
324.551
324.577
324.6
324.623
324.644
324.666
324.688
324.71
324.733
324.756
324.78
324.808
324.855
324.211
324.221
324.249
324.28
324.308
324.336
324.365
324.393
324.42
324.447
324.474
324.5
324.528
324.555
324.581
324.605
324.628
324.649
324.671
324.692
324.714
324.737
324.76
324.783
324.811
324.858
324.216
324.227
324.256
324.286
324.315
324.344
324.373
324.401
324.429
324.456
324.483
324.509
324.537
324.563
324.589
324.613
324.636
324.658
324.68
324.701
324.723
324.745
324.768
324.791
324.818
324.865
324.238
324.253
324.282
324.313
324.343
324.373
324.402
324.431
324.459
324.486
324.513
324.539
324.566
324.592
324.617
324.642
324.665
324.688
324.71
324.732
324.754
324.776
324.798
324.82
324.846
324.889
)
;
        refGradient     uniform 0;
        valueFraction   nonuniform List<scalar> 
962
(
0.52519
0.52519
0.52519
0.52519
0.52519
0.52519
0.52519
0.52519
0.52519
0.52519
0.52519
0.52519
0.52519
0.52519
0.52519
0.52519
0.52519
0.52519
0.52519
0.52519
0.52519
0.52519
0.52519
0.52519
0.52519
0.52519
0.52519
0.52519
0.52519
0.52519
0.52519
0.52519
0.52519
0.52519
0.52519
0.52519
0.52519
0.52519
0.52519
0.52519
0.52519
0.52519
0.52519
0.52519
0.52519
0.52519
0.52519
0.52519
0.52519
0.52519
0.52519
0.52519
0.52519
0.52519
0.52519
0.52519
0.52519
0.52519
0.52519
0.52519
0.52519
0.52519
0.52519
0.52519
0.52519
0.52519
0.52519
0.52519
0.52519
0.52519
0.52519
0.52519
0.52519
0.52519
0.52519
0.52519
0.52519
0.52519
0.52519
0.52519
0.52519
0.52519
0.52519
0.52519
0.52519
0.52519
0.52519
0.52519
0.52519
0.52519
0.52519
0.52519
0.52519
0.52519
0.52519
0.52519
0.52519
0.52519
0.52519
0.52519
0.52519
0.52519
0.52519
0.52519
0.52519
0.52519
0.52519
0.52519
0.52519
0.52519
0.52519
0.52519
0.52519
0.52519
0.52519
0.52519
0.52519
0.52519
0.52519
0.52519
0.52519
0.52519
0.52519
0.52519
0.52519
0.52519
0.52519
0.52519
0.52519
0.52519
0.52519
0.52519
0.52519
0.52519
0.52519
0.52519
0.52519
0.52519
0.52519
0.52519
0.52519
0.52519
0.52519
0.52519
0.52519
0.52519
0.52519
0.52519
0.52519
0.52519
0.52519
0.52519
0.52519
0.52519
0.52519
0.52519
0.52519
0.52519
0.52519
0.52519
0.52519
0.52519
0.52519
0.52519
0.52519
0.52519
0.52519
0.52519
0.52519
0.52519
0.52519
0.52519
0.52519
0.52519
0.52519
0.52519
0.52519
0.52519
0.52519
0.52519
0.52519
0.52519
0.52519
0.52519
0.52519
0.52519
0.52519
0.52519
0.52519
0.52519
0.52519
0.52519
0.52519
0.52519
0.52519
0.52519
0.52519
0.52519
0.52519
0.52519
0.52519
0.52519
0.52519
0.52519
0.52519
0.52519
0.52519
0.52519
0.52519
0.52519
0.52519
0.52519
0.52519
0.52519
0.52519
0.52519
0.52519
0.52519
0.52519
0.52519
0.52519
0.52519
0.52519
0.52519
0.52519
0.52519
0.52519
0.52519
0.52519
0.52519
0.52519
0.52519
0.52519
0.52519
0.52519
0.52519
0.52519
0.52519
0.52519
0.52519
0.52519
0.52519
0.52519
0.52519
0.52519
0.52519
0.52519
0.52519
0.52519
0.52519
0.52519
0.52519
0.52519
0.52519
0.52519
0.52519
0.52519
0.52519
0.52519
0.52519
0.52519
0.52519
0.52519
0.52519
0.52519
0.52519
0.52519
0.52519
0.52519
0.52519
0.52519
0.52519
0.52519
0.52519
0.52519
0.52519
0.52519
0.52519
0.52519
0.52519
0.52519
0.52519
0.52519
0.52519
0.52519
0.52519
0.52519
0.52519
0.52519
0.52519
0.52519
0.52519
0.52519
0.52519
0.52519
0.52519
0.52519
0.52519
0.52519
0.52519
0.52519
0.52519
0.52519
0.52519
0.52519
0.52519
0.52519
0.52519
0.52519
0.52519
0.52519
0.52519
0.52519
0.52519
0.52519
0.52519
0.52519
0.52519
0.52519
0.52519
0.52519
0.52519
0.52519
0.52519
0.52519
0.52519
0.52519
0.52519
0.52519
0.52519
0.52519
0.52519
0.52519
0.52519
0.52519
0.52519
0.52519
0.52519
0.52519
0.52519
0.52519
0.52519
0.52519
0.52519
0.52519
0.52519
0.52519
0.52519
0.52519
0.52519
0.52519
0.52519
0.52519
0.52519
0.52519
0.52519
0.52519
0.52519
0.52519
0.52519
0.52519
0.52519
0.52519
0.52519
0.52519
0.52519
0.52519
0.52519
0.52519
0.52519
0.52519
0.52519
0.52519
0.52519
0.52519
0.52519
0.52519
0.52519
0.52519
0.52519
0.52519
0.52519
0.52519
0.52519
0.52519
0.52519
0.52519
0.52519
0.52519
0.52519
0.52519
0.52519
0.52519
0.52519
0.52519
0.52519
0.52519
0.52519
0.52519
0.52519
0.52519
0.52519
0.52519
0.52519
0.52519
0.52519
0.52519
0.52519
0.52519
0.52519
0.52519
0.52519
0.52519
0.52519
0.52519
0.52519
0.52519
0.52519
0.52519
0.52519
0.52519
0.52519
0.52519
0.52519
0.52519
0.52519
0.52519
0.52519
0.52519
0.52519
0.52519
0.52519
0.52519
0.52519
0.52519
0.52519
0.52519
0.52519
0.52519
0.52519
0.52519
0.52519
0.52519
0.52519
0.52519
0.52519
0.52519
0.52519
0.52519
0.52519
0.52519
0.52519
0.52519
0.52519
0.52519
0.52519
0.52519
0.52519
0.52519
0.52519
0.52519
0.52519
0.52519
0.52519
0.52519
0.52519
0.52519
0.52519
0.52519
0.52519
0.52519
0.52519
0.52519
0.52519
0.52519
0.52519
0.52519
0.52519
0.52519
0.52519
0.52519
0.52519
0.52519
0.52519
0.52519
0.52519
0.52519
0.52519
0.52519
0.52519
0.52519
0.52519
0.52519
0.52519
0.52519
0.52519
0.52519
0.52519
0.52519
0.52519
0.52519
0.52519
0.52519
0.52519
0.52519
0.52519
0.52519
0.52519
0.52519
0.52519
0.52519
0.52519
0.52519
0.52519
0.52519
0.52519
0.52519
0.52519
0.52519
0.52519
0.52519
0.52519
0.52519
0.52519
0.52519
0.52519
0.52519
0.52519
0.52519
0.52519
0.52519
0.52519
0.52519
0.52519
0.52519
0.52519
0.52519
0.52519
0.52519
0.52519
0.52519
0.52519
0.52519
0.52519
0.52519
0.52519
0.52519
0.52519
0.52519
0.52519
0.52519
0.52519
0.52519
0.52519
0.52519
0.52519
0.52519
0.52519
0.52519
0.52519
0.52519
0.52519
0.52519
0.52519
0.52519
0.52519
0.52519
0.52519
0.52519
0.52519
0.52519
0.52519
0.52519
0.52519
0.52519
0.52519
0.52519
0.52519
0.52519
0.52519
0.52519
0.52519
0.52519
0.52519
0.52519
0.52519
0.52519
0.52519
0.52519
0.52519
0.52519
0.52519
0.52519
0.52519
0.52519
0.52519
0.52519
0.52519
0.52519
0.52519
0.52519
0.52519
0.52519
0.52519
0.52519
0.52519
0.52519
0.52519
0.52519
0.52519
0.52519
0.52519
0.52519
0.52519
0.52519
0.52519
0.52519
0.52519
0.52519
0.52519
0.52519
0.52519
0.52519
0.52519
0.52519
0.52519
0.52519
0.52519
0.52519
0.52519
0.52519
0.52519
0.52519
0.52519
0.52519
0.52519
0.52519
0.52519
0.52519
0.52519
0.52519
0.52519
0.52519
0.52519
0.52519
0.52519
0.52519
0.52519
0.52519
0.52519
0.52519
0.52519
0.52519
0.52519
0.52519
0.52519
0.52519
0.52519
0.52519
0.52519
0.52519
0.52519
0.52519
0.52519
0.52519
0.52519
0.52519
0.52519
0.52519
0.52519
0.52519
0.52519
0.52519
0.52519
0.52519
0.52519
0.52519
0.52519
0.52519
0.52519
0.52519
0.52519
0.52519
0.52519
0.52519
0.52519
0.52519
0.52519
0.52519
0.52519
0.52519
0.52519
0.52519
0.52519
0.52519
0.52519
0.52519
0.52519
0.52519
0.52519
0.52519
0.52519
0.52519
0.52519
0.52519
0.52519
0.52519
0.52519
0.52519
0.52519
0.52519
0.52519
0.52519
0.52519
0.52519
0.52519
0.52519
0.52519
0.52519
0.52519
0.52519
0.52519
0.52519
0.52519
0.52519
0.52519
0.52519
0.52519
0.52519
0.52519
0.52519
0.52519
0.52519
0.52519
0.52519
0.52519
0.52519
0.52519
0.52519
0.52519
0.52519
0.52519
0.52519
0.52519
0.52519
0.52519
0.52519
0.52519
0.52519
0.52519
0.52519
0.52519
0.52519
0.52519
0.52519
0.52519
0.52519
0.52519
0.52519
0.52519
0.52519
0.52519
0.52519
0.52519
0.52519
0.52519
0.52519
0.52519
0.52519
0.52519
0.52519
0.52519
0.52519
0.52519
0.52519
0.52519
0.52519
0.52519
0.52519
0.52519
0.52519
0.52519
0.52519
0.52519
0.52519
0.52519
0.52519
0.52519
0.52519
0.52519
0.52519
0.52519
0.52519
0.52519
0.52519
0.52519
0.52519
0.52519
0.52519
0.52519
0.52519
0.52519
0.52519
0.52519
0.52519
0.52519
0.52519
0.52519
0.52519
0.52519
0.52519
0.52519
0.52519
0.52519
0.52519
0.52519
0.52519
0.52519
0.52519
0.52519
0.52519
0.52519
0.52519
0.52519
0.52519
0.52519
0.52519
0.52519
0.52519
0.52519
0.52519
0.52519
0.52519
0.52519
0.52519
0.52519
0.52519
0.52519
0.52519
0.52519
0.52519
0.52519
0.52519
0.52519
0.52519
0.52519
0.52519
0.52519
0.52519
0.52519
0.52519
0.52519
0.52519
0.52519
0.52519
0.52519
0.52519
0.52519
0.52519
0.52519
0.52519
0.52519
0.52519
0.52519
0.52519
0.52519
0.52519
0.52519
0.52519
0.52519
0.52519
0.52519
0.52519
0.52519
0.52519
0.52519
0.52519
0.52519
0.52519
0.52519
0.52519
0.52519
0.52519
0.52519
0.52519
0.52519
0.52519
0.52519
0.52519
0.52519
0.52519
0.52519
0.52519
0.52519
0.52519
0.52519
0.52519
0.52519
0.52519
0.52519
0.52519
0.52519
0.52519
0.52519
0.52519
0.52519
0.52519
0.52519
0.52519
0.52519
0.52519
0.52519
0.52519
0.52519
0.52519
0.52519
0.52519
0.52519
0.52519
0.52519
0.52519
0.52519
0.52519
0.52519
0.52519
0.52519
0.52519
0.52519
0.52519
0.52519
0.52519
0.52519
0.52519
0.52519
0.52519
0.52519
0.52519
0.52519
0.52519
0.52519
0.52519
0.52519
0.52519
0.52519
0.52519
0.52519
0.52519
0.52519
0.52519
0.52519
0.52519
0.52519
0.52519
0.52519
0.52519
0.52519
0.52519
0.52519
0.52519
0.52519
0.52519
0.52519
)
;
        value           nonuniform List<scalar> 
962
(
325.29
325.354
325.411
325.362
325.192
323.825
311.936
310.521
310.41
311.475
321.973
322.954
322.916
322.821
322.715
322.669
322.671
322.706
322.77
322.858
322.964
323.079
323.198
323.314
323.429
323.552
325.212
325.213
325.187
325.043
324.886
323.564
311.936
310.559
310.51
311.761
323.172
324.397
324.361
324.212
324.007
323.845
323.717
323.619
323.554
323.524
323.525
323.55
323.592
323.645
323.709
323.796
325
324.866
324.674
324.447
324.412
323.147
311.428
310.032
310.01
311.374
323.314
324.704
324.637
324.539
324.387
324.276
324.183
324.103
324.038
323.989
323.958
323.942
323.942
323.955
323.984
324.043
324.545
324.255
323.864
323.465
322.742
321.449
311.528
310.298
310.286
311.58
322.446
324.262
325.138
325.206
324.933
324.655
324.429
324.266
324.16
324.096
324.062
324.053
324.065
324.096
324.145
324.226
323.81
323.509
323.01
321.332
303.946
300.829
298.918
298.382
298.392
298.975
301.077
304.571
323.985
325.382
325.119
324.806
324.54
324.348
324.25
324.219
324.237
324.288
324.363
324.46
324.572
324.705
323.014
322.974
322.802
321.012
301.072
297.469
296.422
296.115
296.124
296.462
297.609
301.556
323.368
325.379
325.308
325.04
324.8
324.631
324.534
324.5
324.512
324.556
324.617
324.704
324.789
324.877
322.459
322.702
322.801
321.12
300.501
296.736
295.791
295.538
295.545
295.823
296.851
300.931
323.229
325.382
325.385
325.14
324.9
324.716
324.589
324.518
324.491
324.494
324.518
324.568
324.623
324.686
322.255
322.608
322.827
321.243
300.378
296.558
295.622
295.38
295.387
295.652
296.665
300.786
323.211
325.39
325.399
325.122
324.846
324.625
324.469
324.373
324.325
324.311
324.327
324.359
324.397
324.448
322.13
322.495
322.717
321.156
300.342
296.53
295.601
295.363
295.37
295.631
296.642
300.777
323.274
325.491
325.478
325.211
324.919
324.67
324.484
324.368
324.302
324.276
324.276
324.289
324.311
324.353
322.144
322.421
322.526
320.893
300.356
296.605
295.695
295.464
295.469
295.725
296.726
300.859
323.452
325.762
325.728
325.457
325.133
324.847
324.627
324.491
324.414
324.371
324.353
324.353
324.367
324.404
322.559
322.561
322.388
320.615
300.572
296.964
296.101
295.881
295.882
296.121
297.08
301.137
323.741
326.19
326.22
325.696
325.3
324.993
324.78
324.642
324.557
324.51
324.491
324.493
324.51
324.551
323.271
322.992
322.441
320.545
301.777
298.571
297.818
297.613
297.594
297.778
298.596
302.251
323.873
325.887
325.763
325.412
325.103
324.883
324.74
324.655
324.612
324.599
324.609
324.635
324.672
324.729
323.951
323.594
322.901
321.259
309.552
307.814
307.306
307.066
306.928
306.918
307.278
309.212
322.694
324.349
324.559
324.543
324.509
324.497
324.509
324.539
324.582
324.634
324.695
324.759
324.825
324.898
324.419
324.154
323.53
321.846
310.507
309.008
308.624
308.466
308.391
308.41
308.692
310.199
322.053
323.626
323.998
324.151
324.257
324.356
324.452
324.547
324.64
324.731
324.82
324.905
324.984
325.054
324.665
324.508
324.031
322.377
310.626
309.143
308.799
308.668
308.609
308.627
308.876
310.302
322.18
323.729
324.112
324.282
324.4
324.503
324.602
324.698
324.791
324.883
324.972
325.055
325.122
325.136
324.793
324.697
324.34
322.795
310.784
309.3
308.976
308.86
308.811
308.83
309.065
310.458
322.379
323.877
324.235
324.396
324.509
324.61
324.708
324.804
324.899
324.993
325.083
325.163
325.212
325.177
324.872
324.8
324.526
323.176
312.045
310.68
310.389
310.288
310.248
310.268
310.481
311.754
322.778
324.135
324.449
324.59
324.69
324.779
324.865
324.951
325.037
325.124
325.207
325.272
325.264
324.894
324.925
324.868
324.67
323.647
315.075
314.014
313.787
313.711
313.683
313.703
313.873
314.867
323.384
324.438
324.685
324.798
324.883
324.959
325.032
325.106
325.182
325.258
325.329
325.371
325.278
324.411
324.952
324.913
324.794
324.183
319.206
318.566
318.426
318.383
318.372
318.392
318.509
319.121
324.094
324.746
324.913
324.998
325.066
325.129
325.191
325.253
325.316
325.38
325.438
325.455
325.282
323.99
324.957
324.935
324.888
324.647
322.906
322.653
322.597
322.586
322.591
322.613
322.68
322.945
324.713
324.996
325.091
325.15
325.203
325.254
325.305
325.356
325.408
325.462
325.508
325.507
325.288
323.794
324.949
324.941
324.94
324.931
325.083
325.071
325.072
325.083
325.1
325.123
325.157
325.206
325.096
325.15
325.197
325.239
325.28
325.323
325.366
325.41
325.454
325.499
325.533
325.52
325.284
323.795
324.937
324.937
324.958
325.032
325.724
325.8
325.826
325.849
325.872
325.895
325.915
325.887
325.244
325.216
325.241
325.274
325.31
325.348
325.386
325.426
325.464
325.502
325.528
325.506
325.264
323.785
324.926
324.93
324.956
325.027
325.52
325.593
325.624
325.649
325.674
325.697
325.716
325.693
325.25
325.229
325.25
325.28
325.312
325.347
325.384
325.42
325.456
325.488
325.509
325.482
325.242
323.791
324.919
324.924
324.949
324.992
325.163
325.207
325.235
325.26
325.285
325.309
325.33
325.336
325.217
325.225
325.249
325.278
325.309
325.342
325.377
325.411
325.445
325.475
325.493
325.468
325.247
323.91
324.914
324.92
324.943
324.969
324.968
324.993
325.018
325.043
325.068
325.092
325.117
325.142
325.196
325.223
325.249
325.278
325.308
325.339
325.372
325.405
325.437
325.465
325.484
325.466
325.29
324.213
324.91
324.917
324.941
324.964
324.936
324.957
324.981
325.006
325.031
325.056
325.083
325.113
325.195
325.227
325.254
325.281
325.31
325.34
325.371
325.402
325.433
325.461
325.481
325.475
325.363
324.661
324.907
324.915
324.941
324.967
324.967
324.99
325.015
325.04
325.065
325.092
325.119
325.148
325.203
325.233
325.26
325.286
325.313
325.342
325.371
325.401
325.43
325.458
325.48
325.488
325.44
325.113
324.905
324.915
324.942
324.971
324.995
325.02
325.046
325.071
325.097
325.124
325.152
325.179
325.212
325.24
325.265
325.291
325.317
325.344
325.372
325.4
325.428
325.456
325.48
325.498
325.498
325.438
324.904
324.915
324.943
324.974
325.005
325.031
325.057
325.083
325.11
325.137
325.164
325.191
325.218
325.245
325.27
325.295
325.32
325.346
325.372
325.4
325.427
325.453
325.478
325.502
325.528
325.595
324.904
324.915
324.945
324.976
325.005
325.032
325.059
325.085
325.112
325.139
325.166
325.194
325.222
325.25
325.275
325.299
325.323
325.348
325.373
325.399
325.425
325.451
325.477
325.503
325.536
325.628
324.904
324.916
324.946
324.978
325.005
325.032
325.059
325.086
325.113
325.14
325.168
325.195
325.226
325.254
325.279
325.303
325.326
325.35
325.375
325.4
325.425
325.45
325.475
325.501
325.534
325.608
324.905
324.918
324.948
324.98
325.006
325.033
325.061
325.089
325.116
325.143
325.171
325.198
325.23
325.258
325.284
325.307
325.33
325.353
325.377
325.401
325.425
325.449
325.474
325.5
325.53
325.584
324.906
324.92
324.95
324.981
325.009
325.036
325.064
325.093
325.12
325.148
325.175
325.202
325.233
325.262
325.287
325.311
325.334
325.357
325.38
325.403
325.426
325.45
325.474
325.5
325.528
325.574
324.908
324.922
324.952
324.983
325.011
325.039
325.068
325.097
325.125
325.152
325.18
325.207
325.237
325.265
325.291
325.315
325.339
325.361
325.383
325.406
325.429
325.452
325.476
325.501
325.529
325.573
324.91
324.924
324.954
324.985
325.015
325.044
325.073
325.102
325.13
325.158
325.185
325.212
325.241
325.269
325.295
325.32
325.343
325.366
325.388
325.41
325.433
325.456
325.479
325.504
325.531
325.577
324.916
324.93
324.96
324.991
325.021
325.051
325.081
325.11
325.139
325.166
325.194
325.221
325.249
325.276
325.303
325.328
325.352
325.374
325.397
325.419
325.441
325.464
325.487
325.511
325.538
325.583
324.935
324.953
324.984
325.016
325.047
325.077
325.107
325.137
325.165
325.194
325.221
325.248
325.276
325.302
325.328
325.354
325.378
325.401
325.424
325.446
325.469
325.492
325.514
325.538
325.563
325.604
)
;
        Tnbr            T;
        qrNbr           none;
        qr              none;
        thermalInertia  false;
        thicknessLayers List<scalar> 0();
        kappaLayers     List<scalar> 0();
        kappaMethod     solidThermo;
        kappa           none;
        alphaAni        none;
        alpha           none;
    }
}


// ************************************************************************* //
