/*--------------------------------*- C++ -*----------------------------------*\
| =========                 |                                                 |
| \\      /  F ield         | OpenFOAM: The Open Source CFD Toolbox           |
|  \\    /   O peration     | Version:  v2012                                 |
|   \\  /    A nd           | Website:  www.openfoam.com                      |
|    \\/     M anipulation  |                                                 |
\*---------------------------------------------------------------------------*/
FoamFile
{
    version     2.0;
    format      ascii;
    class       labelList;
    location    "constant/concrete/polyMesh";
    object      faceRegionAddressing;
}
// * * * * * * * * * * * * * * * * * * * * * * * * * * * * * * * * * * * * * //


6860
(
180145
180146
180147
180148
180149
180150
180151
180152
180153
180154
180155
180156
180157
180158
180159
180160
180161
180162
180163
180164
180165
180166
180167
180168
180169
180170
180171
180172
180173
180174
180175
180176
180177
180178
180179
180180
180181
180182
180183
180184
180185
180186
180187
180188
180189
180190
180191
180192
180193
180194
180195
180196
180197
180198
180199
180200
180201
180202
180203
180204
180205
180206
180207
180208
180209
180210
180211
180212
180213
180214
180215
180216
180217
180218
180219
180221
180222
180414
180415
180416
180417
180418
180419
180420
180421
180422
180423
180424
180425
180426
180427
180428
180429
180430
180431
180432
180433
180434
180435
180436
180437
180438
180439
180440
180441
180442
180443
180444
180445
180446
180447
180448
180449
180450
180451
180452
180453
180454
180455
180456
180457
180458
180459
180460
180461
180462
180463
180464
180465
180466
180467
180468
180469
180470
180471
180472
180473
180474
180475
180476
180477
180478
180479
180480
180481
180482
180483
180484
180485
180486
180487
180488
180490
180491
180683
180684
180685
180686
180687
180688
180689
180690
180691
180692
180693
180694
180695
180696
180697
180698
180699
180700
180701
180702
180703
180704
180705
180706
180707
180708
180709
180710
180711
180712
180713
180714
180715
180716
180717
180718
180719
180720
180721
180722
180723
180724
180725
180726
180727
180728
180729
180730
180731
180732
180733
180734
180735
180736
180737
180738
180739
180740
180741
180742
180743
180744
180745
180746
180747
180748
180749
180750
180751
180752
180753
180754
180755
180756
180757
180759
180760
180952
180953
180954
180955
180956
180957
180958
180959
180960
180961
180962
180963
180964
180965
180966
180967
180968
180969
180970
180971
180972
180973
180974
180975
180976
180977
180978
180979
180980
180981
180982
180983
180984
180985
180986
180987
180988
180989
180990
180991
180992
180993
180994
180995
180996
180997
180998
180999
181000
181001
181002
181003
181004
181005
181006
181007
181008
181009
181010
181011
181012
181013
181014
181015
181016
181017
181018
181019
181020
181021
181022
181023
181024
181025
181026
181028
181029
181221
181222
181223
181224
181225
181226
181227
181228
181229
181230
181231
181232
181233
181234
181235
181236
181237
181238
181239
181240
181241
181242
181243
181244
181245
181246
181247
181248
181249
181250
181251
181252
181253
181254
181255
181256
181257
181258
181259
181260
181261
181262
181263
181264
181265
181266
181267
181268
181269
181270
181271
181272
181273
181274
181275
181276
181277
181278
181279
181280
181281
181282
181283
181284
181285
181286
181287
181288
181289
181290
181291
181292
181293
181294
181295
181297
181298
181490
181491
181492
181493
181494
181495
181496
181497
181498
181499
181500
181501
181502
181503
181504
181505
181506
181507
181508
181509
181510
181511
181512
181513
181514
181515
181516
181517
181518
181519
181520
181521
181522
181523
181524
181525
181526
181527
181528
181529
181530
181531
181532
181533
181534
181535
181536
181537
181538
181539
181540
181541
181542
181543
181544
181545
181546
181547
181548
181549
181550
181551
181552
181553
181554
181555
181556
181557
181558
181559
181560
181561
181562
181563
181564
181566
181567
181759
181760
181761
181762
181763
181764
181765
181766
181767
181768
181769
181770
181771
181772
181773
181774
181775
181776
181777
181778
181779
181780
181781
181782
181783
181784
181785
181786
181787
181788
181789
181790
181791
181792
181793
181794
181795
181796
181797
181798
181799
181800
181801
181802
181803
181804
181805
181806
181807
181808
181809
181810
181811
181812
181813
181814
181815
181816
181817
181818
181819
181820
181821
181822
181823
181824
181825
181826
181827
181828
181829
181830
181831
181832
181833
181835
181836
182028
182029
182030
182031
182032
182033
182034
182035
182036
182037
182038
182039
182040
182041
182042
182043
182044
182045
182046
182047
182048
182049
182050
182051
182052
182053
182054
182055
182056
182057
182058
182059
182060
182061
182062
182063
182064
182065
182066
182067
182068
182069
182070
182071
182072
182073
182074
182075
182076
182077
182078
182079
182080
182081
182082
182083
182084
182085
182086
182087
182088
182089
182090
182091
182092
182093
182094
182095
182096
182097
182098
182099
182100
182101
182102
182104
182105
182297
182298
182299
182300
182301
182302
182303
182304
182305
182306
182307
182308
182309
182310
182311
182312
182313
182314
182315
182316
182317
182318
182319
182320
182321
182322
182323
182324
182325
182326
182327
182328
182329
182330
182331
182332
182333
182334
182335
182336
182337
182338
182339
182340
182341
182342
182343
182344
182345
182346
182347
182348
182349
182350
182351
182352
182353
182354
182355
182356
182357
182358
182359
182360
182361
182362
182363
182364
182365
182366
182367
182368
182369
182370
182371
182373
182374
182566
182567
182568
182569
182570
182571
182572
182573
182574
182575
182576
182577
182578
182579
182580
182581
182582
182583
182584
182585
182586
182587
182588
182589
182590
182591
182592
182593
182594
182595
182596
182597
182598
182599
182600
182601
182602
182603
182604
182605
182606
182607
182608
182609
182610
182611
182612
182613
182614
182615
182616
182617
182618
182619
182620
182621
182622
182623
182624
182625
182626
182627
182628
182629
182630
182631
182632
182633
182634
182635
182636
182637
182638
182639
182640
182642
182643
182835
182836
182837
182838
182839
182840
182841
182842
182843
182844
182845
182846
182847
182848
182849
182850
182851
182852
182853
182854
182855
182856
182857
182858
182859
182860
182861
182862
182863
182864
182865
182866
182867
182868
182869
182870
182871
182872
182873
182874
182875
182876
182877
182878
182879
182880
182881
182882
182883
182884
182885
182886
182887
182888
182889
182890
182891
182892
182893
182894
182895
182896
182897
182898
182899
182900
182901
182902
182903
182904
182905
182906
182907
182908
182909
182911
182912
183104
183105
183106
183107
183108
183109
183110
183111
183112
183113
183114
183115
183116
183117
183118
183119
183120
183121
183122
183123
183124
183125
183126
183127
183128
183129
183130
183131
183132
183133
183134
183135
183136
183137
183138
183139
183140
183141
183142
183143
183144
183145
183146
183147
183148
183149
183150
183151
183152
183153
183154
183155
183156
183157
183158
183159
183160
183161
183162
183163
183164
183165
183166
183167
183168
183169
183170
183171
183172
183173
183174
183175
183176
183177
183178
183180
183181
183373
183374
183375
183376
183377
183378
183379
183380
183381
183382
183383
183384
183385
183386
183387
183388
183389
183390
183391
183392
183393
183394
183395
183396
183397
183398
183399
183400
183401
183402
183403
183404
183405
183406
183407
183408
183409
183410
183411
183412
183413
183414
183415
183416
183417
183418
183419
183420
183421
183422
183423
183424
183425
183426
183427
183428
183429
183430
183431
183432
183433
183434
183435
183436
183437
183438
183439
183440
183441
183442
183443
183444
183445
183446
183447
183449
183450
183642
183643
183644
183645
183646
183647
183648
183649
183650
183651
183652
183653
183654
183655
183656
183657
183658
183659
183660
183661
183662
183663
183664
183665
183666
183667
183668
183669
183670
183671
183672
183673
183674
183675
183676
183677
183678
183679
183680
183681
183682
183683
183684
183685
183686
183687
183688
183689
183690
183691
183692
183693
183694
183695
183696
183697
183698
183699
183700
183701
183702
183703
183704
183705
183706
183707
183708
183709
183710
183711
183712
183713
183714
183715
183716
183718
183719
183911
183912
183913
183914
183915
183916
183917
183918
183919
183920
183921
183922
183923
183924
183925
183926
183927
183928
183929
183930
183931
183932
183933
183934
183935
183936
183937
183938
183939
183940
183941
183942
183943
183944
183945
183946
183947
183948
183949
183950
183951
183952
183953
183954
183955
183956
183957
183958
183959
183960
183961
183962
183963
183964
183965
183966
183967
183968
183969
183970
183971
183972
183973
183974
183975
183976
183977
183978
183979
183980
183981
183982
183983
183984
183985
183987
183988
184180
184181
184182
184183
184184
184185
184186
184187
184188
184189
184190
184191
184192
184193
184194
184195
184196
184197
184198
184199
184200
184201
184202
184203
184204
184205
184206
184207
184208
184209
184210
184211
184212
184213
184214
184215
184216
184217
184218
184219
184220
184221
184222
184223
184224
184225
184226
184227
184228
184229
184230
184231
184232
184233
184234
184235
184236
184237
184238
184239
184240
184241
184242
184243
184244
184245
184246
184247
184248
184249
184250
184251
184252
184253
184254
184256
184257
184449
184450
184451
184452
184453
184454
184455
184456
184457
184458
184459
184460
184461
184462
184463
184464
184465
184466
184467
184468
184469
184470
184471
184472
184473
184474
184475
184476
184477
184478
184479
184480
184481
184482
184483
184484
184485
184486
184487
184488
184489
184490
184491
184492
184493
184494
184495
184496
184497
184498
184499
184500
184501
184502
184503
184504
184505
184506
184507
184508
184509
184510
184511
184512
184513
184514
184515
184516
184517
184518
184519
184520
184521
184522
184523
184525
184526
184718
184719
184720
184721
184722
184723
184724
184725
184726
184727
184728
184729
184730
184731
184732
184733
184734
184735
184736
184737
184738
184739
184740
184741
184742
184743
184744
184745
184746
184747
184748
184749
184750
184751
184752
184753
184754
184755
184756
184757
184758
184759
184760
184761
184762
184763
184764
184765
184766
184767
184768
184769
184770
184771
184772
184773
184774
184775
184776
184777
184778
184779
184780
184781
184782
184783
184784
184785
184786
184787
184788
184789
184790
184791
184792
184794
184795
184987
184988
184989
184990
184991
184992
184993
184994
184995
184996
184997
184998
184999
185000
185001
185002
185003
185004
185005
185006
185007
185008
185009
185010
185011
185012
185013
185014
185015
185016
185017
185018
185019
185020
185021
185022
185023
185024
185025
185026
185027
185028
185029
185030
185031
185032
185033
185034
185035
185036
185037
185038
185039
185040
185041
185042
185043
185044
185045
185046
185047
185048
185049
185050
185051
185052
185053
185054
185055
185056
185057
185058
185059
185060
185061
185063
185064
185256
185257
185258
185259
185260
185261
185262
185263
185264
185265
185266
185267
185268
185269
185270
185271
185272
185273
185274
185275
185276
185277
185278
185279
185280
185281
185282
185283
185284
185285
185286
185287
185288
185289
185290
185291
185292
185293
185294
185295
185296
185297
185298
185299
185300
185301
185302
185303
185304
185305
185306
185307
185308
185309
185310
185311
185312
185313
185314
185315
185316
185317
185318
185319
185320
185321
185322
185323
185324
185325
185326
185327
185328
185329
185330
185332
185333
185525
185526
185527
185528
185529
185530
185531
185532
185533
185534
185535
185536
185537
185538
185539
185540
185541
185542
185543
185544
185545
185546
185547
185548
185549
185550
185551
185552
185553
185554
185555
185556
185557
185558
185559
185560
185561
185562
185563
185564
185565
185566
185567
185568
185569
185570
185571
185572
185573
185574
185575
185576
185577
185578
185579
185580
185581
185582
185583
185584
185585
185586
185587
185588
185589
185590
185591
185592
185593
185594
185595
185596
185597
185598
185599
185601
185602
185794
185795
185796
185797
185798
185799
185800
185801
185802
185803
185804
185805
185806
185807
185808
185809
185810
185811
185812
185813
185814
185815
185816
185817
185818
185819
185820
185821
185822
185823
185824
185825
185826
185827
185828
185829
185830
185831
185832
185833
185834
185835
185836
185837
185838
185839
185840
185841
185842
185843
185844
185845
185846
185847
185848
185849
185850
185851
185852
185853
185854
185855
185856
185857
185858
185859
185860
185861
185862
185863
185864
185865
185866
185867
185868
185870
185871
186063
186064
186065
186066
186067
186068
186069
186070
186071
186072
186073
186074
186075
186076
186077
186078
186079
186080
186081
186082
186083
186084
186085
186086
186087
186088
186089
186090
186091
186092
186093
186094
186095
186096
186097
186098
186099
186100
186101
186102
186103
186104
186105
186106
186107
186108
186109
186110
186111
186112
186113
186114
186115
186116
186117
186118
186119
186120
186121
186122
186123
186124
186125
186126
186127
186128
186129
186130
186131
186132
186133
186134
186135
186136
186137
186139
186140
186332
186333
186334
186335
186336
186337
186338
186339
186340
186341
186342
186343
186344
186345
186346
186347
186348
186349
186350
186351
186352
186353
186354
186355
186356
186357
186358
186359
186360
186361
186362
186363
186364
186365
186366
186367
186368
186369
186370
186371
186372
186373
186374
186375
186376
186377
186378
186379
186380
186381
186382
186383
186384
186385
186386
186387
186388
186389
186390
186391
186392
186393
186394
186395
186396
186397
186398
186399
186400
186401
186402
186403
186404
186405
186406
186408
186409
186601
186602
186603
186604
186605
186606
186607
186608
186609
186610
186611
186612
186613
186614
186615
186616
186617
186618
186619
186620
186621
186622
186623
186624
186625
186626
186627
186628
186629
186630
186631
186632
186633
186634
186635
186636
186637
186638
186639
186640
186641
186642
186643
186644
186645
186646
186647
186648
186649
186650
186651
186652
186653
186654
186655
186656
186657
186658
186659
186660
186661
186662
186663
186664
186665
186666
186667
186668
186669
186670
186671
186672
186673
186674
186675
186677
186678
186870
186871
186872
186873
186874
186875
186876
186877
186878
186879
186880
186881
186882
186883
186884
186885
186886
186887
186888
186889
186890
186891
186892
186893
186894
186895
186896
186897
186898
186899
186900
186901
186902
186903
186904
186905
186906
186907
186908
186909
186910
186911
186912
186913
186914
186915
186916
186917
186918
186919
186920
186921
186922
186923
186924
186925
186926
186927
186928
186929
186930
186931
186932
186933
186934
186935
186936
186937
186938
186939
186940
186941
186942
186943
186944
186946
186947
187139
187140
187141
187142
187143
187144
187145
187146
187147
187148
187149
187150
187151
187152
187153
187154
187155
187156
187157
187158
187159
187160
187161
187162
187163
187164
187165
187166
187167
187168
187169
187170
187171
187172
187173
187174
187175
187176
187177
187178
187179
187180
187181
187182
187183
187184
187185
187186
187187
187188
187189
187190
187191
187192
187193
187194
187195
187196
187197
187198
187199
187200
187201
187202
187203
187204
187205
187206
187207
187208
187209
187210
187211
187212
187213
187215
187216
187408
187409
187410
187411
187412
187413
187414
187415
187416
187417
187418
187419
187420
187421
187422
187423
187424
187425
187426
187427
187428
187429
187430
187431
187432
187433
187434
187435
187436
187437
187438
187439
187440
187441
187442
187443
187444
187445
187446
187447
187448
187449
187450
187451
187452
187453
187454
187455
187456
187457
187458
187459
187460
187461
187462
187463
187464
187465
187466
187467
187468
187469
187470
187471
187472
187473
187474
187475
187476
187477
187478
187479
187480
187481
187482
187484
187485
187677
187678
187679
187680
187681
187682
187683
187684
187685
187686
187687
187688
187689
187690
187691
187692
187693
187694
187695
187696
187697
187698
187699
187700
187701
187702
187703
187704
187705
187706
187707
187708
187709
187710
187711
187712
187713
187714
187715
187716
187717
187718
187719
187720
187721
187722
187723
187724
187725
187726
187727
187728
187729
187730
187731
187732
187733
187734
187735
187736
187737
187738
187739
187740
187741
187742
187743
187744
187745
187746
187747
187748
187749
187750
187751
187753
187754
187946
187947
187948
187949
187950
187951
187952
187953
187954
187955
187956
187957
187958
187959
187960
187961
187962
187963
187964
187965
187966
187967
187968
187969
187970
187971
187972
187973
187974
187975
187976
187977
187978
187979
187980
187981
187982
187983
187984
187985
187986
187987
187988
187989
187990
187991
187992
187993
187994
187995
187996
187997
187998
187999
188000
188001
188002
188003
188004
188005
188006
188007
188008
188009
188010
188011
188012
188013
188014
188015
188016
188017
188018
188019
188020
188022
188023
188215
188216
188217
188218
188219
188220
188221
188222
188223
188224
188225
188226
188227
188228
188229
188230
188231
188232
188233
188234
188235
188236
188237
188238
188239
188240
188241
188242
188243
188244
188245
188246
188247
188248
188249
188250
188251
188252
188253
188254
188255
188256
188257
188258
188259
188260
188261
188262
188263
188264
188265
188266
188267
188268
188269
188270
188271
188272
188273
188274
188275
188276
188277
188278
188279
188280
188281
188282
188283
188284
188285
188286
188287
188288
188289
188291
188292
188484
188485
188486
188487
188488
188489
188490
188491
188492
188493
188494
188495
188496
188497
188498
188499
188500
188501
188502
188503
188504
188505
188506
188507
188508
188509
188510
188511
188512
188513
188514
188515
188516
188517
188518
188519
188520
188521
188522
188523
188524
188525
188526
188527
188528
188529
188530
188531
188532
188533
188534
188535
188536
188537
188538
188539
188540
188541
188542
188543
188544
188545
188546
188547
188548
188549
188550
188551
188552
188553
188554
188555
188556
188557
188558
188560
188561
188753
188754
188755
188756
188757
188758
188759
188760
188761
188762
188763
188764
188765
188766
188767
188768
188769
188770
188771
188772
188773
188774
188775
188776
188777
188778
188779
188780
188781
188782
188783
188784
188785
188786
188787
188788
188789
188790
188791
188792
188793
188794
188795
188796
188797
188798
188799
188800
188801
188802
188803
188804
188805
188806
188807
188808
188809
188810
188811
188812
188813
188814
188815
188816
188817
188818
188819
188820
188821
188822
188823
188824
188825
188826
188827
188829
188830
189022
189023
189024
189025
189026
189027
189028
189029
189030
189031
189032
189033
189034
189035
189036
189037
189038
189039
189040
189041
189042
189043
189044
189045
189046
189047
189048
189049
189050
189051
189052
189053
189054
189055
189056
189057
189058
189059
189060
189061
189062
189063
189064
189065
189066
189067
189068
189069
189070
189071
189072
189073
189074
189075
189076
189077
189078
189079
189080
189081
189082
189083
189084
189085
189086
189087
189088
189089
189090
189091
189092
189093
189094
189095
189096
189098
189099
189291
189292
189293
189294
189295
189296
189297
189298
189299
189300
189301
189302
189303
189304
189305
189306
189307
189308
189309
189310
189311
189312
189313
189314
189315
189316
189317
189318
189319
189320
189321
189322
189323
189324
189325
189326
189327
189328
189329
189330
189331
189332
189333
189334
189335
189336
189337
189338
189339
189340
189341
189342
189343
189344
189345
189346
189347
189348
189349
189350
189351
189352
189353
189354
189355
189356
189357
189358
189359
189360
189361
189362
189363
189364
189365
189367
189368
189560
189561
189562
189563
189564
189565
189566
189567
189568
189569
189570
189571
189572
189573
189574
189575
189576
189577
189578
189579
189580
189581
189582
189583
189584
189585
189586
189587
189588
189589
189590
189591
189592
189593
189594
189595
189596
189597
189598
189599
189600
189601
189602
189603
189604
189605
189606
189607
189608
189609
189610
189611
189612
189613
189614
189615
189616
189617
189618
189619
189620
189621
189622
189623
189624
189625
189626
189627
189628
189629
189630
189631
189632
189633
189634
189636
189637
189829
189831
189832
189834
189835
189837
189838
189840
189841
189843
189844
189846
189847
189849
189850
189852
189853
189855
189856
189858
189859
189861
189862
189864
189865
189867
189868
189870
189871
189873
189874
189876
189877
189879
189880
189882
189883
189885
189886
189888
189889
189891
189892
189894
189895
189897
189898
189900
189901
189903
189906
201575
201576
201578
201579
201581
201582
201584
201585
201587
201588
201590
201591
201593
201594
201596
201597
201599
201600
201602
201603
201605
201606
201608
201609
201611
201612
201614
201615
201617
201618
201620
201621
201623
201624
201626
201627
201629
201630
201632
201633
201635
201636
201638
201639
201641
201642
201644
201645
201647
201648
201651
201844
201845
201847
201848
201850
201851
201853
201854
201856
201857
201859
201860
201862
201863
201865
201866
201868
201869
201871
201872
201874
201875
201877
201878
201880
201881
201883
201884
201886
201887
201889
201890
201892
201893
201895
201896
201898
201899
201901
201902
201904
201905
201907
201908
201910
201911
201913
201914
201916
201917
201920
202113
202114
202116
202117
202119
202120
202122
202123
202125
202126
202128
202129
202131
202132
202134
202135
202137
202138
202140
202141
202143
202144
202146
202147
202149
202150
202152
202153
202155
202156
202158
202159
202161
202162
202164
202165
202167
202168
202170
202171
202173
202174
202176
202177
202179
202180
202182
202183
202185
202186
202189
202382
202383
202385
202386
202388
202389
202391
202392
202394
202395
202397
202398
202400
202401
202403
202404
202406
202407
202409
202410
202412
202413
202415
202416
202418
202419
202421
202422
202424
202425
202427
202428
202430
202431
202433
202434
202436
202437
202439
202440
202442
202443
202445
202446
202448
202449
202451
202452
202454
202455
202458
202651
202652
202654
202655
202657
202658
202660
202661
202663
202664
202666
202667
202669
202670
202672
202673
202675
202676
202678
202679
202681
202682
202684
202685
202687
202688
202690
202691
202693
202694
202696
202697
202699
202700
202702
202703
202705
202706
202708
202709
202711
202712
202714
202715
202717
202718
202720
202721
202723
202724
202727
202920
202921
202923
202924
202926
202927
202929
202930
202932
202933
202935
202936
202938
202939
202941
202942
202944
202945
202947
202948
202950
202951
202953
202954
202956
202957
202959
202960
202962
202963
202965
202966
202968
202969
202971
202972
202974
202975
202977
202978
202980
202981
202983
202984
202986
202987
202989
202990
202992
202993
202996
203189
203190
203192
203193
203195
203196
203198
203199
203201
203202
203204
203205
203207
203208
203210
203211
203213
203214
203216
203217
203219
203220
203222
203223
203225
203226
203228
203229
203231
203232
203234
203235
203237
203238
203240
203241
203243
203244
203246
203247
203249
203250
203252
203253
203255
203256
203258
203259
203261
203262
203265
203458
203459
203461
203462
203464
203465
203467
203468
203470
203471
203473
203474
203476
203477
203479
203480
203482
203483
203485
203486
203488
203489
203491
203492
203494
203495
203497
203498
203500
203501
203503
203504
203506
203507
203509
203510
203512
203513
203515
203516
203518
203519
203521
203522
203524
203525
203527
203528
203530
203531
203534
203727
203728
203730
203731
203733
203734
203736
203737
203739
203740
203742
203743
203745
203746
203748
203749
203751
203752
203754
203755
203757
203758
203760
203761
203763
203764
203766
203767
203769
203770
203772
203773
203775
203776
203778
203779
203781
203782
203784
203785
203787
203788
203790
203791
203793
203794
203796
203797
203799
203800
203803
203996
203997
203999
204000
204002
204003
204005
204006
204008
204009
204011
204012
204014
204015
204017
204018
204020
204021
204023
204024
204026
204027
204029
204030
204032
204033
204035
204036
204038
204039
204041
204042
204044
204045
204047
204048
204050
204051
204053
204054
204056
204057
204059
204060
204062
204063
204065
204066
204068
204069
204072
204265
204266
204268
204269
204271
204272
204274
204275
204277
204278
204280
204281
204283
204284
204286
204287
204289
204290
204292
204293
204295
204296
204298
204299
204301
204302
204304
204305
204307
204308
204310
204311
204313
204314
204316
204317
204319
204320
204322
204323
204325
204326
204328
204329
204331
204332
204334
204335
204337
204338
204341
204534
204535
204537
204538
204540
204541
204543
204544
204546
204547
204549
204550
204552
204553
204555
204556
204558
204559
204561
204562
204564
204565
204567
204568
204570
204571
204573
204574
204576
204577
204579
204580
204582
204583
204585
204586
204588
204589
204591
204592
204594
204595
204597
204598
204600
204601
204603
204604
204606
204607
204610
204803
204804
204806
204807
204809
204810
204812
204813
204815
204816
204818
204819
204821
204822
204824
204825
204827
204828
204830
204831
204833
204834
204836
204837
204839
204840
204842
204843
204845
204846
204848
204849
204851
204852
204854
204855
204857
204858
204860
204861
204863
204864
204866
204867
204869
204870
204872
204873
204875
204876
204879
205072
205073
205075
205076
205078
205079
205081
205082
205084
205085
205087
205088
205090
205091
205093
205094
205096
205097
205099
205100
205102
205103
205105
205106
205108
205109
205111
205112
205114
205115
205117
205118
205120
205121
205123
205124
205126
205127
205129
205130
205132
205133
205135
205136
205138
205139
205141
205142
205144
205145
205148
205341
205342
205344
205345
205347
205348
205350
205351
205353
205354
205356
205357
205359
205360
205362
205363
205365
205366
205368
205369
205371
205372
205374
205375
205377
205378
205380
205381
205383
205384
205386
205387
205389
205390
205392
205393
205395
205396
205398
205399
205401
205402
205404
205405
205407
205408
205410
205411
205413
205414
205417
205610
205611
205613
205614
205616
205617
205619
205620
205622
205623
205625
205626
205628
205629
205631
205632
205634
205635
205637
205638
205640
205641
205643
205644
205646
205647
205649
205650
205652
205653
205655
205656
205658
205659
205661
205662
205664
205665
205667
205668
205670
205671
205673
205674
205676
205677
205679
205680
205682
205683
205686
205879
205880
205882
205883
205885
205886
205888
205889
205891
205892
205894
205895
205897
205898
205900
205901
205903
205904
205906
205907
205909
205910
205912
205913
205915
205916
205918
205919
205921
205922
205924
205925
205927
205928
205930
205931
205933
205934
205936
205937
205939
205940
205942
205943
205945
205946
205948
205949
205951
205952
205955
206148
206149
206151
206152
206154
206155
206157
206158
206160
206161
206163
206164
206166
206167
206169
206170
206172
206173
206175
206176
206178
206179
206181
206182
206184
206185
206187
206188
206190
206191
206193
206194
206196
206197
206199
206200
206202
206203
206205
206206
206208
206209
206211
206212
206214
206215
206217
206218
206220
206221
206224
206417
206418
206420
206421
206423
206424
206426
206427
206429
206430
206432
206433
206435
206436
206438
206439
206441
206442
206444
206445
206447
206448
206450
206451
206453
206454
206456
206457
206459
206460
206462
206463
206465
206466
206468
206469
206471
206472
206474
206475
206477
206478
206480
206481
206483
206484
206486
206487
206489
206490
206493
206686
206687
206689
206690
206692
206693
206695
206696
206698
206699
206701
206702
206704
206705
206707
206708
206710
206711
206713
206714
206716
206717
206719
206720
206722
206723
206725
206726
206728
206729
206731
206732
206734
206735
206737
206738
206740
206741
206743
206744
206746
206747
206749
206750
206752
206753
206755
206756
206758
206759
206762
206955
206956
206958
206959
206961
206962
206964
206965
206967
206968
206970
206971
206973
206974
206976
206977
206979
206980
206982
206983
206985
206986
206988
206989
206991
206992
206994
206995
206997
206998
207000
207001
207003
207004
207006
207007
207009
207010
207012
207013
207015
207016
207018
207019
207021
207022
207024
207025
207027
207028
207031
207224
207225
207227
207228
207230
207231
207233
207234
207236
207237
207239
207240
207242
207243
207245
207246
207248
207249
207251
207252
207254
207255
207257
207258
207260
207261
207263
207264
207266
207267
207269
207270
207272
207273
207275
207276
207278
207279
207281
207282
207284
207285
207287
207288
207290
207291
207293
207294
207296
207297
207300
207493
207494
207496
207497
207499
207500
207502
207503
207505
207506
207508
207509
207511
207512
207514
207515
207517
207518
207520
207521
207523
207524
207526
207527
207529
207530
207532
207533
207535
207536
207538
207539
207541
207542
207544
207545
207547
207548
207550
207551
207553
207554
207556
207557
207559
207560
207562
207563
207565
207566
207569
207762
207763
207765
207766
207768
207769
207771
207772
207774
207775
207777
207778
207780
207781
207783
207784
207786
207787
207789
207790
207792
207793
207795
207796
207798
207799
207801
207802
207804
207805
207807
207808
207810
207811
207813
207814
207816
207817
207819
207820
207822
207823
207825
207826
207828
207829
207831
207832
207834
207835
207838
208031
208032
208034
208035
208037
208038
208040
208041
208043
208044
208046
208047
208049
208050
208052
208053
208055
208056
208058
208059
208061
208062
208064
208065
208067
208068
208070
208071
208073
208074
208076
208077
208079
208080
208082
208083
208085
208086
208088
208089
208091
208092
208094
208095
208097
208098
208100
208101
208103
208104
208107
208300
208301
208303
208304
208306
208307
208309
208310
208312
208313
208315
208316
208318
208319
208321
208322
208324
208325
208327
208328
208330
208331
208333
208334
208336
208337
208339
208340
208342
208343
208345
208346
208348
208349
208351
208352
208354
208355
208357
208358
208360
208361
208363
208364
208366
208367
208369
208370
208372
208373
208376
208569
208570
208572
208573
208575
208576
208578
208579
208581
208582
208584
208585
208587
208588
208590
208591
208593
208594
208596
208597
208599
208600
208602
208603
208605
208606
208608
208609
208611
208612
208614
208615
208617
208618
208620
208621
208623
208624
208626
208627
208629
208630
208632
208633
208635
208636
208638
208639
208641
208642
208645
208838
208839
208841
208842
208844
208845
208847
208848
208850
208851
208853
208854
208856
208857
208859
208860
208862
208863
208865
208866
208868
208869
208871
208872
208874
208875
208877
208878
208880
208881
208883
208884
208886
208887
208889
208890
208892
208893
208895
208896
208898
208899
208901
208902
208904
208905
208907
208908
208910
208911
208914
209107
209108
209110
209111
209113
209114
209116
209117
209119
209120
209122
209123
209125
209126
209128
209129
209131
209132
209134
209135
209137
209138
209140
209141
209143
209144
209146
209147
209149
209150
209152
209153
209155
209156
209158
209159
209161
209162
209164
209165
209167
209168
209170
209171
209173
209174
209176
209177
209179
209180
209183
209376
209377
209379
209380
209382
209383
209385
209386
209388
209389
209391
209392
209394
209395
209397
209398
209400
209401
209403
209404
209406
209407
209409
209410
209412
209413
209415
209416
209418
209419
209421
209422
209424
209425
209427
209428
209430
209431
209433
209434
209436
209437
209439
209440
209442
209443
209445
209446
209448
209449
209452
209645
209646
209648
209649
209651
209652
209654
209655
209657
209658
209660
209661
209663
209664
209666
209667
209669
209670
209672
209673
209675
209676
209678
209679
209681
209682
209684
209685
209687
209688
209690
209691
209693
209694
209696
209697
209699
209700
209702
209703
209705
209706
209708
209709
209711
209712
209714
209715
209717
209718
209721
209914
209915
209917
209918
209920
209921
209923
209924
209926
209927
209929
209930
209932
209933
209935
209936
209938
209939
209941
209942
209944
209945
209947
209948
209950
209951
209953
209954
209956
209957
209959
209960
209962
209963
209965
209966
209968
209969
209971
209972
209974
209975
209977
209978
209980
209981
209983
209984
209986
209987
209990
210183
210184
210186
210187
210189
210190
210192
210193
210195
210196
210198
210199
210201
210202
210204
210205
210207
210208
210210
210211
210213
210214
210216
210217
210219
210220
210222
210223
210225
210226
210228
210229
210231
210232
210234
210235
210237
210238
210240
210241
210243
210244
210246
210247
210249
210250
210252
210253
210255
210256
210259
210452
210453
210455
210456
210458
210459
210461
210462
210464
210465
210467
210468
210470
210471
210473
210474
210476
210477
210479
210480
210482
210483
210485
210486
210488
210489
210491
210492
210494
210495
210497
210498
210500
210501
210503
210504
210506
210507
210509
210510
210512
210513
210515
210516
210518
210519
210521
210522
210524
210525
210528
210721
210722
210724
210725
210727
210728
210730
210731
210733
210734
210736
210737
210739
210740
210742
210743
210745
210746
210748
210749
210751
210752
210754
210755
210757
210758
210760
210761
210763
210764
210766
210767
210769
210770
210772
210773
210775
210776
210778
210779
210781
210782
210784
210785
210787
210788
210790
210791
210793
210794
210797
210990
210991
210993
210994
210996
210997
210999
211000
211002
211003
211005
211006
211008
211009
211011
211012
211014
211015
211017
211018
211020
211021
211023
211024
211026
211027
211029
211030
211032
211033
211035
211036
211038
211039
211041
211042
211044
211045
211047
211048
211050
211051
211053
211054
211056
211057
211059
211060
211062
211063
211066
211259
211262
211265
211268
211271
211274
211277
211280
211283
211286
211289
211292
211295
211298
211301
211304
211307
211310
211313
211316
211319
211322
211325
211328
211331
201577
201580
201583
201586
201589
201592
201595
201598
201601
201604
201607
201610
201613
201616
201619
201622
201625
201628
201631
201634
201637
201640
201643
201646
201649
201652
201846
201849
201852
201855
201858
201861
201864
201867
201870
201873
201876
201879
201882
201885
201888
201891
201894
201897
201900
201903
201906
201909
201912
201915
201918
201921
202115
202118
202121
202124
202127
202130
202133
202136
202139
202142
202145
202148
202151
202154
202157
202160
202163
202166
202169
202172
202175
202178
202181
202184
202187
202190
202384
202387
202390
202393
202396
202399
202402
202405
202408
202411
202414
202417
202420
202423
202426
202429
202432
202435
202438
202441
202444
202447
202450
202453
202456
202459
202653
202656
202659
202662
202689
202692
202695
202698
202701
202704
202707
202710
202713
202716
202719
202722
202725
202728
202922
202925
202928
202931
202958
202961
202964
202967
202970
202973
202976
202979
202982
202985
202988
202991
202994
202997
203191
203194
203197
203200
203227
203230
203233
203236
203239
203242
203245
203248
203251
203254
203257
203260
203263
203266
203460
203463
203466
203469
203496
203499
203502
203505
203508
203511
203514
203517
203520
203523
203526
203529
203532
203535
203729
203732
203735
203738
203765
203768
203771
203774
203777
203780
203783
203786
203789
203792
203795
203798
203801
203804
203998
204001
204004
204007
204034
204037
204040
204043
204046
204049
204052
204055
204058
204061
204064
204067
204070
204073
204267
204270
204273
204276
204303
204306
204309
204312
204315
204318
204321
204324
204327
204330
204333
204336
204339
204342
204536
204539
204542
204545
204572
204575
204578
204581
204584
204587
204590
204593
204596
204599
204602
204605
204608
204611
204805
204808
204811
204814
204817
204820
204823
204826
204829
204832
204835
204838
204841
204844
204847
204850
204853
204856
204859
204862
204865
204868
204871
204874
204877
204880
205074
205077
205080
205083
205086
205089
205092
205095
205098
205101
205104
205107
205110
205113
205116
205119
205122
205125
205128
205131
205134
205137
205140
205143
205146
205149
205343
205346
205349
205352
205355
205358
205361
205364
205367
205370
205373
205376
205379
205382
205385
205388
205391
205394
205397
205400
205403
205406
205409
205412
205415
205418
205612
205615
205618
205621
205624
205627
205630
205633
205636
205639
205642
205645
205648
205651
205654
205657
205660
205663
205666
205669
205672
205675
205678
205681
205684
205687
205881
205884
205887
205890
205893
205896
205899
205902
205905
205908
205911
205914
205917
205920
205923
205926
205929
205932
205935
205938
205941
205944
205947
205950
205953
205956
206150
206153
206156
206159
206162
206165
206168
206171
206174
206177
206180
206183
206186
206189
206192
206195
206198
206201
206204
206207
206210
206213
206216
206219
206222
206225
206419
206422
206425
206428
206431
206434
206437
206440
206443
206446
206449
206452
206455
206458
206461
206464
206467
206470
206473
206476
206479
206482
206485
206488
206491
206494
206688
206691
206694
206697
206700
206703
206706
206709
206712
206715
206718
206721
206724
206727
206730
206733
206736
206739
206742
206745
206748
206751
206754
206757
206760
206763
206957
206960
206963
206966
206969
206972
206975
206978
206981
206984
206987
206990
206993
206996
206999
207002
207005
207008
207011
207014
207017
207020
207023
207026
207029
207032
207226
207229
207232
207235
207238
207241
207244
207247
207250
207253
207256
207259
207262
207265
207268
207271
207274
207277
207280
207283
207286
207289
207292
207295
207298
207301
207495
207498
207501
207504
207507
207510
207513
207516
207519
207522
207525
207528
207531
207534
207537
207540
207543
207546
207549
207552
207555
207558
207561
207564
207567
207570
207764
207767
207770
207773
207776
207779
207782
207785
207788
207791
207794
207797
207800
207803
207806
207809
207812
207815
207818
207821
207824
207827
207830
207833
207836
207839
208033
208036
208039
208042
208045
208048
208051
208054
208057
208060
208063
208066
208069
208072
208075
208078
208081
208084
208087
208090
208093
208096
208099
208102
208105
208108
208302
208305
208308
208311
208314
208317
208320
208323
208326
208329
208332
208335
208338
208341
208344
208347
208350
208353
208356
208359
208362
208365
208368
208371
208374
208377
208571
208574
208577
208580
208583
208586
208589
208592
208595
208598
208601
208604
208607
208610
208613
208616
208619
208622
208625
208628
208631
208634
208637
208640
208643
208646
208840
208843
208846
208849
208852
208855
208858
208861
208864
208867
208870
208873
208876
208879
208882
208885
208888
208891
208894
208897
208900
208903
208906
208909
208912
208915
209109
209112
209115
209118
209121
209124
209127
209130
209133
209136
209139
209142
209145
209148
209151
209154
209157
209160
209163
209166
209169
209172
209175
209178
209181
209184
209378
209381
209384
209387
209390
209393
209396
209399
209402
209405
209408
209411
209414
209417
209420
209423
209426
209429
209432
209435
209438
209441
209444
209447
209450
209453
209647
209650
209653
209656
209659
209662
209665
209668
209671
209674
209677
209680
209683
209686
209689
209692
209695
209698
209701
209704
209707
209710
209713
209716
209719
209722
209916
209919
209922
209925
209928
209931
209934
209937
209940
209943
209946
209949
209952
209955
209958
209961
209964
209967
209970
209973
209976
209979
209982
209985
209988
209991
210185
210188
210191
210194
210197
210200
210203
210206
210209
210212
210215
210218
210221
210224
210227
210230
210233
210236
210239
210242
210245
210248
210251
210254
210257
210260
210454
210457
210460
210463
210466
210469
210472
210475
210478
210481
210484
210487
210490
210493
210496
210499
210502
210505
210508
210511
210514
210517
210520
210523
210526
210529
210723
210726
210729
210732
210735
210738
210741
210744
210747
210750
210753
210756
210759
210762
210765
210768
210771
210774
210777
210780
210783
210786
210789
210792
210795
210798
210992
210995
210998
211001
211004
211007
211010
211013
211016
211019
211022
211025
211028
211031
211034
211037
211040
211043
211046
211049
211052
211055
211058
211061
211064
211067
211261
211264
211267
211270
211273
211276
211279
211282
211285
211288
211291
211294
211297
211300
211303
211306
211309
211312
211315
211318
211321
211324
211327
211330
211333
211336
189830
189833
189836
189839
189842
189845
189848
189851
189854
189857
189860
189863
189866
189869
189872
189875
189878
189881
189884
189887
189890
189893
189896
189899
189902
189905
211260
211263
211266
211269
211272
211275
211278
211281
211284
211287
211290
211293
211296
211299
211302
211305
211308
211311
211314
211317
211320
211323
211326
211329
211332
211335
-179877
-179880
-179883
-179886
-179889
-179892
-179895
-179898
-179901
-179904
-179907
-179910
-179913
-179916
-179919
-179922
-179925
-179928
-179931
-179934
-179937
-179940
-179943
-179946
-179949
-179952
-180142
180220
-180411
180489
-180680
180758
-180949
181027
-181218
181296
-181487
181565
-181756
181834
-182025
182103
-182294
182372
-182563
182641
-182832
182910
-183101
183179
-183370
183448
-183639
183717
-183908
183986
-184177
184255
-184446
184524
-184715
184793
-184984
185062
-185253
185331
-185522
185600
-185791
185869
-186060
186138
-186329
186407
-186598
186676
-186867
186945
-187136
187214
-187405
187483
-187674
187752
-187943
188021
-188212
188290
-188481
188559
-188750
188828
-189019
189097
-189288
189366
-189557
189635
-189826
189904
-201307
-201310
-201313
-201316
-201319
-201322
-201325
-201328
-201331
-201334
-201337
-201340
-201343
-201346
-201349
-201352
-201355
-201358
-201361
-201364
-201367
-201370
-201373
-201376
-201379
-201382
-201572
201650
-201841
201919
-202110
202188
-202379
202457
-202648
202726
-202917
202995
-203186
203264
-203455
203533
-203724
203802
-203993
204071
-204262
204340
-204531
204609
-204800
204878
-205069
205147
-205338
205416
-205607
205685
-205876
205954
-206145
206223
-206414
206492
-206683
206761
-206952
207030
-207221
207299
-207490
207568
-207759
207837
-208028
208106
-208297
208375
-208566
208644
-208835
208913
-209104
209182
-209373
209451
-209642
209720
-209911
209989
-210180
210258
-210449
210527
-210718
210796
-210987
211065
-211256
211334
202665
202668
202671
202674
202677
202680
202683
202686
202934
202937
202940
202943
202946
202949
202952
202955
203203
203206
203209
203212
203215
203218
203221
203224
203472
203475
203478
203481
203484
203487
203490
203493
203741
203744
203747
203750
203753
203756
203759
203762
204010
204013
204016
204019
204022
204025
204028
204031
204279
204282
204285
204288
204291
204294
204297
204300
204548
204551
204554
204557
204560
204563
204566
204569
-158717
-158720
-158723
-158726
-158729
-158732
-158735
-158738
-158741
-158744
-158747
-158750
-158753
-158756
-158759
-158762
-158765
-158768
-158771
-158774
-158777
-158780
-158783
-158786
-158789
-158792
-158986
-158989
-158992
-158995
-158998
-159001
-159004
-159007
-159010
-159013
-159016
-159019
-159022
-159025
-159028
-159031
-159034
-159037
-159040
-159043
-159046
-159049
-159052
-159055
-159058
-159061
-159255
-159258
-159261
-159264
-159267
-159270
-159273
-159276
-159279
-159282
-159285
-159288
-159291
-159294
-159297
-159300
-159303
-159306
-159309
-159312
-159315
-159318
-159321
-159324
-159327
-159330
-159524
-159527
-159530
-159533
-159536
-159539
-159542
-159545
-159548
-159551
-159554
-159557
-159560
-159563
-159566
-159569
-159572
-159575
-159578
-159581
-159584
-159587
-159590
-159593
-159596
-159599
-159793
-159796
-159799
-159802
-159805
-159808
-159811
-159814
-159817
-159820
-159823
-159826
-159829
-159832
-159835
-159838
-159841
-159844
-159847
-159850
-159853
-159856
-159859
-159862
-159865
-159868
-160062
-160065
-160068
-160071
-160074
-160077
-160080
-160083
-160086
-160089
-160092
-160095
-160098
-160101
-160104
-160107
-160110
-160113
-160116
-160119
-160122
-160125
-160128
-160131
-160134
-160137
-160331
-160334
-160337
-160340
-160343
-160346
-160349
-160352
-160355
-160358
-160361
-160364
-160367
-160370
-160373
-160376
-160379
-160382
-160385
-160388
-160391
-160394
-160397
-160400
-160403
-160406
-160600
-160603
-160606
-160609
-160612
-160615
-160618
-160621
-160624
-160627
-160630
-160633
-160636
-160639
-160642
-160645
-160648
-160651
-160654
-160657
-160660
-160663
-160666
-160669
-160672
-160675
-160869
-160872
-160875
-160878
-160881
-160884
-160887
-160890
-160893
-160896
-160899
-160902
-160905
-160908
-160911
-160914
-160917
-160920
-160923
-160926
-160929
-160932
-160935
-160938
-160941
-160944
-161138
-161141
-161144
-161147
-161150
-161153
-161156
-161159
-161162
-161165
-161168
-161171
-161174
-161177
-161180
-161183
-161186
-161189
-161192
-161195
-161198
-161201
-161204
-161207
-161210
-161213
-161407
-161410
-161413
-161416
-161419
-161422
-161425
-161428
-161431
-161434
-161437
-161440
-161443
-161446
-161449
-161452
-161455
-161458
-161461
-161464
-161467
-161470
-161473
-161476
-161479
-161482
-161676
-161679
-161682
-161685
-161688
-161691
-161694
-161697
-161700
-161703
-161706
-161709
-161712
-161715
-161718
-161721
-161724
-161727
-161730
-161733
-161736
-161739
-161742
-161745
-161748
-161751
-161945
-161948
-161951
-161954
-161957
-161960
-161963
-161966
-161969
-161972
-161975
-161978
-161981
-161984
-161987
-161990
-161993
-161996
-161999
-162002
-162005
-162008
-162011
-162014
-162017
-162020
-162214
-162217
-162220
-162223
-162226
-162229
-162232
-162235
-162238
-162241
-162244
-162247
-162250
-162253
-162256
-162259
-162262
-162265
-162268
-162271
-162274
-162277
-162280
-162283
-162286
-162289
-162483
-162486
-162489
-162492
-162495
-162498
-162501
-162504
-162507
-162510
-162513
-162516
-162519
-162522
-162525
-162528
-162531
-162534
-162537
-162540
-162543
-162546
-162549
-162552
-162555
-162558
-162752
-162755
-162758
-162761
-162764
-162767
-162770
-162773
-162776
-162779
-162782
-162785
-162788
-162791
-162794
-162797
-162800
-162803
-162806
-162809
-162812
-162815
-162818
-162821
-162824
-162827
-163021
-163024
-163027
-163030
-163033
-163036
-163039
-163042
-163045
-163048
-163051
-163054
-163057
-163060
-163063
-163066
-163069
-163072
-163075
-163078
-163081
-163084
-163087
-163090
-163093
-163096
-163290
-163293
-163296
-163299
-163302
-163305
-163308
-163311
-163314
-163317
-163320
-163323
-163326
-163329
-163332
-163335
-163338
-163341
-163344
-163347
-163350
-163353
-163356
-163359
-163362
-163365
-163559
-163562
-163565
-163568
-163571
-163574
-163577
-163580
-163583
-163586
-163589
-163592
-163595
-163598
-163601
-163604
-163607
-163610
-163613
-163616
-163619
-163622
-163625
-163628
-163631
-163634
-163828
-163831
-163834
-163837
-163840
-163843
-163846
-163849
-163852
-163855
-163858
-163861
-163864
-163867
-163870
-163873
-163876
-163879
-163882
-163885
-163888
-163891
-163894
-163897
-163900
-163903
-164097
-164100
-164103
-164106
-164109
-164112
-164115
-164118
-164121
-164124
-164127
-164130
-164133
-164136
-164139
-164142
-164145
-164148
-164151
-164154
-164157
-164160
-164163
-164166
-164169
-164172
-164366
-164369
-164372
-164375
-164378
-164381
-164384
-164387
-164390
-164393
-164396
-164399
-164402
-164405
-164408
-164411
-164414
-164417
-164420
-164423
-164426
-164429
-164432
-164435
-164438
-164441
-164635
-164638
-164641
-164644
-164647
-164650
-164653
-164656
-164659
-164662
-164665
-164668
-164671
-164674
-164677
-164680
-164683
-164686
-164689
-164692
-164695
-164698
-164701
-164704
-164707
-164710
-164904
-164907
-164910
-164913
-164916
-164919
-164922
-164925
-164928
-164931
-164934
-164937
-164940
-164943
-164946
-164949
-164952
-164955
-164958
-164961
-164964
-164967
-164970
-164973
-164976
-164979
-165173
-165176
-165179
-165182
-165185
-165188
-165191
-165194
-165197
-165200
-165203
-165206
-165209
-165212
-165215
-165218
-165221
-165224
-165227
-165230
-165233
-165236
-165239
-165242
-165245
-165248
-165442
-165445
-165448
-165451
-165454
-165457
-165460
-165463
-165466
-165469
-165472
-165475
-165478
-165481
-165484
-165487
-165490
-165493
-165496
-165499
-165502
-165505
-165508
-165511
-165514
-165517
-165711
-165714
-165717
-165720
-165723
-165726
-165729
-165732
-165735
-165738
-165741
-165744
-165747
-165750
-165753
-165756
-165759
-165762
-165765
-165768
-165771
-165774
-165777
-165780
-165783
-165786
-165980
-165983
-165986
-165989
-165992
-165995
-165998
-166001
-166004
-166007
-166010
-166013
-166016
-166019
-166022
-166025
-166028
-166031
-166034
-166037
-166040
-166043
-166046
-166049
-166052
-166055
-166249
-166252
-166255
-166258
-166261
-166264
-166267
-166270
-166273
-166276
-166279
-166282
-166285
-166288
-166291
-166294
-166297
-166300
-166303
-166306
-166309
-166312
-166315
-166318
-166321
-166324
-166518
-166521
-166524
-166527
-166530
-166533
-166536
-166539
-166542
-166545
-166548
-166551
-166554
-166557
-166560
-166563
-166566
-166569
-166572
-166575
-166578
-166581
-166584
-166587
-166590
-166593
-166787
-166790
-166793
-166796
-166799
-166802
-166805
-166808
-166811
-166814
-166817
-166820
-166823
-166826
-166829
-166832
-166835
-166838
-166841
-166844
-166847
-166850
-166853
-166856
-166859
-166862
-167056
-167059
-167062
-167065
-167068
-167071
-167074
-167077
-167080
-167083
-167086
-167089
-167092
-167095
-167098
-167101
-167104
-167107
-167110
-167113
-167116
-167119
-167122
-167125
-167128
-167131
-167325
-167328
-167331
-167334
-167337
-167340
-167343
-167346
-167349
-167352
-167355
-167358
-167361
-167364
-167367
-167370
-167373
-167376
-167379
-167382
-167385
-167388
-167391
-167394
-167397
-167400
-167594
-167597
-167600
-167603
-167606
-167609
-167612
-167615
-167618
-167621
-167624
-167627
-167630
-167633
-167636
-167639
-167642
-167645
-167648
-167651
-167654
-167657
-167660
-167663
-167666
-167669
-167863
-167866
-167869
-167872
-167875
-167878
-167881
-167884
-167887
-167890
-167893
-167896
-167899
-167902
-167905
-167908
-167911
-167914
-167917
-167920
-167923
-167926
-167929
-167932
-167935
-167938
-168132
-168135
-168138
-168141
-168144
-168147
-168150
-168153
-168156
-168159
-168162
-168165
-168168
-168171
-168174
-168177
-168180
-168183
-168186
-168189
-168192
-168195
-168198
-168201
-168204
-168207
-168401
-168404
-168407
-168410
-168413
-168416
-168419
-168422
-168425
-168428
-168431
-168434
-168437
-168440
-168443
-168446
-168449
-168452
-168455
-168458
-168461
-168464
-168467
-168470
-168473
-168476
)


// ************************************************************************* //
