/*--------------------------------*- C++ -*----------------------------------*\
| =========                 |                                                 |
| \\      /  F ield         | OpenFOAM: The Open Source CFD Toolbox           |
|  \\    /   O peration     | Version:  v2012                                 |
|   \\  /    A nd           | Website:  www.openfoam.com                      |
|    \\/     M anipulation  |                                                 |
\*---------------------------------------------------------------------------*/
FoamFile
{
    version     2.0;
    format      ascii;
    class       labelList;
    note        "nPoints:3078  nCells:1924  nFaces:6860  nInternalFaces:4684";
    location    "constant/concrete/polyMesh";
    object      neighbour;
}
// * * * * * * * * * * * * * * * * * * * * * * * * * * * * * * * * * * * * * //


4684
(
1
26
962
2
27
963
3
28
964
4
29
965
5
30
966
6
31
967
7
32
968
8
33
969
9
34
970
10
35
971
11
36
972
12
37
973
13
38
974
14
39
975
15
40
976
16
41
977
17
42
978
18
43
979
19
44
980
20
45
981
21
46
982
22
47
983
23
48
984
24
49
985
25
50
986
51
987
27
52
988
28
53
989
29
54
990
30
55
991
31
56
992
32
57
993
33
58
994
34
59
995
35
60
996
36
61
997
37
62
998
38
63
999
39
64
1000
40
65
1001
41
66
1002
42
67
1003
43
68
1004
44
69
1005
45
70
1006
46
71
1007
47
72
1008
48
73
1009
49
74
1010
50
75
1011
51
76
1012
77
1013
53
78
1014
54
79
1015
55
80
1016
56
81
1017
57
82
1018
58
83
1019
59
84
1020
60
85
1021
61
86
1022
62
87
1023
63
88
1024
64
89
1025
65
90
1026
66
91
1027
67
92
1028
68
93
1029
69
94
1030
70
95
1031
71
96
1032
72
97
1033
73
98
1034
74
99
1035
75
100
1036
76
101
1037
77
102
1038
103
1039
79
104
1040
80
105
1041
81
106
1042
82
107
1043
83
108
1044
84
109
1045
85
110
1046
86
111
1047
87
112
1048
88
113
1049
89
114
1050
90
115
1051
91
116
1052
92
117
1053
93
118
1054
94
119
1055
95
120
1056
96
121
1057
97
122
1058
98
123
1059
99
124
1060
100
125
1061
101
126
1062
102
127
1063
103
128
1064
129
1065
105
130
1066
106
131
1067
107
132
1068
108
133
1069
109
134
1070
110
135
1071
111
136
1072
112
137
1073
113
138
1074
114
139
1075
115
140
1076
116
141
1077
117
142
1078
118
143
1079
119
144
1080
120
145
1081
121
146
1082
122
147
1083
123
148
1084
124
149
1085
125
150
1086
126
151
1087
127
152
1088
128
153
1089
129
154
1090
155
1091
131
156
1092
132
157
1093
133
158
1094
134
159
1095
135
160
1096
136
161
1097
137
162
1098
138
163
1099
139
164
1100
140
165
1101
141
166
1102
142
167
1103
143
168
1104
144
169
1105
145
170
1106
146
171
1107
147
172
1108
148
173
1109
149
174
1110
150
175
1111
151
176
1112
152
177
1113
153
178
1114
154
179
1115
155
180
1116
181
1117
157
182
1118
158
183
1119
159
184
1120
160
185
1121
161
186
1122
162
187
1123
163
188
1124
164
189
1125
165
190
1126
166
191
1127
167
192
1128
168
193
1129
169
194
1130
170
195
1131
171
196
1132
172
197
1133
173
198
1134
174
199
1135
175
200
1136
176
201
1137
177
202
1138
178
203
1139
179
204
1140
180
205
1141
181
206
1142
207
1143
183
208
1144
184
209
1145
185
210
1146
186
211
1147
187
212
1148
188
213
1149
189
214
1150
190
215
1151
191
216
1152
192
217
1153
193
218
1154
194
219
1155
195
220
1156
196
221
1157
197
222
1158
198
223
1159
199
224
1160
200
225
1161
201
226
1162
202
227
1163
203
228
1164
204
229
1165
205
230
1166
206
231
1167
207
232
1168
233
1169
209
234
1170
210
235
1171
211
236
1172
212
237
1173
213
238
1174
214
239
1175
215
240
1176
216
241
1177
217
242
1178
218
243
1179
219
244
1180
220
245
1181
221
246
1182
222
247
1183
223
248
1184
224
249
1185
225
250
1186
226
251
1187
227
252
1188
228
253
1189
229
254
1190
230
255
1191
231
256
1192
232
257
1193
233
258
1194
259
1195
235
260
1196
236
261
1197
237
262
1198
238
263
1199
239
264
1200
240
265
1201
241
266
1202
242
267
1203
243
268
1204
244
269
1205
245
270
1206
246
271
1207
247
272
1208
248
273
1209
249
274
1210
250
275
1211
251
276
1212
252
277
1213
253
278
1214
254
279
1215
255
280
1216
256
281
1217
257
282
1218
258
283
1219
259
284
1220
285
1221
261
286
1222
262
287
1223
263
288
1224
264
289
1225
265
290
1226
266
291
1227
267
292
1228
268
293
1229
269
294
1230
270
295
1231
271
296
1232
272
297
1233
273
298
1234
274
299
1235
275
300
1236
276
301
1237
277
302
1238
278
303
1239
279
304
1240
280
305
1241
281
306
1242
282
307
1243
283
308
1244
284
309
1245
285
310
1246
311
1247
287
312
1248
288
313
1249
289
314
1250
290
315
1251
291
316
1252
292
317
1253
293
318
1254
294
319
1255
295
320
1256
296
321
1257
297
322
1258
298
323
1259
299
324
1260
300
325
1261
301
326
1262
302
327
1263
303
328
1264
304
329
1265
305
330
1266
306
331
1267
307
332
1268
308
333
1269
309
334
1270
310
335
1271
311
336
1272
337
1273
313
338
1274
314
339
1275
315
340
1276
316
341
1277
317
342
1278
318
343
1279
319
344
1280
320
345
1281
321
346
1282
322
347
1283
323
348
1284
324
349
1285
325
350
1286
326
351
1287
327
352
1288
328
353
1289
329
354
1290
330
355
1291
331
356
1292
332
357
1293
333
358
1294
334
359
1295
335
360
1296
336
361
1297
337
362
1298
363
1299
339
364
1300
340
365
1301
341
366
1302
342
367
1303
343
368
1304
344
369
1305
345
370
1306
346
371
1307
347
372
1308
348
373
1309
349
374
1310
350
375
1311
351
376
1312
352
377
1313
353
378
1314
354
379
1315
355
380
1316
356
381
1317
357
382
1318
358
383
1319
359
384
1320
360
385
1321
361
386
1322
362
387
1323
363
388
1324
389
1325
365
390
1326
366
391
1327
367
392
1328
368
393
1329
369
394
1330
370
395
1331
371
396
1332
372
397
1333
373
398
1334
374
399
1335
375
400
1336
376
401
1337
377
402
1338
378
403
1339
379
404
1340
380
405
1341
381
406
1342
382
407
1343
383
408
1344
384
409
1345
385
410
1346
386
411
1347
387
412
1348
388
413
1349
389
414
1350
415
1351
391
416
1352
392
417
1353
393
418
1354
394
419
1355
395
420
1356
396
421
1357
397
422
1358
398
423
1359
399
424
1360
400
425
1361
401
426
1362
402
427
1363
403
428
1364
404
429
1365
405
430
1366
406
431
1367
407
432
1368
408
433
1369
409
434
1370
410
435
1371
411
436
1372
412
437
1373
413
438
1374
414
439
1375
415
440
1376
441
1377
417
442
1378
418
443
1379
419
444
1380
420
445
1381
421
446
1382
422
447
1383
423
448
1384
424
449
1385
425
450
1386
426
451
1387
427
452
1388
428
453
1389
429
454
1390
430
455
1391
431
456
1392
432
457
1393
433
458
1394
434
459
1395
435
460
1396
436
461
1397
437
462
1398
438
463
1399
439
464
1400
440
465
1401
441
466
1402
467
1403
443
468
1404
444
469
1405
445
470
1406
446
471
1407
447
472
1408
448
473
1409
449
474
1410
450
475
1411
451
476
1412
452
477
1413
453
478
1414
454
479
1415
455
480
1416
456
481
1417
457
482
1418
458
483
1419
459
484
1420
460
485
1421
461
486
1422
462
487
1423
463
488
1424
464
489
1425
465
490
1426
466
491
1427
467
492
1428
493
1429
469
494
1430
470
495
1431
471
496
1432
472
497
1433
473
498
1434
474
499
1435
475
500
1436
476
501
1437
477
502
1438
478
503
1439
479
504
1440
480
505
1441
481
506
1442
482
507
1443
483
508
1444
484
509
1445
485
510
1446
486
511
1447
487
512
1448
488
513
1449
489
514
1450
490
515
1451
491
516
1452
492
517
1453
493
518
1454
519
1455
495
520
1456
496
521
1457
497
522
1458
498
523
1459
499
524
1460
500
525
1461
501
526
1462
502
527
1463
503
528
1464
504
529
1465
505
530
1466
506
531
1467
507
532
1468
508
533
1469
509
534
1470
510
535
1471
511
536
1472
512
537
1473
513
538
1474
514
539
1475
515
540
1476
516
541
1477
517
542
1478
518
543
1479
519
544
1480
545
1481
521
546
1482
522
547
1483
523
548
1484
524
549
1485
525
550
1486
526
551
1487
527
552
1488
528
553
1489
529
554
1490
530
555
1491
531
556
1492
532
557
1493
533
558
1494
534
559
1495
535
560
1496
536
561
1497
537
562
1498
538
563
1499
539
564
1500
540
565
1501
541
566
1502
542
567
1503
543
568
1504
544
569
1505
545
570
1506
571
1507
547
572
1508
548
573
1509
549
574
1510
550
575
1511
551
576
1512
552
577
1513
553
578
1514
554
579
1515
555
580
1516
556
581
1517
557
582
1518
558
583
1519
559
584
1520
560
585
1521
561
586
1522
562
587
1523
563
588
1524
564
589
1525
565
590
1526
566
591
1527
567
592
1528
568
593
1529
569
594
1530
570
595
1531
571
596
1532
597
1533
573
598
1534
574
599
1535
575
600
1536
576
601
1537
577
602
1538
578
603
1539
579
604
1540
580
605
1541
581
606
1542
582
607
1543
583
608
1544
584
609
1545
585
610
1546
586
611
1547
587
612
1548
588
613
1549
589
614
1550
590
615
1551
591
616
1552
592
617
1553
593
618
1554
594
619
1555
595
620
1556
596
621
1557
597
622
1558
623
1559
599
624
1560
600
625
1561
601
626
1562
602
627
1563
603
628
1564
604
629
1565
605
630
1566
606
631
1567
607
632
1568
608
633
1569
609
634
1570
610
635
1571
611
636
1572
612
637
1573
613
638
1574
614
639
1575
615
640
1576
616
641
1577
617
642
1578
618
643
1579
619
644
1580
620
645
1581
621
646
1582
622
647
1583
623
648
1584
649
1585
625
650
1586
626
651
1587
627
652
1588
628
653
1589
629
654
1590
630
655
1591
631
656
1592
632
657
1593
633
658
1594
634
659
1595
635
660
1596
636
661
1597
637
662
1598
638
663
1599
639
664
1600
640
665
1601
641
666
1602
642
667
1603
643
668
1604
644
669
1605
645
670
1606
646
671
1607
647
672
1608
648
673
1609
649
674
1610
675
1611
651
676
1612
652
677
1613
653
678
1614
654
679
1615
655
680
1616
656
681
1617
657
682
1618
658
683
1619
659
684
1620
660
685
1621
661
686
1622
662
687
1623
663
688
1624
664
689
1625
665
690
1626
666
691
1627
667
692
1628
668
693
1629
669
694
1630
670
695
1631
671
696
1632
672
697
1633
673
698
1634
674
699
1635
675
700
1636
701
1637
677
702
1638
678
703
1639
679
704
1640
680
705
1641
681
706
1642
682
707
1643
683
708
1644
684
709
1645
685
710
1646
686
711
1647
687
712
1648
688
713
1649
689
714
1650
690
715
1651
691
716
1652
692
717
1653
693
718
1654
694
719
1655
695
720
1656
696
721
1657
697
722
1658
698
723
1659
699
724
1660
700
725
1661
701
726
1662
727
1663
703
728
1664
704
729
1665
705
730
1666
706
731
1667
707
732
1668
708
733
1669
709
734
1670
710
735
1671
711
736
1672
712
737
1673
713
738
1674
714
739
1675
715
740
1676
716
741
1677
717
742
1678
718
743
1679
719
744
1680
720
745
1681
721
746
1682
722
747
1683
723
748
1684
724
749
1685
725
750
1686
726
751
1687
727
752
1688
753
1689
729
754
1690
730
755
1691
731
756
1692
732
757
1693
733
758
1694
734
759
1695
735
760
1696
736
761
1697
737
762
1698
738
763
1699
739
764
1700
740
765
1701
741
766
1702
742
767
1703
743
768
1704
744
769
1705
745
770
1706
746
771
1707
747
772
1708
748
773
1709
749
774
1710
750
775
1711
751
776
1712
752
777
1713
753
778
1714
779
1715
755
780
1716
756
781
1717
757
782
1718
758
783
1719
759
784
1720
760
785
1721
761
786
1722
762
787
1723
763
788
1724
764
789
1725
765
790
1726
766
791
1727
767
792
1728
768
793
1729
769
794
1730
770
795
1731
771
796
1732
772
797
1733
773
798
1734
774
799
1735
775
800
1736
776
801
1737
777
802
1738
778
803
1739
779
804
1740
805
1741
781
806
1742
782
807
1743
783
808
1744
784
809
1745
785
810
1746
786
811
1747
787
812
1748
788
813
1749
789
814
1750
790
815
1751
791
816
1752
792
817
1753
793
818
1754
794
819
1755
795
820
1756
796
821
1757
797
822
1758
798
823
1759
799
824
1760
800
825
1761
801
826
1762
802
827
1763
803
828
1764
804
829
1765
805
830
1766
831
1767
807
832
1768
808
833
1769
809
834
1770
810
835
1771
811
836
1772
812
837
1773
813
838
1774
814
839
1775
815
840
1776
816
841
1777
817
842
1778
818
843
1779
819
844
1780
820
845
1781
821
846
1782
822
847
1783
823
848
1784
824
849
1785
825
850
1786
826
851
1787
827
852
1788
828
853
1789
829
854
1790
830
855
1791
831
856
1792
857
1793
833
858
1794
834
859
1795
835
860
1796
836
861
1797
837
862
1798
838
863
1799
839
864
1800
840
865
1801
841
866
1802
842
867
1803
843
868
1804
844
869
1805
845
870
1806
846
871
1807
847
872
1808
848
873
1809
849
874
1810
850
875
1811
851
876
1812
852
877
1813
853
878
1814
854
879
1815
855
880
1816
856
881
1817
857
882
1818
883
1819
859
884
1820
860
885
1821
861
886
1822
862
887
1823
863
888
1824
864
889
1825
865
890
1826
866
891
1827
867
892
1828
868
893
1829
869
894
1830
870
895
1831
871
896
1832
872
897
1833
873
898
1834
874
899
1835
875
900
1836
876
901
1837
877
902
1838
878
903
1839
879
904
1840
880
905
1841
881
906
1842
882
907
1843
883
908
1844
909
1845
885
910
1846
886
911
1847
887
912
1848
888
913
1849
889
914
1850
890
915
1851
891
916
1852
892
917
1853
893
918
1854
894
919
1855
895
920
1856
896
921
1857
897
922
1858
898
923
1859
899
924
1860
900
925
1861
901
926
1862
902
927
1863
903
928
1864
904
929
1865
905
930
1866
906
931
1867
907
932
1868
908
933
1869
909
934
1870
935
1871
911
936
1872
912
937
1873
913
938
1874
914
939
1875
915
940
1876
916
941
1877
917
942
1878
918
943
1879
919
944
1880
920
945
1881
921
946
1882
922
947
1883
923
948
1884
924
949
1885
925
950
1886
926
951
1887
927
952
1888
928
953
1889
929
954
1890
930
955
1891
931
956
1892
932
957
1893
933
958
1894
934
959
1895
935
960
1896
961
1897
937
1898
938
1899
939
1900
940
1901
941
1902
942
1903
943
1904
944
1905
945
1906
946
1907
947
1908
948
1909
949
1910
950
1911
951
1912
952
1913
953
1914
954
1915
955
1916
956
1917
957
1918
958
1919
959
1920
960
1921
961
1922
1923
963
988
964
989
965
990
966
991
967
992
968
993
969
994
970
995
971
996
972
997
973
998
974
999
975
1000
976
1001
977
1002
978
1003
979
1004
980
1005
981
1006
982
1007
983
1008
984
1009
985
1010
986
1011
987
1012
1013
989
1014
990
1015
991
1016
992
1017
993
1018
994
1019
995
1020
996
1021
997
1022
998
1023
999
1024
1000
1025
1001
1026
1002
1027
1003
1028
1004
1029
1005
1030
1006
1031
1007
1032
1008
1033
1009
1034
1010
1035
1011
1036
1012
1037
1013
1038
1039
1015
1040
1016
1041
1017
1042
1018
1043
1019
1044
1020
1045
1021
1046
1022
1047
1023
1048
1024
1049
1025
1050
1026
1051
1027
1052
1028
1053
1029
1054
1030
1055
1031
1056
1032
1057
1033
1058
1034
1059
1035
1060
1036
1061
1037
1062
1038
1063
1039
1064
1065
1041
1066
1042
1067
1043
1068
1044
1069
1045
1070
1046
1071
1047
1072
1048
1073
1049
1074
1050
1075
1051
1076
1052
1077
1053
1078
1054
1079
1055
1080
1056
1081
1057
1082
1058
1083
1059
1084
1060
1085
1061
1086
1062
1087
1063
1088
1064
1089
1065
1090
1091
1067
1092
1068
1093
1069
1094
1070
1095
1071
1096
1072
1097
1073
1098
1074
1099
1075
1100
1076
1101
1077
1102
1078
1103
1079
1104
1080
1105
1081
1106
1082
1107
1083
1108
1084
1109
1085
1110
1086
1111
1087
1112
1088
1113
1089
1114
1090
1115
1091
1116
1117
1093
1118
1094
1119
1095
1120
1096
1121
1097
1122
1098
1123
1099
1124
1100
1125
1101
1126
1102
1127
1103
1128
1104
1129
1105
1130
1106
1131
1107
1132
1108
1133
1109
1134
1110
1135
1111
1136
1112
1137
1113
1138
1114
1139
1115
1140
1116
1141
1117
1142
1143
1119
1144
1120
1145
1121
1146
1122
1147
1123
1148
1124
1149
1125
1150
1126
1151
1127
1152
1128
1153
1129
1154
1130
1155
1131
1156
1132
1157
1133
1158
1134
1159
1135
1160
1136
1161
1137
1162
1138
1163
1139
1164
1140
1165
1141
1166
1142
1167
1143
1168
1169
1145
1170
1146
1171
1147
1172
1148
1173
1149
1174
1150
1175
1151
1176
1152
1177
1153
1178
1154
1179
1155
1180
1156
1181
1157
1182
1158
1183
1159
1184
1160
1185
1161
1186
1162
1187
1163
1188
1164
1189
1165
1190
1166
1191
1167
1192
1168
1193
1169
1194
1195
1171
1196
1172
1197
1173
1198
1174
1199
1175
1200
1176
1201
1177
1202
1178
1203
1179
1204
1180
1205
1181
1206
1182
1207
1183
1208
1184
1209
1185
1210
1186
1211
1187
1212
1188
1213
1189
1214
1190
1215
1191
1216
1192
1217
1193
1218
1194
1219
1195
1220
1221
1197
1222
1198
1223
1199
1224
1200
1225
1201
1226
1202
1227
1203
1228
1204
1229
1205
1230
1206
1231
1207
1232
1208
1233
1209
1234
1210
1235
1211
1236
1212
1237
1213
1238
1214
1239
1215
1240
1216
1241
1217
1242
1218
1243
1219
1244
1220
1245
1221
1246
1247
1223
1248
1224
1249
1225
1250
1226
1251
1227
1252
1228
1253
1229
1254
1230
1255
1231
1256
1232
1257
1233
1258
1234
1259
1235
1260
1236
1261
1237
1262
1238
1263
1239
1264
1240
1265
1241
1266
1242
1267
1243
1268
1244
1269
1245
1270
1246
1271
1247
1272
1273
1249
1274
1250
1275
1251
1276
1252
1277
1253
1278
1254
1279
1255
1280
1256
1281
1257
1282
1258
1283
1259
1284
1260
1285
1261
1286
1262
1287
1263
1288
1264
1289
1265
1290
1266
1291
1267
1292
1268
1293
1269
1294
1270
1295
1271
1296
1272
1297
1273
1298
1299
1275
1300
1276
1301
1277
1302
1278
1303
1279
1304
1280
1305
1281
1306
1282
1307
1283
1308
1284
1309
1285
1310
1286
1311
1287
1312
1288
1313
1289
1314
1290
1315
1291
1316
1292
1317
1293
1318
1294
1319
1295
1320
1296
1321
1297
1322
1298
1323
1299
1324
1325
1301
1326
1302
1327
1303
1328
1304
1329
1305
1330
1306
1331
1307
1332
1308
1333
1309
1334
1310
1335
1311
1336
1312
1337
1313
1338
1314
1339
1315
1340
1316
1341
1317
1342
1318
1343
1319
1344
1320
1345
1321
1346
1322
1347
1323
1348
1324
1349
1325
1350
1351
1327
1352
1328
1353
1329
1354
1330
1355
1331
1356
1332
1357
1333
1358
1334
1359
1335
1360
1336
1361
1337
1362
1338
1363
1339
1364
1340
1365
1341
1366
1342
1367
1343
1368
1344
1369
1345
1370
1346
1371
1347
1372
1348
1373
1349
1374
1350
1375
1351
1376
1377
1353
1378
1354
1379
1355
1380
1356
1381
1357
1382
1358
1383
1359
1384
1360
1385
1361
1386
1362
1387
1363
1388
1364
1389
1365
1390
1366
1391
1367
1392
1368
1393
1369
1394
1370
1395
1371
1396
1372
1397
1373
1398
1374
1399
1375
1400
1376
1401
1377
1402
1403
1379
1404
1380
1405
1381
1406
1382
1407
1383
1408
1384
1409
1385
1410
1386
1411
1387
1412
1388
1413
1389
1414
1390
1415
1391
1416
1392
1417
1393
1418
1394
1419
1395
1420
1396
1421
1397
1422
1398
1423
1399
1424
1400
1425
1401
1426
1402
1427
1403
1428
1429
1405
1430
1406
1431
1407
1432
1408
1433
1409
1434
1410
1435
1411
1436
1412
1437
1413
1438
1414
1439
1415
1440
1416
1441
1417
1442
1418
1443
1419
1444
1420
1445
1421
1446
1422
1447
1423
1448
1424
1449
1425
1450
1426
1451
1427
1452
1428
1453
1429
1454
1455
1431
1456
1432
1457
1433
1458
1434
1459
1435
1460
1436
1461
1437
1462
1438
1463
1439
1464
1440
1465
1441
1466
1442
1467
1443
1468
1444
1469
1445
1470
1446
1471
1447
1472
1448
1473
1449
1474
1450
1475
1451
1476
1452
1477
1453
1478
1454
1479
1455
1480
1481
1457
1482
1458
1483
1459
1484
1460
1485
1461
1486
1462
1487
1463
1488
1464
1489
1465
1490
1466
1491
1467
1492
1468
1493
1469
1494
1470
1495
1471
1496
1472
1497
1473
1498
1474
1499
1475
1500
1476
1501
1477
1502
1478
1503
1479
1504
1480
1505
1481
1506
1507
1483
1508
1484
1509
1485
1510
1486
1511
1487
1512
1488
1513
1489
1514
1490
1515
1491
1516
1492
1517
1493
1518
1494
1519
1495
1520
1496
1521
1497
1522
1498
1523
1499
1524
1500
1525
1501
1526
1502
1527
1503
1528
1504
1529
1505
1530
1506
1531
1507
1532
1533
1509
1534
1510
1535
1511
1536
1512
1537
1513
1538
1514
1539
1515
1540
1516
1541
1517
1542
1518
1543
1519
1544
1520
1545
1521
1546
1522
1547
1523
1548
1524
1549
1525
1550
1526
1551
1527
1552
1528
1553
1529
1554
1530
1555
1531
1556
1532
1557
1533
1558
1559
1535
1560
1536
1561
1537
1562
1538
1563
1539
1564
1540
1565
1541
1566
1542
1567
1543
1568
1544
1569
1545
1570
1546
1571
1547
1572
1548
1573
1549
1574
1550
1575
1551
1576
1552
1577
1553
1578
1554
1579
1555
1580
1556
1581
1557
1582
1558
1583
1559
1584
1585
1561
1586
1562
1587
1563
1588
1564
1589
1565
1590
1566
1591
1567
1592
1568
1593
1569
1594
1570
1595
1571
1596
1572
1597
1573
1598
1574
1599
1575
1600
1576
1601
1577
1602
1578
1603
1579
1604
1580
1605
1581
1606
1582
1607
1583
1608
1584
1609
1585
1610
1611
1587
1612
1588
1613
1589
1614
1590
1615
1591
1616
1592
1617
1593
1618
1594
1619
1595
1620
1596
1621
1597
1622
1598
1623
1599
1624
1600
1625
1601
1626
1602
1627
1603
1628
1604
1629
1605
1630
1606
1631
1607
1632
1608
1633
1609
1634
1610
1635
1611
1636
1637
1613
1638
1614
1639
1615
1640
1616
1641
1617
1642
1618
1643
1619
1644
1620
1645
1621
1646
1622
1647
1623
1648
1624
1649
1625
1650
1626
1651
1627
1652
1628
1653
1629
1654
1630
1655
1631
1656
1632
1657
1633
1658
1634
1659
1635
1660
1636
1661
1637
1662
1663
1639
1664
1640
1665
1641
1666
1642
1667
1643
1668
1644
1669
1645
1670
1646
1671
1647
1672
1648
1673
1649
1674
1650
1675
1651
1676
1652
1677
1653
1678
1654
1679
1655
1680
1656
1681
1657
1682
1658
1683
1659
1684
1660
1685
1661
1686
1662
1687
1663
1688
1689
1665
1690
1666
1691
1667
1692
1668
1693
1669
1694
1670
1695
1671
1696
1672
1697
1673
1698
1674
1699
1675
1700
1676
1701
1677
1702
1678
1703
1679
1704
1680
1705
1681
1706
1682
1707
1683
1708
1684
1709
1685
1710
1686
1711
1687
1712
1688
1713
1689
1714
1715
1691
1716
1692
1717
1693
1718
1694
1719
1695
1720
1696
1721
1697
1722
1698
1723
1699
1724
1700
1725
1701
1726
1702
1727
1703
1728
1704
1729
1705
1730
1706
1731
1707
1732
1708
1733
1709
1734
1710
1735
1711
1736
1712
1737
1713
1738
1714
1739
1715
1740
1741
1717
1742
1718
1743
1719
1744
1720
1745
1721
1746
1722
1747
1723
1748
1724
1749
1725
1750
1726
1751
1727
1752
1728
1753
1729
1754
1730
1755
1731
1756
1732
1757
1733
1758
1734
1759
1735
1760
1736
1761
1737
1762
1738
1763
1739
1764
1740
1765
1741
1766
1767
1743
1768
1744
1769
1745
1770
1746
1771
1747
1772
1748
1773
1749
1774
1750
1775
1751
1776
1752
1777
1753
1778
1754
1779
1755
1780
1756
1781
1757
1782
1758
1783
1759
1784
1760
1785
1761
1786
1762
1787
1763
1788
1764
1789
1765
1790
1766
1791
1767
1792
1793
1769
1794
1770
1795
1771
1796
1772
1797
1773
1798
1774
1799
1775
1800
1776
1801
1777
1802
1778
1803
1779
1804
1780
1805
1781
1806
1782
1807
1783
1808
1784
1809
1785
1810
1786
1811
1787
1812
1788
1813
1789
1814
1790
1815
1791
1816
1792
1817
1793
1818
1819
1795
1820
1796
1821
1797
1822
1798
1823
1799
1824
1800
1825
1801
1826
1802
1827
1803
1828
1804
1829
1805
1830
1806
1831
1807
1832
1808
1833
1809
1834
1810
1835
1811
1836
1812
1837
1813
1838
1814
1839
1815
1840
1816
1841
1817
1842
1818
1843
1819
1844
1845
1821
1846
1822
1847
1823
1848
1824
1849
1825
1850
1826
1851
1827
1852
1828
1853
1829
1854
1830
1855
1831
1856
1832
1857
1833
1858
1834
1859
1835
1860
1836
1861
1837
1862
1838
1863
1839
1864
1840
1865
1841
1866
1842
1867
1843
1868
1844
1869
1845
1870
1871
1847
1872
1848
1873
1849
1874
1850
1875
1851
1876
1852
1877
1853
1878
1854
1879
1855
1880
1856
1881
1857
1882
1858
1883
1859
1884
1860
1885
1861
1886
1862
1887
1863
1888
1864
1889
1865
1890
1866
1891
1867
1892
1868
1893
1869
1894
1870
1895
1871
1896
1897
1873
1898
1874
1899
1875
1900
1876
1901
1877
1902
1878
1903
1879
1904
1880
1905
1881
1906
1882
1907
1883
1908
1884
1909
1885
1910
1886
1911
1887
1912
1888
1913
1889
1914
1890
1915
1891
1916
1892
1917
1893
1918
1894
1919
1895
1920
1896
1921
1897
1922
1923
1899
1900
1901
1902
1903
1904
1905
1906
1907
1908
1909
1910
1911
1912
1913
1914
1915
1916
1917
1918
1919
1920
1921
1922
1923
)


// ************************************************************************* //
