/*--------------------------------*- C++ -*----------------------------------*\
| =========                 |                                                 |
| \\      /  F ield         | OpenFOAM: The Open Source CFD Toolbox           |
|  \\    /   O peration     | Version:  v2012                                 |
|   \\  /    A nd           | Website:  www.openfoam.com                      |
|    \\/     M anipulation  |                                                 |
\*---------------------------------------------------------------------------*/
FoamFile
{
    version     2.0;
    format      ascii;
    class       vectorField;
    location    "constant/concrete/polyMesh";
    object      points;
}
// * * * * * * * * * * * * * * * * * * * * * * * * * * * * * * * * * * * * * //


3078
(
(32 32 -0.2)
(33 32 -0.2)
(34 32 -0.2)
(35 32 -0.2)
(36 32 -0.2)
(37 32 -0.2)
(38 32 -0.2)
(39 32 -0.2)
(40 32 -0.2)
(41 32 -0.2)
(42 32 -0.2)
(43 32 -0.2)
(44 32 -0.2)
(45 32 -0.2)
(46 32 -0.2)
(47 32 -0.2)
(48 32 -0.2)
(49 32 -0.2)
(50 32 -0.2)
(51 32 -0.2)
(52 32 -0.2)
(53 32 -0.2)
(54 32 -0.2)
(55 32 -0.2)
(56 32 -0.2)
(57 32 -0.2)
(58 32 -0.2)
(32 33 -0.2)
(33 33 -0.2)
(34 33 -0.2)
(35 33 -0.2)
(36 33 -0.2)
(37 33 -0.2)
(38 33 -0.2)
(39 33 -0.2)
(40 33 -0.2)
(41 33 -0.2)
(42 33 -0.2)
(43 33 -0.2)
(44 33 -0.2)
(45 33 -0.2)
(46 33 -0.2)
(47 33 -0.2)
(48 33 -0.2)
(49 33 -0.2)
(50 33 -0.2)
(51 33 -0.2)
(52 33 -0.2)
(53 33 -0.2)
(54 33 -0.2)
(55 33 -0.2)
(56 33 -0.2)
(57 33 -0.2)
(58 33 -0.2)
(32 34 -0.2)
(33 34 -0.2)
(34 34 -0.2)
(35 34 -0.2)
(36 34 -0.2)
(37 34 -0.2)
(38 34 -0.2)
(39 34 -0.2)
(40 34 -0.2)
(41 34 -0.2)
(42 34 -0.2)
(43 34 -0.2)
(44 34 -0.2)
(45 34 -0.2)
(46 34 -0.2)
(47 34 -0.2)
(48 34 -0.2)
(49 34 -0.2)
(50 34 -0.2)
(51 34 -0.2)
(52 34 -0.2)
(53 34 -0.2)
(54 34 -0.2)
(55 34 -0.2)
(56 34 -0.2)
(57 34 -0.2)
(58 34 -0.2)
(32 35 -0.2)
(33 35 -0.2)
(34 35 -0.2)
(35 35 -0.2)
(36 35 -0.2)
(37 35 -0.2)
(38 35 -0.2)
(39 35 -0.2)
(40 35 -0.2)
(41 35 -0.2)
(42 35 -0.2)
(43 35 -0.2)
(44 35 -0.2)
(45 35 -0.2)
(46 35 -0.2)
(47 35 -0.2)
(48 35 -0.2)
(49 35 -0.2)
(50 35 -0.2)
(51 35 -0.2)
(52 35 -0.2)
(53 35 -0.2)
(54 35 -0.2)
(55 35 -0.2)
(56 35 -0.2)
(57 35 -0.2)
(58 35 -0.2)
(32 36 -0.2)
(33 36 -0.2)
(34 36 -0.2)
(35 36 -0.2)
(36 36 -0.2)
(37 36 -0.2)
(38 36 -0.2)
(39 36 -0.2)
(40 36 -0.2)
(41 36 -0.2)
(42 36 -0.2)
(43 36 -0.2)
(44 36 -0.2)
(45 36 -0.2)
(46 36 -0.2)
(47 36 -0.2)
(48 36 -0.2)
(49 36 -0.2)
(50 36 -0.2)
(51 36 -0.2)
(52 36 -0.2)
(53 36 -0.2)
(54 36 -0.2)
(55 36 -0.2)
(56 36 -0.2)
(57 36 -0.2)
(58 36 -0.2)
(32 37 -0.2)
(33 37 -0.2)
(34 37 -0.2)
(35 37 -0.2)
(36 37 -0.2)
(37 37 -0.2)
(38 37 -0.2)
(39 37 -0.2)
(40 37 -0.2)
(41 37 -0.2)
(42 37 -0.2)
(43 37 -0.2)
(44 37 -0.2)
(45 37 -0.2)
(46 37 -0.2)
(47 37 -0.2)
(48 37 -0.2)
(49 37 -0.2)
(50 37 -0.2)
(51 37 -0.2)
(52 37 -0.2)
(53 37 -0.2)
(54 37 -0.2)
(55 37 -0.2)
(56 37 -0.2)
(57 37 -0.2)
(58 37 -0.2)
(32 38 -0.2)
(33 38 -0.2)
(34 38 -0.2)
(35 38 -0.2)
(36 38 -0.2)
(37 38 -0.2)
(38 38 -0.2)
(39 38 -0.2)
(40 38 -0.2)
(41 38 -0.2)
(42 38 -0.2)
(43 38 -0.2)
(44 38 -0.2)
(45 38 -0.2)
(46 38 -0.2)
(47 38 -0.2)
(48 38 -0.2)
(49 38 -0.2)
(50 38 -0.2)
(51 38 -0.2)
(52 38 -0.2)
(53 38 -0.2)
(54 38 -0.2)
(55 38 -0.2)
(56 38 -0.2)
(57 38 -0.2)
(58 38 -0.2)
(32 39 -0.2)
(33 39 -0.2)
(34 39 -0.2)
(35 39 -0.2)
(36 39 -0.2)
(37 39 -0.2)
(38 39 -0.2)
(39 39 -0.2)
(40 39 -0.2)
(41 39 -0.2)
(42 39 -0.2)
(43 39 -0.2)
(44 39 -0.2)
(45 39 -0.2)
(46 39 -0.2)
(47 39 -0.2)
(48 39 -0.2)
(49 39 -0.2)
(50 39 -0.2)
(51 39 -0.2)
(52 39 -0.2)
(53 39 -0.2)
(54 39 -0.2)
(55 39 -0.2)
(56 39 -0.2)
(57 39 -0.2)
(58 39 -0.2)
(32 40 -0.2)
(33 40 -0.2)
(34 40 -0.2)
(35 40 -0.2)
(36 40 -0.2)
(37 40 -0.2)
(38 40 -0.2)
(39 40 -0.2)
(40 40 -0.2)
(41 40 -0.2)
(42 40 -0.2)
(43 40 -0.2)
(44 40 -0.2)
(45 40 -0.2)
(46 40 -0.2)
(47 40 -0.2)
(48 40 -0.2)
(49 40 -0.2)
(50 40 -0.2)
(51 40 -0.2)
(52 40 -0.2)
(53 40 -0.2)
(54 40 -0.2)
(55 40 -0.2)
(56 40 -0.2)
(57 40 -0.2)
(58 40 -0.2)
(32 41 -0.2)
(33 41 -0.2)
(34 41 -0.2)
(35 41 -0.2)
(36 41 -0.2)
(37 41 -0.2)
(38 41 -0.2)
(39 41 -0.2)
(40 41 -0.2)
(41 41 -0.2)
(42 41 -0.2)
(43 41 -0.2)
(44 41 -0.2)
(45 41 -0.2)
(46 41 -0.2)
(47 41 -0.2)
(48 41 -0.2)
(49 41 -0.2)
(50 41 -0.2)
(51 41 -0.2)
(52 41 -0.2)
(53 41 -0.2)
(54 41 -0.2)
(55 41 -0.2)
(56 41 -0.2)
(57 41 -0.2)
(58 41 -0.2)
(32 42 -0.2)
(33 42 -0.2)
(34 42 -0.2)
(35 42 -0.2)
(36 42 -0.2)
(37 42 -0.2)
(38 42 -0.2)
(39 42 -0.2)
(40 42 -0.2)
(41 42 -0.2)
(42 42 -0.2)
(43 42 -0.2)
(44 42 -0.2)
(45 42 -0.2)
(46 42 -0.2)
(47 42 -0.2)
(48 42 -0.2)
(49 42 -0.2)
(50 42 -0.2)
(51 42 -0.2)
(52 42 -0.2)
(53 42 -0.2)
(54 42 -0.2)
(55 42 -0.2)
(56 42 -0.2)
(57 42 -0.2)
(58 42 -0.2)
(32 43 -0.2)
(33 43 -0.2)
(34 43 -0.2)
(35 43 -0.2)
(36 43 -0.2)
(37 43 -0.2)
(38 43 -0.2)
(39 43 -0.2)
(40 43 -0.2)
(41 43 -0.2)
(42 43 -0.2)
(43 43 -0.2)
(44 43 -0.2)
(45 43 -0.2)
(46 43 -0.2)
(47 43 -0.2)
(48 43 -0.2)
(49 43 -0.2)
(50 43 -0.2)
(51 43 -0.2)
(52 43 -0.2)
(53 43 -0.2)
(54 43 -0.2)
(55 43 -0.2)
(56 43 -0.2)
(57 43 -0.2)
(58 43 -0.2)
(32 44 -0.2)
(33 44 -0.2)
(34 44 -0.2)
(35 44 -0.2)
(36 44 -0.2)
(37 44 -0.2)
(38 44 -0.2)
(39 44 -0.2)
(40 44 -0.2)
(41 44 -0.2)
(42 44 -0.2)
(43 44 -0.2)
(44 44 -0.2)
(45 44 -0.2)
(46 44 -0.2)
(47 44 -0.2)
(48 44 -0.2)
(49 44 -0.2)
(50 44 -0.2)
(51 44 -0.2)
(52 44 -0.2)
(53 44 -0.2)
(54 44 -0.2)
(55 44 -0.2)
(56 44 -0.2)
(57 44 -0.2)
(58 44 -0.2)
(32 45 -0.2)
(33 45 -0.2)
(34 45 -0.2)
(35 45 -0.2)
(36 45 -0.2)
(37 45 -0.2)
(38 45 -0.2)
(39 45 -0.2)
(40 45 -0.2)
(41 45 -0.2)
(42 45 -0.2)
(43 45 -0.2)
(44 45 -0.2)
(45 45 -0.2)
(46 45 -0.2)
(47 45 -0.2)
(48 45 -0.2)
(49 45 -0.2)
(50 45 -0.2)
(51 45 -0.2)
(52 45 -0.2)
(53 45 -0.2)
(54 45 -0.2)
(55 45 -0.2)
(56 45 -0.2)
(57 45 -0.2)
(58 45 -0.2)
(32 46 -0.2)
(33 46 -0.2)
(34 46 -0.2)
(35 46 -0.2)
(36 46 -0.2)
(37 46 -0.2)
(38 46 -0.2)
(39 46 -0.2)
(40 46 -0.2)
(41 46 -0.2)
(42 46 -0.2)
(43 46 -0.2)
(44 46 -0.2)
(45 46 -0.2)
(46 46 -0.2)
(47 46 -0.2)
(48 46 -0.2)
(49 46 -0.2)
(50 46 -0.2)
(51 46 -0.2)
(52 46 -0.2)
(53 46 -0.2)
(54 46 -0.2)
(55 46 -0.2)
(56 46 -0.2)
(57 46 -0.2)
(58 46 -0.2)
(32 47 -0.2)
(33 47 -0.2)
(34 47 -0.2)
(35 47 -0.2)
(36 47 -0.2)
(37 47 -0.2)
(38 47 -0.2)
(39 47 -0.2)
(40 47 -0.2)
(41 47 -0.2)
(42 47 -0.2)
(43 47 -0.2)
(44 47 -0.2)
(45 47 -0.2)
(46 47 -0.2)
(47 47 -0.2)
(48 47 -0.2)
(49 47 -0.2)
(50 47 -0.2)
(51 47 -0.2)
(52 47 -0.2)
(53 47 -0.2)
(54 47 -0.2)
(55 47 -0.2)
(56 47 -0.2)
(57 47 -0.2)
(58 47 -0.2)
(32 48 -0.2)
(33 48 -0.2)
(34 48 -0.2)
(35 48 -0.2)
(36 48 -0.2)
(37 48 -0.2)
(38 48 -0.2)
(39 48 -0.2)
(40 48 -0.2)
(41 48 -0.2)
(42 48 -0.2)
(43 48 -0.2)
(44 48 -0.2)
(45 48 -0.2)
(46 48 -0.2)
(47 48 -0.2)
(48 48 -0.2)
(49 48 -0.2)
(50 48 -0.2)
(51 48 -0.2)
(52 48 -0.2)
(53 48 -0.2)
(54 48 -0.2)
(55 48 -0.2)
(56 48 -0.2)
(57 48 -0.2)
(58 48 -0.2)
(32 49 -0.2)
(33 49 -0.2)
(34 49 -0.2)
(35 49 -0.2)
(36 49 -0.2)
(37 49 -0.2)
(38 49 -0.2)
(39 49 -0.2)
(40 49 -0.2)
(41 49 -0.2)
(42 49 -0.2)
(43 49 -0.2)
(44 49 -0.2)
(45 49 -0.2)
(46 49 -0.2)
(47 49 -0.2)
(48 49 -0.2)
(49 49 -0.2)
(50 49 -0.2)
(51 49 -0.2)
(52 49 -0.2)
(53 49 -0.2)
(54 49 -0.2)
(55 49 -0.2)
(56 49 -0.2)
(57 49 -0.2)
(58 49 -0.2)
(32 50 -0.2)
(33 50 -0.2)
(34 50 -0.2)
(35 50 -0.2)
(36 50 -0.2)
(37 50 -0.2)
(38 50 -0.2)
(39 50 -0.2)
(40 50 -0.2)
(41 50 -0.2)
(42 50 -0.2)
(43 50 -0.2)
(44 50 -0.2)
(45 50 -0.2)
(46 50 -0.2)
(47 50 -0.2)
(48 50 -0.2)
(49 50 -0.2)
(50 50 -0.2)
(51 50 -0.2)
(52 50 -0.2)
(53 50 -0.2)
(54 50 -0.2)
(55 50 -0.2)
(56 50 -0.2)
(57 50 -0.2)
(58 50 -0.2)
(32 51 -0.2)
(33 51 -0.2)
(34 51 -0.2)
(35 51 -0.2)
(36 51 -0.2)
(37 51 -0.2)
(38 51 -0.2)
(39 51 -0.2)
(40 51 -0.2)
(41 51 -0.2)
(42 51 -0.2)
(43 51 -0.2)
(44 51 -0.2)
(45 51 -0.2)
(46 51 -0.2)
(47 51 -0.2)
(48 51 -0.2)
(49 51 -0.2)
(50 51 -0.2)
(51 51 -0.2)
(52 51 -0.2)
(53 51 -0.2)
(54 51 -0.2)
(55 51 -0.2)
(56 51 -0.2)
(57 51 -0.2)
(58 51 -0.2)
(32 52 -0.2)
(33 52 -0.2)
(34 52 -0.2)
(35 52 -0.2)
(36 52 -0.2)
(37 52 -0.2)
(38 52 -0.2)
(39 52 -0.2)
(40 52 -0.2)
(41 52 -0.2)
(42 52 -0.2)
(43 52 -0.2)
(44 52 -0.2)
(45 52 -0.2)
(46 52 -0.2)
(47 52 -0.2)
(48 52 -0.2)
(49 52 -0.2)
(50 52 -0.2)
(51 52 -0.2)
(52 52 -0.2)
(53 52 -0.2)
(54 52 -0.2)
(55 52 -0.2)
(56 52 -0.2)
(57 52 -0.2)
(58 52 -0.2)
(32 53 -0.2)
(33 53 -0.2)
(34 53 -0.2)
(35 53 -0.2)
(36 53 -0.2)
(37 53 -0.2)
(38 53 -0.2)
(39 53 -0.2)
(40 53 -0.2)
(41 53 -0.2)
(42 53 -0.2)
(43 53 -0.2)
(44 53 -0.2)
(45 53 -0.2)
(46 53 -0.2)
(47 53 -0.2)
(48 53 -0.2)
(49 53 -0.2)
(50 53 -0.2)
(51 53 -0.2)
(52 53 -0.2)
(53 53 -0.2)
(54 53 -0.2)
(55 53 -0.2)
(56 53 -0.2)
(57 53 -0.2)
(58 53 -0.2)
(32 54 -0.2)
(33 54 -0.2)
(34 54 -0.2)
(35 54 -0.2)
(36 54 -0.2)
(37 54 -0.2)
(38 54 -0.2)
(39 54 -0.2)
(40 54 -0.2)
(41 54 -0.2)
(42 54 -0.2)
(43 54 -0.2)
(44 54 -0.2)
(45 54 -0.2)
(46 54 -0.2)
(47 54 -0.2)
(48 54 -0.2)
(49 54 -0.2)
(50 54 -0.2)
(51 54 -0.2)
(52 54 -0.2)
(53 54 -0.2)
(54 54 -0.2)
(55 54 -0.2)
(56 54 -0.2)
(57 54 -0.2)
(58 54 -0.2)
(32 55 -0.2)
(33 55 -0.2)
(34 55 -0.2)
(35 55 -0.2)
(36 55 -0.2)
(37 55 -0.2)
(38 55 -0.2)
(39 55 -0.2)
(40 55 -0.2)
(41 55 -0.2)
(42 55 -0.2)
(43 55 -0.2)
(44 55 -0.2)
(45 55 -0.2)
(46 55 -0.2)
(47 55 -0.2)
(48 55 -0.2)
(49 55 -0.2)
(50 55 -0.2)
(51 55 -0.2)
(52 55 -0.2)
(53 55 -0.2)
(54 55 -0.2)
(55 55 -0.2)
(56 55 -0.2)
(57 55 -0.2)
(58 55 -0.2)
(32 56 -0.2)
(33 56 -0.2)
(34 56 -0.2)
(35 56 -0.2)
(36 56 -0.2)
(37 56 -0.2)
(38 56 -0.2)
(39 56 -0.2)
(40 56 -0.2)
(41 56 -0.2)
(42 56 -0.2)
(43 56 -0.2)
(44 56 -0.2)
(45 56 -0.2)
(46 56 -0.2)
(47 56 -0.2)
(48 56 -0.2)
(49 56 -0.2)
(50 56 -0.2)
(51 56 -0.2)
(52 56 -0.2)
(53 56 -0.2)
(54 56 -0.2)
(55 56 -0.2)
(56 56 -0.2)
(57 56 -0.2)
(58 56 -0.2)
(32 57 -0.2)
(33 57 -0.2)
(34 57 -0.2)
(35 57 -0.2)
(36 57 -0.2)
(37 57 -0.2)
(38 57 -0.2)
(39 57 -0.2)
(40 57 -0.2)
(41 57 -0.2)
(42 57 -0.2)
(43 57 -0.2)
(44 57 -0.2)
(45 57 -0.2)
(46 57 -0.2)
(47 57 -0.2)
(48 57 -0.2)
(49 57 -0.2)
(50 57 -0.2)
(51 57 -0.2)
(52 57 -0.2)
(53 57 -0.2)
(54 57 -0.2)
(55 57 -0.2)
(56 57 -0.2)
(57 57 -0.2)
(58 57 -0.2)
(32 58 -0.2)
(33 58 -0.2)
(34 58 -0.2)
(35 58 -0.2)
(36 58 -0.2)
(37 58 -0.2)
(38 58 -0.2)
(39 58 -0.2)
(40 58 -0.2)
(41 58 -0.2)
(42 58 -0.2)
(43 58 -0.2)
(44 58 -0.2)
(45 58 -0.2)
(46 58 -0.2)
(47 58 -0.2)
(48 58 -0.2)
(49 58 -0.2)
(50 58 -0.2)
(51 58 -0.2)
(52 58 -0.2)
(53 58 -0.2)
(54 58 -0.2)
(55 58 -0.2)
(56 58 -0.2)
(57 58 -0.2)
(58 58 -0.2)
(32 59 -0.2)
(33 59 -0.2)
(34 59 -0.2)
(35 59 -0.2)
(36 59 -0.2)
(37 59 -0.2)
(38 59 -0.2)
(39 59 -0.2)
(40 59 -0.2)
(41 59 -0.2)
(42 59 -0.2)
(43 59 -0.2)
(44 59 -0.2)
(45 59 -0.2)
(46 59 -0.2)
(47 59 -0.2)
(48 59 -0.2)
(49 59 -0.2)
(50 59 -0.2)
(51 59 -0.2)
(52 59 -0.2)
(53 59 -0.2)
(54 59 -0.2)
(55 59 -0.2)
(56 59 -0.2)
(57 59 -0.2)
(58 59 -0.2)
(32 60 -0.2)
(33 60 -0.2)
(34 60 -0.2)
(35 60 -0.2)
(36 60 -0.2)
(37 60 -0.2)
(38 60 -0.2)
(39 60 -0.2)
(40 60 -0.2)
(41 60 -0.2)
(42 60 -0.2)
(43 60 -0.2)
(44 60 -0.2)
(45 60 -0.2)
(46 60 -0.2)
(47 60 -0.2)
(48 60 -0.2)
(49 60 -0.2)
(50 60 -0.2)
(51 60 -0.2)
(52 60 -0.2)
(53 60 -0.2)
(54 60 -0.2)
(55 60 -0.2)
(56 60 -0.2)
(57 60 -0.2)
(58 60 -0.2)
(32 61 -0.2)
(33 61 -0.2)
(34 61 -0.2)
(35 61 -0.2)
(36 61 -0.2)
(37 61 -0.2)
(38 61 -0.2)
(39 61 -0.2)
(40 61 -0.2)
(41 61 -0.2)
(42 61 -0.2)
(43 61 -0.2)
(44 61 -0.2)
(45 61 -0.2)
(46 61 -0.2)
(47 61 -0.2)
(48 61 -0.2)
(49 61 -0.2)
(50 61 -0.2)
(51 61 -0.2)
(52 61 -0.2)
(53 61 -0.2)
(54 61 -0.2)
(55 61 -0.2)
(56 61 -0.2)
(57 61 -0.2)
(58 61 -0.2)
(32 62 -0.2)
(33 62 -0.2)
(34 62 -0.2)
(35 62 -0.2)
(36 62 -0.2)
(37 62 -0.2)
(38 62 -0.2)
(39 62 -0.2)
(40 62 -0.2)
(41 62 -0.2)
(42 62 -0.2)
(43 62 -0.2)
(44 62 -0.2)
(45 62 -0.2)
(46 62 -0.2)
(47 62 -0.2)
(48 62 -0.2)
(49 62 -0.2)
(50 62 -0.2)
(51 62 -0.2)
(52 62 -0.2)
(53 62 -0.2)
(54 62 -0.2)
(55 62 -0.2)
(56 62 -0.2)
(57 62 -0.2)
(58 62 -0.2)
(32 63 -0.2)
(33 63 -0.2)
(34 63 -0.2)
(35 63 -0.2)
(36 63 -0.2)
(37 63 -0.2)
(38 63 -0.2)
(39 63 -0.2)
(40 63 -0.2)
(41 63 -0.2)
(42 63 -0.2)
(43 63 -0.2)
(44 63 -0.2)
(45 63 -0.2)
(46 63 -0.2)
(47 63 -0.2)
(48 63 -0.2)
(49 63 -0.2)
(50 63 -0.2)
(51 63 -0.2)
(52 63 -0.2)
(53 63 -0.2)
(54 63 -0.2)
(55 63 -0.2)
(56 63 -0.2)
(57 63 -0.2)
(58 63 -0.2)
(32 64 -0.2)
(33 64 -0.2)
(34 64 -0.2)
(35 64 -0.2)
(36 64 -0.2)
(37 64 -0.2)
(38 64 -0.2)
(39 64 -0.2)
(40 64 -0.2)
(41 64 -0.2)
(42 64 -0.2)
(43 64 -0.2)
(44 64 -0.2)
(45 64 -0.2)
(46 64 -0.2)
(47 64 -0.2)
(48 64 -0.2)
(49 64 -0.2)
(50 64 -0.2)
(51 64 -0.2)
(52 64 -0.2)
(53 64 -0.2)
(54 64 -0.2)
(55 64 -0.2)
(56 64 -0.2)
(57 64 -0.2)
(58 64 -0.2)
(32 65 -0.2)
(33 65 -0.2)
(34 65 -0.2)
(35 65 -0.2)
(36 65 -0.2)
(37 65 -0.2)
(38 65 -0.2)
(39 65 -0.2)
(40 65 -0.2)
(41 65 -0.2)
(42 65 -0.2)
(43 65 -0.2)
(44 65 -0.2)
(45 65 -0.2)
(46 65 -0.2)
(47 65 -0.2)
(48 65 -0.2)
(49 65 -0.2)
(50 65 -0.2)
(51 65 -0.2)
(52 65 -0.2)
(53 65 -0.2)
(54 65 -0.2)
(55 65 -0.2)
(56 65 -0.2)
(57 65 -0.2)
(58 65 -0.2)
(32 66 -0.2)
(33 66 -0.2)
(34 66 -0.2)
(35 66 -0.2)
(36 66 -0.2)
(37 66 -0.2)
(38 66 -0.2)
(39 66 -0.2)
(40 66 -0.2)
(41 66 -0.2)
(42 66 -0.2)
(43 66 -0.2)
(44 66 -0.2)
(45 66 -0.2)
(46 66 -0.2)
(47 66 -0.2)
(48 66 -0.2)
(49 66 -0.2)
(50 66 -0.2)
(51 66 -0.2)
(52 66 -0.2)
(53 66 -0.2)
(54 66 -0.2)
(55 66 -0.2)
(56 66 -0.2)
(57 66 -0.2)
(58 66 -0.2)
(32 67 -0.2)
(33 67 -0.2)
(34 67 -0.2)
(35 67 -0.2)
(36 67 -0.2)
(37 67 -0.2)
(38 67 -0.2)
(39 67 -0.2)
(40 67 -0.2)
(41 67 -0.2)
(42 67 -0.2)
(43 67 -0.2)
(44 67 -0.2)
(45 67 -0.2)
(46 67 -0.2)
(47 67 -0.2)
(48 67 -0.2)
(49 67 -0.2)
(50 67 -0.2)
(51 67 -0.2)
(52 67 -0.2)
(53 67 -0.2)
(54 67 -0.2)
(55 67 -0.2)
(56 67 -0.2)
(57 67 -0.2)
(58 67 -0.2)
(32 68 -0.2)
(33 68 -0.2)
(34 68 -0.2)
(35 68 -0.2)
(36 68 -0.2)
(37 68 -0.2)
(38 68 -0.2)
(39 68 -0.2)
(40 68 -0.2)
(41 68 -0.2)
(42 68 -0.2)
(43 68 -0.2)
(44 68 -0.2)
(45 68 -0.2)
(46 68 -0.2)
(47 68 -0.2)
(48 68 -0.2)
(49 68 -0.2)
(50 68 -0.2)
(51 68 -0.2)
(52 68 -0.2)
(53 68 -0.2)
(54 68 -0.2)
(55 68 -0.2)
(56 68 -0.2)
(57 68 -0.2)
(58 68 -0.2)
(32 69 -0.2)
(33 69 -0.2)
(34 69 -0.2)
(35 69 -0.2)
(36 69 -0.2)
(37 69 -0.2)
(38 69 -0.2)
(39 69 -0.2)
(40 69 -0.2)
(41 69 -0.2)
(42 69 -0.2)
(43 69 -0.2)
(44 69 -0.2)
(45 69 -0.2)
(46 69 -0.2)
(47 69 -0.2)
(48 69 -0.2)
(49 69 -0.2)
(50 69 -0.2)
(51 69 -0.2)
(52 69 -0.2)
(53 69 -0.2)
(54 69 -0.2)
(55 69 -0.2)
(56 69 -0.2)
(57 69 -0.2)
(58 69 -0.2)
(32 32 -0.1)
(33 32 -0.1)
(34 32 -0.1)
(35 32 -0.1)
(36 32 -0.1)
(37 32 -0.1)
(38 32 -0.1)
(39 32 -0.1)
(40 32 -0.1)
(41 32 -0.1)
(42 32 -0.1)
(43 32 -0.1)
(44 32 -0.1)
(45 32 -0.1)
(46 32 -0.1)
(47 32 -0.1)
(48 32 -0.1)
(49 32 -0.1)
(50 32 -0.1)
(51 32 -0.1)
(52 32 -0.1)
(53 32 -0.1)
(54 32 -0.1)
(55 32 -0.1)
(56 32 -0.1)
(57 32 -0.1)
(58 32 -0.1)
(32 33 -0.1)
(33 33 -0.1)
(34 33 -0.1)
(35 33 -0.1)
(36 33 -0.1)
(37 33 -0.1)
(38 33 -0.1)
(39 33 -0.1)
(40 33 -0.1)
(41 33 -0.1)
(42 33 -0.1)
(43 33 -0.1)
(44 33 -0.1)
(45 33 -0.1)
(46 33 -0.1)
(47 33 -0.1)
(48 33 -0.1)
(49 33 -0.1)
(50 33 -0.1)
(51 33 -0.1)
(52 33 -0.1)
(53 33 -0.1)
(54 33 -0.1)
(55 33 -0.1)
(56 33 -0.1)
(57 33 -0.1)
(58 33 -0.1)
(32 34 -0.1)
(33 34 -0.1)
(34 34 -0.1)
(35 34 -0.1)
(36 34 -0.1)
(37 34 -0.1)
(38 34 -0.1)
(39 34 -0.1)
(40 34 -0.1)
(41 34 -0.1)
(42 34 -0.1)
(43 34 -0.1)
(44 34 -0.1)
(45 34 -0.1)
(46 34 -0.1)
(47 34 -0.1)
(48 34 -0.1)
(49 34 -0.1)
(50 34 -0.1)
(51 34 -0.1)
(52 34 -0.1)
(53 34 -0.1)
(54 34 -0.1)
(55 34 -0.1)
(56 34 -0.1)
(57 34 -0.1)
(58 34 -0.1)
(32 35 -0.1)
(33 35 -0.1)
(34 35 -0.1)
(35 35 -0.1)
(36 35 -0.1)
(37 35 -0.1)
(38 35 -0.1)
(39 35 -0.1)
(40 35 -0.1)
(41 35 -0.1)
(42 35 -0.1)
(43 35 -0.1)
(44 35 -0.1)
(45 35 -0.1)
(46 35 -0.1)
(47 35 -0.1)
(48 35 -0.1)
(49 35 -0.1)
(50 35 -0.1)
(51 35 -0.1)
(52 35 -0.1)
(53 35 -0.1)
(54 35 -0.1)
(55 35 -0.1)
(56 35 -0.1)
(57 35 -0.1)
(58 35 -0.1)
(32 36 -0.1)
(33 36 -0.1)
(34 36 -0.1)
(35 36 -0.1)
(36 36 -0.1)
(37 36 -0.1)
(38 36 -0.1)
(39 36 -0.1)
(40 36 -0.1)
(41 36 -0.1)
(42 36 -0.1)
(43 36 -0.1)
(44 36 -0.1)
(45 36 -0.1)
(46 36 -0.1)
(47 36 -0.1)
(48 36 -0.1)
(49 36 -0.1)
(50 36 -0.1)
(51 36 -0.1)
(52 36 -0.1)
(53 36 -0.1)
(54 36 -0.1)
(55 36 -0.1)
(56 36 -0.1)
(57 36 -0.1)
(58 36 -0.1)
(32 37 -0.1)
(33 37 -0.1)
(34 37 -0.1)
(35 37 -0.1)
(36 37 -0.1)
(37 37 -0.1)
(38 37 -0.1)
(39 37 -0.1)
(40 37 -0.1)
(41 37 -0.1)
(42 37 -0.1)
(43 37 -0.1)
(44 37 -0.1)
(45 37 -0.1)
(46 37 -0.1)
(47 37 -0.1)
(48 37 -0.1)
(49 37 -0.1)
(50 37 -0.1)
(51 37 -0.1)
(52 37 -0.1)
(53 37 -0.1)
(54 37 -0.1)
(55 37 -0.1)
(56 37 -0.1)
(57 37 -0.1)
(58 37 -0.1)
(32 38 -0.1)
(33 38 -0.1)
(34 38 -0.1)
(35 38 -0.1)
(36 38 -0.1)
(37 38 -0.1)
(38 38 -0.1)
(39 38 -0.1)
(40 38 -0.1)
(41 38 -0.1)
(42 38 -0.1)
(43 38 -0.1)
(44 38 -0.1)
(45 38 -0.1)
(46 38 -0.1)
(47 38 -0.1)
(48 38 -0.1)
(49 38 -0.1)
(50 38 -0.1)
(51 38 -0.1)
(52 38 -0.1)
(53 38 -0.1)
(54 38 -0.1)
(55 38 -0.1)
(56 38 -0.1)
(57 38 -0.1)
(58 38 -0.1)
(32 39 -0.1)
(33 39 -0.1)
(34 39 -0.1)
(35 39 -0.1)
(36 39 -0.1)
(37 39 -0.1)
(38 39 -0.1)
(39 39 -0.1)
(40 39 -0.1)
(41 39 -0.1)
(42 39 -0.1)
(43 39 -0.1)
(44 39 -0.1)
(45 39 -0.1)
(46 39 -0.1)
(47 39 -0.1)
(48 39 -0.1)
(49 39 -0.1)
(50 39 -0.1)
(51 39 -0.1)
(52 39 -0.1)
(53 39 -0.1)
(54 39 -0.1)
(55 39 -0.1)
(56 39 -0.1)
(57 39 -0.1)
(58 39 -0.1)
(32 40 -0.1)
(33 40 -0.1)
(34 40 -0.1)
(35 40 -0.1)
(36 40 -0.1)
(37 40 -0.1)
(38 40 -0.1)
(39 40 -0.1)
(40 40 -0.1)
(41 40 -0.1)
(42 40 -0.1)
(43 40 -0.1)
(44 40 -0.1)
(45 40 -0.1)
(46 40 -0.1)
(47 40 -0.1)
(48 40 -0.1)
(49 40 -0.1)
(50 40 -0.1)
(51 40 -0.1)
(52 40 -0.1)
(53 40 -0.1)
(54 40 -0.1)
(55 40 -0.1)
(56 40 -0.1)
(57 40 -0.1)
(58 40 -0.1)
(32 41 -0.1)
(33 41 -0.1)
(34 41 -0.1)
(35 41 -0.1)
(36 41 -0.1)
(37 41 -0.1)
(38 41 -0.1)
(39 41 -0.1)
(40 41 -0.1)
(41 41 -0.1)
(42 41 -0.1)
(43 41 -0.1)
(44 41 -0.1)
(45 41 -0.1)
(46 41 -0.1)
(47 41 -0.1)
(48 41 -0.1)
(49 41 -0.1)
(50 41 -0.1)
(51 41 -0.1)
(52 41 -0.1)
(53 41 -0.1)
(54 41 -0.1)
(55 41 -0.1)
(56 41 -0.1)
(57 41 -0.1)
(58 41 -0.1)
(32 42 -0.1)
(33 42 -0.1)
(34 42 -0.1)
(35 42 -0.1)
(36 42 -0.1)
(37 42 -0.1)
(38 42 -0.1)
(39 42 -0.1)
(40 42 -0.1)
(41 42 -0.1)
(42 42 -0.1)
(43 42 -0.1)
(44 42 -0.1)
(45 42 -0.1)
(46 42 -0.1)
(47 42 -0.1)
(48 42 -0.1)
(49 42 -0.1)
(50 42 -0.1)
(51 42 -0.1)
(52 42 -0.1)
(53 42 -0.1)
(54 42 -0.1)
(55 42 -0.1)
(56 42 -0.1)
(57 42 -0.1)
(58 42 -0.1)
(32 43 -0.1)
(33 43 -0.1)
(34 43 -0.1)
(35 43 -0.1)
(36 43 -0.1)
(37 43 -0.1)
(38 43 -0.1)
(39 43 -0.1)
(40 43 -0.1)
(41 43 -0.1)
(42 43 -0.1)
(43 43 -0.1)
(44 43 -0.1)
(45 43 -0.1)
(46 43 -0.1)
(47 43 -0.1)
(48 43 -0.1)
(49 43 -0.1)
(50 43 -0.1)
(51 43 -0.1)
(52 43 -0.1)
(53 43 -0.1)
(54 43 -0.1)
(55 43 -0.1)
(56 43 -0.1)
(57 43 -0.1)
(58 43 -0.1)
(32 44 -0.1)
(33 44 -0.1)
(34 44 -0.1)
(35 44 -0.1)
(36 44 -0.1)
(37 44 -0.1)
(38 44 -0.1)
(39 44 -0.1)
(40 44 -0.1)
(41 44 -0.1)
(42 44 -0.1)
(43 44 -0.1)
(44 44 -0.1)
(45 44 -0.1)
(46 44 -0.1)
(47 44 -0.1)
(48 44 -0.1)
(49 44 -0.1)
(50 44 -0.1)
(51 44 -0.1)
(52 44 -0.1)
(53 44 -0.1)
(54 44 -0.1)
(55 44 -0.1)
(56 44 -0.1)
(57 44 -0.1)
(58 44 -0.1)
(32 45 -0.1)
(33 45 -0.1)
(34 45 -0.1)
(35 45 -0.1)
(36 45 -0.1)
(37 45 -0.1)
(38 45 -0.1)
(39 45 -0.1)
(40 45 -0.1)
(41 45 -0.1)
(42 45 -0.1)
(43 45 -0.1)
(44 45 -0.1)
(45 45 -0.1)
(46 45 -0.1)
(47 45 -0.1)
(48 45 -0.1)
(49 45 -0.1)
(50 45 -0.1)
(51 45 -0.1)
(52 45 -0.1)
(53 45 -0.1)
(54 45 -0.1)
(55 45 -0.1)
(56 45 -0.1)
(57 45 -0.1)
(58 45 -0.1)
(32 46 -0.1)
(33 46 -0.1)
(34 46 -0.1)
(35 46 -0.1)
(36 46 -0.1)
(37 46 -0.1)
(38 46 -0.1)
(39 46 -0.1)
(40 46 -0.1)
(41 46 -0.1)
(42 46 -0.1)
(43 46 -0.1)
(44 46 -0.1)
(45 46 -0.1)
(46 46 -0.1)
(47 46 -0.1)
(48 46 -0.1)
(49 46 -0.1)
(50 46 -0.1)
(51 46 -0.1)
(52 46 -0.1)
(53 46 -0.1)
(54 46 -0.1)
(55 46 -0.1)
(56 46 -0.1)
(57 46 -0.1)
(58 46 -0.1)
(32 47 -0.1)
(33 47 -0.1)
(34 47 -0.1)
(35 47 -0.1)
(36 47 -0.1)
(37 47 -0.1)
(38 47 -0.1)
(39 47 -0.1)
(40 47 -0.1)
(41 47 -0.1)
(42 47 -0.1)
(43 47 -0.1)
(44 47 -0.1)
(45 47 -0.1)
(46 47 -0.1)
(47 47 -0.1)
(48 47 -0.1)
(49 47 -0.1)
(50 47 -0.1)
(51 47 -0.1)
(52 47 -0.1)
(53 47 -0.1)
(54 47 -0.1)
(55 47 -0.1)
(56 47 -0.1)
(57 47 -0.1)
(58 47 -0.1)
(32 48 -0.1)
(33 48 -0.1)
(34 48 -0.1)
(35 48 -0.1)
(36 48 -0.1)
(37 48 -0.1)
(38 48 -0.1)
(39 48 -0.1)
(40 48 -0.1)
(41 48 -0.1)
(42 48 -0.1)
(43 48 -0.1)
(44 48 -0.1)
(45 48 -0.1)
(46 48 -0.1)
(47 48 -0.1)
(48 48 -0.1)
(49 48 -0.1)
(50 48 -0.1)
(51 48 -0.1)
(52 48 -0.1)
(53 48 -0.1)
(54 48 -0.1)
(55 48 -0.1)
(56 48 -0.1)
(57 48 -0.1)
(58 48 -0.1)
(32 49 -0.1)
(33 49 -0.1)
(34 49 -0.1)
(35 49 -0.1)
(36 49 -0.1)
(37 49 -0.1)
(38 49 -0.1)
(39 49 -0.1)
(40 49 -0.1)
(41 49 -0.1)
(42 49 -0.1)
(43 49 -0.1)
(44 49 -0.1)
(45 49 -0.1)
(46 49 -0.1)
(47 49 -0.1)
(48 49 -0.1)
(49 49 -0.1)
(50 49 -0.1)
(51 49 -0.1)
(52 49 -0.1)
(53 49 -0.1)
(54 49 -0.1)
(55 49 -0.1)
(56 49 -0.1)
(57 49 -0.1)
(58 49 -0.1)
(32 50 -0.1)
(33 50 -0.1)
(34 50 -0.1)
(35 50 -0.1)
(36 50 -0.1)
(37 50 -0.1)
(38 50 -0.1)
(39 50 -0.1)
(40 50 -0.1)
(41 50 -0.1)
(42 50 -0.1)
(43 50 -0.1)
(44 50 -0.1)
(45 50 -0.1)
(46 50 -0.1)
(47 50 -0.1)
(48 50 -0.1)
(49 50 -0.1)
(50 50 -0.1)
(51 50 -0.1)
(52 50 -0.1)
(53 50 -0.1)
(54 50 -0.1)
(55 50 -0.1)
(56 50 -0.1)
(57 50 -0.1)
(58 50 -0.1)
(32 51 -0.1)
(33 51 -0.1)
(34 51 -0.1)
(35 51 -0.1)
(36 51 -0.1)
(37 51 -0.1)
(38 51 -0.1)
(39 51 -0.1)
(40 51 -0.1)
(41 51 -0.1)
(42 51 -0.1)
(43 51 -0.1)
(44 51 -0.1)
(45 51 -0.1)
(46 51 -0.1)
(47 51 -0.1)
(48 51 -0.1)
(49 51 -0.1)
(50 51 -0.1)
(51 51 -0.1)
(52 51 -0.1)
(53 51 -0.1)
(54 51 -0.1)
(55 51 -0.1)
(56 51 -0.1)
(57 51 -0.1)
(58 51 -0.1)
(32 52 -0.1)
(33 52 -0.1)
(34 52 -0.1)
(35 52 -0.1)
(36 52 -0.1)
(37 52 -0.1)
(38 52 -0.1)
(39 52 -0.1)
(40 52 -0.1)
(41 52 -0.1)
(42 52 -0.1)
(43 52 -0.1)
(44 52 -0.1)
(45 52 -0.1)
(46 52 -0.1)
(47 52 -0.1)
(48 52 -0.1)
(49 52 -0.1)
(50 52 -0.1)
(51 52 -0.1)
(52 52 -0.1)
(53 52 -0.1)
(54 52 -0.1)
(55 52 -0.1)
(56 52 -0.1)
(57 52 -0.1)
(58 52 -0.1)
(32 53 -0.1)
(33 53 -0.1)
(34 53 -0.1)
(35 53 -0.1)
(36 53 -0.1)
(37 53 -0.1)
(38 53 -0.1)
(39 53 -0.1)
(40 53 -0.1)
(41 53 -0.1)
(42 53 -0.1)
(43 53 -0.1)
(44 53 -0.1)
(45 53 -0.1)
(46 53 -0.1)
(47 53 -0.1)
(48 53 -0.1)
(49 53 -0.1)
(50 53 -0.1)
(51 53 -0.1)
(52 53 -0.1)
(53 53 -0.1)
(54 53 -0.1)
(55 53 -0.1)
(56 53 -0.1)
(57 53 -0.1)
(58 53 -0.1)
(32 54 -0.1)
(33 54 -0.1)
(34 54 -0.1)
(35 54 -0.1)
(36 54 -0.1)
(37 54 -0.1)
(38 54 -0.1)
(39 54 -0.1)
(40 54 -0.1)
(41 54 -0.1)
(42 54 -0.1)
(43 54 -0.1)
(44 54 -0.1)
(45 54 -0.1)
(46 54 -0.1)
(47 54 -0.1)
(48 54 -0.1)
(49 54 -0.1)
(50 54 -0.1)
(51 54 -0.1)
(52 54 -0.1)
(53 54 -0.1)
(54 54 -0.1)
(55 54 -0.1)
(56 54 -0.1)
(57 54 -0.1)
(58 54 -0.1)
(32 55 -0.1)
(33 55 -0.1)
(34 55 -0.1)
(35 55 -0.1)
(36 55 -0.1)
(37 55 -0.1)
(38 55 -0.1)
(39 55 -0.1)
(40 55 -0.1)
(41 55 -0.1)
(42 55 -0.1)
(43 55 -0.1)
(44 55 -0.1)
(45 55 -0.1)
(46 55 -0.1)
(47 55 -0.1)
(48 55 -0.1)
(49 55 -0.1)
(50 55 -0.1)
(51 55 -0.1)
(52 55 -0.1)
(53 55 -0.1)
(54 55 -0.1)
(55 55 -0.1)
(56 55 -0.1)
(57 55 -0.1)
(58 55 -0.1)
(32 56 -0.1)
(33 56 -0.1)
(34 56 -0.1)
(35 56 -0.1)
(36 56 -0.1)
(37 56 -0.1)
(38 56 -0.1)
(39 56 -0.1)
(40 56 -0.1)
(41 56 -0.1)
(42 56 -0.1)
(43 56 -0.1)
(44 56 -0.1)
(45 56 -0.1)
(46 56 -0.1)
(47 56 -0.1)
(48 56 -0.1)
(49 56 -0.1)
(50 56 -0.1)
(51 56 -0.1)
(52 56 -0.1)
(53 56 -0.1)
(54 56 -0.1)
(55 56 -0.1)
(56 56 -0.1)
(57 56 -0.1)
(58 56 -0.1)
(32 57 -0.1)
(33 57 -0.1)
(34 57 -0.1)
(35 57 -0.1)
(36 57 -0.1)
(37 57 -0.1)
(38 57 -0.1)
(39 57 -0.1)
(40 57 -0.1)
(41 57 -0.1)
(42 57 -0.1)
(43 57 -0.1)
(44 57 -0.1)
(45 57 -0.1)
(46 57 -0.1)
(47 57 -0.1)
(48 57 -0.1)
(49 57 -0.1)
(50 57 -0.1)
(51 57 -0.1)
(52 57 -0.1)
(53 57 -0.1)
(54 57 -0.1)
(55 57 -0.1)
(56 57 -0.1)
(57 57 -0.1)
(58 57 -0.1)
(32 58 -0.1)
(33 58 -0.1)
(34 58 -0.1)
(35 58 -0.1)
(36 58 -0.1)
(37 58 -0.1)
(38 58 -0.1)
(39 58 -0.1)
(40 58 -0.1)
(41 58 -0.1)
(42 58 -0.1)
(43 58 -0.1)
(44 58 -0.1)
(45 58 -0.1)
(46 58 -0.1)
(47 58 -0.1)
(48 58 -0.1)
(49 58 -0.1)
(50 58 -0.1)
(51 58 -0.1)
(52 58 -0.1)
(53 58 -0.1)
(54 58 -0.1)
(55 58 -0.1)
(56 58 -0.1)
(57 58 -0.1)
(58 58 -0.1)
(32 59 -0.1)
(33 59 -0.1)
(34 59 -0.1)
(35 59 -0.1)
(36 59 -0.1)
(37 59 -0.1)
(38 59 -0.1)
(39 59 -0.1)
(40 59 -0.1)
(41 59 -0.1)
(42 59 -0.1)
(43 59 -0.1)
(44 59 -0.1)
(45 59 -0.1)
(46 59 -0.1)
(47 59 -0.1)
(48 59 -0.1)
(49 59 -0.1)
(50 59 -0.1)
(51 59 -0.1)
(52 59 -0.1)
(53 59 -0.1)
(54 59 -0.1)
(55 59 -0.1)
(56 59 -0.1)
(57 59 -0.1)
(58 59 -0.1)
(32 60 -0.1)
(33 60 -0.1)
(34 60 -0.1)
(35 60 -0.1)
(36 60 -0.1)
(37 60 -0.1)
(38 60 -0.1)
(39 60 -0.1)
(40 60 -0.1)
(41 60 -0.1)
(42 60 -0.1)
(43 60 -0.1)
(44 60 -0.1)
(45 60 -0.1)
(46 60 -0.1)
(47 60 -0.1)
(48 60 -0.1)
(49 60 -0.1)
(50 60 -0.1)
(51 60 -0.1)
(52 60 -0.1)
(53 60 -0.1)
(54 60 -0.1)
(55 60 -0.1)
(56 60 -0.1)
(57 60 -0.1)
(58 60 -0.1)
(32 61 -0.1)
(33 61 -0.1)
(34 61 -0.1)
(35 61 -0.1)
(36 61 -0.1)
(37 61 -0.1)
(38 61 -0.1)
(39 61 -0.1)
(40 61 -0.1)
(41 61 -0.1)
(42 61 -0.1)
(43 61 -0.1)
(44 61 -0.1)
(45 61 -0.1)
(46 61 -0.1)
(47 61 -0.1)
(48 61 -0.1)
(49 61 -0.1)
(50 61 -0.1)
(51 61 -0.1)
(52 61 -0.1)
(53 61 -0.1)
(54 61 -0.1)
(55 61 -0.1)
(56 61 -0.1)
(57 61 -0.1)
(58 61 -0.1)
(32 62 -0.1)
(33 62 -0.1)
(34 62 -0.1)
(35 62 -0.1)
(36 62 -0.1)
(37 62 -0.1)
(38 62 -0.1)
(39 62 -0.1)
(40 62 -0.1)
(41 62 -0.1)
(42 62 -0.1)
(43 62 -0.1)
(44 62 -0.1)
(45 62 -0.1)
(46 62 -0.1)
(47 62 -0.1)
(48 62 -0.1)
(49 62 -0.1)
(50 62 -0.1)
(51 62 -0.1)
(52 62 -0.1)
(53 62 -0.1)
(54 62 -0.1)
(55 62 -0.1)
(56 62 -0.1)
(57 62 -0.1)
(58 62 -0.1)
(32 63 -0.1)
(33 63 -0.1)
(34 63 -0.1)
(35 63 -0.1)
(36 63 -0.1)
(37 63 -0.1)
(38 63 -0.1)
(39 63 -0.1)
(40 63 -0.1)
(41 63 -0.1)
(42 63 -0.1)
(43 63 -0.1)
(44 63 -0.1)
(45 63 -0.1)
(46 63 -0.1)
(47 63 -0.1)
(48 63 -0.1)
(49 63 -0.1)
(50 63 -0.1)
(51 63 -0.1)
(52 63 -0.1)
(53 63 -0.1)
(54 63 -0.1)
(55 63 -0.1)
(56 63 -0.1)
(57 63 -0.1)
(58 63 -0.1)
(32 64 -0.1)
(33 64 -0.1)
(34 64 -0.1)
(35 64 -0.1)
(36 64 -0.1)
(37 64 -0.1)
(38 64 -0.1)
(39 64 -0.1)
(40 64 -0.1)
(41 64 -0.1)
(42 64 -0.1)
(43 64 -0.1)
(44 64 -0.1)
(45 64 -0.1)
(46 64 -0.1)
(47 64 -0.1)
(48 64 -0.1)
(49 64 -0.1)
(50 64 -0.1)
(51 64 -0.1)
(52 64 -0.1)
(53 64 -0.1)
(54 64 -0.1)
(55 64 -0.1)
(56 64 -0.1)
(57 64 -0.1)
(58 64 -0.1)
(32 65 -0.1)
(33 65 -0.1)
(34 65 -0.1)
(35 65 -0.1)
(36 65 -0.1)
(37 65 -0.1)
(38 65 -0.1)
(39 65 -0.1)
(40 65 -0.1)
(41 65 -0.1)
(42 65 -0.1)
(43 65 -0.1)
(44 65 -0.1)
(45 65 -0.1)
(46 65 -0.1)
(47 65 -0.1)
(48 65 -0.1)
(49 65 -0.1)
(50 65 -0.1)
(51 65 -0.1)
(52 65 -0.1)
(53 65 -0.1)
(54 65 -0.1)
(55 65 -0.1)
(56 65 -0.1)
(57 65 -0.1)
(58 65 -0.1)
(32 66 -0.1)
(33 66 -0.1)
(34 66 -0.1)
(35 66 -0.1)
(36 66 -0.1)
(37 66 -0.1)
(38 66 -0.1)
(39 66 -0.1)
(40 66 -0.1)
(41 66 -0.1)
(42 66 -0.1)
(43 66 -0.1)
(44 66 -0.1)
(45 66 -0.1)
(46 66 -0.1)
(47 66 -0.1)
(48 66 -0.1)
(49 66 -0.1)
(50 66 -0.1)
(51 66 -0.1)
(52 66 -0.1)
(53 66 -0.1)
(54 66 -0.1)
(55 66 -0.1)
(56 66 -0.1)
(57 66 -0.1)
(58 66 -0.1)
(32 67 -0.1)
(33 67 -0.1)
(34 67 -0.1)
(35 67 -0.1)
(36 67 -0.1)
(37 67 -0.1)
(38 67 -0.1)
(39 67 -0.1)
(40 67 -0.1)
(41 67 -0.1)
(42 67 -0.1)
(43 67 -0.1)
(44 67 -0.1)
(45 67 -0.1)
(46 67 -0.1)
(47 67 -0.1)
(48 67 -0.1)
(49 67 -0.1)
(50 67 -0.1)
(51 67 -0.1)
(52 67 -0.1)
(53 67 -0.1)
(54 67 -0.1)
(55 67 -0.1)
(56 67 -0.1)
(57 67 -0.1)
(58 67 -0.1)
(32 68 -0.1)
(33 68 -0.1)
(34 68 -0.1)
(35 68 -0.1)
(36 68 -0.1)
(37 68 -0.1)
(38 68 -0.1)
(39 68 -0.1)
(40 68 -0.1)
(41 68 -0.1)
(42 68 -0.1)
(43 68 -0.1)
(44 68 -0.1)
(45 68 -0.1)
(46 68 -0.1)
(47 68 -0.1)
(48 68 -0.1)
(49 68 -0.1)
(50 68 -0.1)
(51 68 -0.1)
(52 68 -0.1)
(53 68 -0.1)
(54 68 -0.1)
(55 68 -0.1)
(56 68 -0.1)
(57 68 -0.1)
(58 68 -0.1)
(32 69 -0.1)
(33 69 -0.1)
(34 69 -0.1)
(35 69 -0.1)
(36 69 -0.1)
(37 69 -0.1)
(38 69 -0.1)
(39 69 -0.1)
(40 69 -0.1)
(41 69 -0.1)
(42 69 -0.1)
(43 69 -0.1)
(44 69 -0.1)
(45 69 -0.1)
(46 69 -0.1)
(47 69 -0.1)
(48 69 -0.1)
(49 69 -0.1)
(50 69 -0.1)
(51 69 -0.1)
(52 69 -0.1)
(53 69 -0.1)
(54 69 -0.1)
(55 69 -0.1)
(56 69 -0.1)
(57 69 -0.1)
(58 69 -0.1)
(32 32 0)
(33 32 -7.40149e-17)
(34 32 0)
(35 32 7.40149e-17)
(36 32 0)
(37 32 0)
(38 32 0)
(39 32 0)
(40 32 0)
(41 32 0)
(42 32 0)
(43 32 7.40149e-17)
(44 32 0)
(45 32 0)
(46 32 0)
(47 32 0)
(48 32 0)
(49 32 0)
(50 32 0)
(51 32 0)
(52 32 0)
(53 32 0)
(54 32 0)
(55 32 0)
(56 32 0)
(57 32 0)
(58 32 3.70074e-17)
(32 33 -7.40149e-17)
(33 33 0)
(34 33 1.4803e-16)
(35 33 -7.40149e-17)
(36 33 0)
(37 33 1.4803e-16)
(38 33 -7.40149e-17)
(39 33 0)
(40 33 0)
(41 33 0)
(42 33 0)
(43 33 -3.70074e-17)
(44 33 -1.11022e-16)
(45 33 0)
(46 33 0)
(47 33 0)
(48 33 0)
(49 33 0)
(50 33 0)
(51 33 0)
(52 33 0)
(53 33 1.11022e-16)
(54 33 0)
(55 33 0)
(56 33 1.11022e-16)
(57 33 0)
(58 33 -1.11022e-16)
(32 34 1.4803e-16)
(33 34 1.4803e-16)
(34 34 1.4803e-16)
(35 34 0)
(36 34 0)
(37 34 7.40149e-17)
(38 34 7.40149e-17)
(39 34 0)
(40 34 1.4803e-16)
(41 34 0)
(42 34 0)
(43 34 1.11022e-16)
(44 34 -7.40149e-17)
(45 34 0)
(46 34 -3.70074e-17)
(47 34 -7.40149e-17)
(48 34 0)
(49 34 -3.70074e-17)
(50 34 1.11022e-16)
(51 34 0)
(52 34 1.11022e-16)
(53 34 3.70074e-17)
(54 34 0)
(55 34 0)
(56 34 1.11022e-16)
(57 34 0)
(58 34 7.40149e-17)
(32 35 0)
(33 35 0)
(34 35 0)
(35 35 -7.40149e-17)
(36 35 0)
(37 35 0)
(38 35 -7.40149e-17)
(39 35 0)
(40 35 0)
(41 35 0)
(42 35 0)
(43 35 -7.40149e-17)
(44 35 3.70074e-17)
(45 35 0)
(46 35 0)
(47 35 0)
(48 35 0)
(49 35 0)
(50 35 0)
(51 35 0)
(52 35 0)
(53 35 0)
(54 35 0)
(55 35 0)
(56 35 0)
(57 35 0)
(58 35 3.70074e-17)
(32 36 0)
(33 36 0)
(34 36 0)
(35 36 -7.40149e-17)
(36 36 7.40149e-17)
(37 36 -7.40149e-17)
(38 36 -7.40149e-17)
(39 36 -1.4803e-16)
(40 36 0)
(41 36 -7.40149e-17)
(42 36 3.70074e-17)
(43 36 0)
(44 36 0)
(45 36 0)
(46 36 3.70074e-17)
(47 36 0)
(48 36 3.70074e-17)
(49 36 0)
(50 36 0)
(51 36 -1.4803e-16)
(52 36 -1.4803e-16)
(53 36 -7.40149e-17)
(54 36 7.40149e-17)
(55 36 0)
(56 36 0)
(57 36 0)
(58 36 1.11022e-16)
(32 37 0)
(33 37 7.40149e-17)
(34 37 0)
(35 37 -7.40149e-17)
(36 37 0)
(37 37 1.4803e-16)
(38 37 -7.40149e-17)
(39 37 0)
(40 37 0)
(41 37 -1.4803e-16)
(42 37 0)
(43 37 -3.70074e-17)
(44 37 0)
(45 37 0)
(46 37 0)
(47 37 0)
(48 37 0)
(49 37 0)
(50 37 0)
(51 37 0)
(52 37 0)
(53 37 1.11022e-16)
(54 37 0)
(55 37 0)
(56 37 0)
(57 37 0)
(58 37 3.70074e-17)
(32 38 0)
(33 38 0)
(34 38 0)
(35 38 -7.40149e-17)
(36 38 0)
(37 38 1.4803e-16)
(38 38 7.40149e-17)
(39 38 0)
(40 38 0)
(41 38 0)
(42 38 0)
(43 38 7.40149e-17)
(44 38 -3.70074e-17)
(45 38 0)
(46 38 0)
(47 38 0)
(48 38 0)
(49 38 0)
(50 38 0)
(51 38 0)
(52 38 1.11022e-16)
(53 38 1.11022e-16)
(54 38 0)
(55 38 0)
(56 38 0)
(57 38 0)
(58 38 3.70074e-17)
(32 39 1.4803e-16)
(33 39 -7.40149e-17)
(34 39 0)
(35 39 0)
(36 39 0)
(37 39 0)
(38 39 1.4803e-16)
(39 39 0)
(40 39 0)
(41 39 0)
(42 39 0)
(43 39 3.70074e-17)
(44 39 -3.70074e-17)
(45 39 0)
(46 39 -3.70074e-17)
(47 39 -1.4803e-16)
(48 39 0)
(49 39 -3.70074e-17)
(50 39 -3.70074e-17)
(51 39 0)
(52 39 3.70074e-17)
(53 39 0)
(54 39 3.70074e-17)
(55 39 -7.40149e-17)
(56 39 3.70074e-17)
(57 39 0)
(58 39 3.70074e-17)
(32 40 0)
(33 40 0)
(34 40 0)
(35 40 0)
(36 40 0)
(37 40 0)
(38 40 -7.40149e-17)
(39 40 0)
(40 40 0)
(41 40 0)
(42 40 0)
(43 40 -3.70074e-17)
(44 40 -3.70074e-17)
(45 40 0)
(46 40 0)
(47 40 0)
(48 40 0)
(49 40 0)
(50 40 0)
(51 40 0)
(52 40 0)
(53 40 0)
(54 40 0)
(55 40 0)
(56 40 0)
(57 40 0)
(58 40 3.70074e-17)
(32 41 7.40149e-17)
(33 41 0)
(34 41 1.4803e-16)
(35 41 -7.40149e-17)
(36 41 0)
(37 41 0)
(38 41 7.40149e-17)
(39 41 0)
(40 41 0)
(41 41 0)
(42 41 0)
(43 41 -3.70074e-17)
(44 41 -3.70074e-17)
(45 41 0)
(46 41 0)
(47 41 0)
(48 41 0)
(49 41 0)
(50 41 0)
(51 41 0)
(52 41 0)
(53 41 0)
(54 41 0)
(55 41 0)
(56 41 1.11022e-16)
(57 41 0)
(58 41 3.70074e-17)
(32 42 0)
(33 42 0)
(34 42 0)
(35 42 -7.40149e-17)
(36 42 0)
(37 42 1.4803e-16)
(38 42 7.40149e-17)
(39 42 0)
(40 42 0)
(41 42 0)
(42 42 0)
(43 42 7.40149e-17)
(44 42 -3.70074e-17)
(45 42 0)
(46 42 0)
(47 42 0)
(48 42 0)
(49 42 0)
(50 42 0)
(51 42 0)
(52 42 1.11022e-16)
(53 42 1.11022e-16)
(54 42 0)
(55 42 0)
(56 42 0)
(57 42 0)
(58 42 3.70074e-17)
(32 43 -7.40149e-17)
(33 43 1.4803e-16)
(34 43 0)
(35 43 -7.40149e-17)
(36 43 0)
(37 43 1.4803e-16)
(38 43 -7.40149e-17)
(39 43 0)
(40 43 0)
(41 43 0)
(42 43 0)
(43 43 -3.70074e-17)
(44 43 0)
(45 43 0)
(46 43 0)
(47 43 0)
(48 43 0)
(49 43 0)
(50 43 0)
(51 43 0)
(52 43 0)
(53 43 1.11022e-16)
(54 43 0)
(55 43 0)
(56 43 0)
(57 43 0)
(58 43 3.70074e-17)
(32 44 7.40149e-17)
(33 44 0)
(34 44 0)
(35 44 -7.40149e-17)
(36 44 0)
(37 44 -7.40149e-17)
(38 44 -7.40149e-17)
(39 44 0)
(40 44 -7.40149e-17)
(41 44 -7.40149e-17)
(42 44 0)
(43 44 0)
(44 44 -3.70074e-17)
(45 44 0)
(46 44 0)
(47 44 0)
(48 44 0)
(49 44 0)
(50 44 0)
(51 44 0)
(52 44 0)
(53 44 0)
(54 44 0)
(55 44 0)
(56 44 3.70074e-17)
(57 44 0)
(58 44 3.70074e-17)
(32 45 0)
(33 45 0)
(34 45 0)
(35 45 -7.40149e-17)
(36 45 0)
(37 45 0)
(38 45 -7.40149e-17)
(39 45 0)
(40 45 0)
(41 45 0)
(42 45 0)
(43 45 -7.40149e-17)
(44 45 3.70074e-17)
(45 45 0)
(46 45 0)
(47 45 0)
(48 45 0)
(49 45 0)
(50 45 0)
(51 45 0)
(52 45 0)
(53 45 0)
(54 45 0)
(55 45 0)
(56 45 0)
(57 45 0)
(58 45 3.70074e-17)
(32 46 2.22045e-16)
(33 46 1.4803e-16)
(34 46 7.40149e-17)
(35 46 7.40149e-17)
(36 46 0)
(37 46 7.40149e-17)
(38 46 7.40149e-17)
(39 46 0)
(40 46 1.4803e-16)
(41 46 0)
(42 46 0)
(43 46 2.22045e-16)
(44 46 -3.70074e-17)
(45 46 0)
(46 46 0)
(47 46 0)
(48 46 0)
(49 46 0)
(50 46 1.11022e-16)
(51 46 0)
(52 46 0)
(53 46 0)
(54 46 0)
(55 46 0)
(56 46 0)
(57 46 0)
(58 46 3.70074e-17)
(32 47 -7.40149e-17)
(33 47 0)
(34 47 1.4803e-16)
(35 47 -7.40149e-17)
(36 47 0)
(37 47 1.4803e-16)
(38 47 -7.40149e-17)
(39 47 0)
(40 47 0)
(41 47 0)
(42 47 0)
(43 47 -3.70074e-17)
(44 47 -1.11022e-16)
(45 47 0)
(46 47 0)
(47 47 0)
(48 47 0)
(49 47 0)
(50 47 0)
(51 47 0)
(52 47 0)
(53 47 1.11022e-16)
(54 47 0)
(55 47 0)
(56 47 1.11022e-16)
(57 47 0)
(58 47 -1.11022e-16)
(32 48 0)
(33 48 -7.40149e-17)
(34 48 0)
(35 48 7.40149e-17)
(36 48 0)
(37 48 0)
(38 48 0)
(39 48 0)
(40 48 0)
(41 48 0)
(42 48 0)
(43 48 7.40149e-17)
(44 48 0)
(45 48 0)
(46 48 0)
(47 48 0)
(48 48 0)
(49 48 0)
(50 48 0)
(51 48 0)
(52 48 0)
(53 48 0)
(54 48 0)
(55 48 0)
(56 48 0)
(57 48 0)
(58 48 3.70074e-17)
(32 49 -7.40149e-17)
(33 49 0)
(34 49 0)
(35 49 -7.40149e-17)
(36 49 0)
(37 49 -7.40149e-17)
(38 49 -7.40149e-17)
(39 49 0)
(40 49 -1.4803e-16)
(41 49 -2.22045e-16)
(42 49 0)
(43 49 7.40149e-17)
(44 49 -3.70074e-17)
(45 49 0)
(46 49 -7.40149e-17)
(47 49 0)
(48 49 0)
(49 49 0)
(50 49 -7.40149e-17)
(51 49 0)
(52 49 0)
(53 49 0)
(54 49 0)
(55 49 0)
(56 49 3.70074e-17)
(57 49 0)
(58 49 3.70074e-17)
(32 50 0)
(33 50 0)
(34 50 1.4803e-16)
(35 50 -7.40149e-17)
(36 50 0)
(37 50 0)
(38 50 -7.40149e-17)
(39 50 0)
(40 50 0)
(41 50 0)
(42 50 0)
(43 50 -7.40149e-17)
(44 50 -7.40149e-17)
(45 50 0)
(46 50 0)
(47 50 0)
(48 50 0)
(49 50 0)
(50 50 0)
(51 50 0)
(52 50 0)
(53 50 0)
(54 50 0)
(55 50 0)
(56 50 1.11022e-16)
(57 50 0)
(58 50 3.70074e-17)
(32 51 2.22045e-16)
(33 51 0)
(34 51 7.40149e-17)
(35 51 -7.40149e-17)
(36 51 0)
(37 51 7.40149e-17)
(38 51 7.40149e-17)
(39 51 0)
(40 51 7.40149e-17)
(41 51 7.40149e-17)
(42 51 0)
(43 51 3.70074e-17)
(44 51 3.70074e-17)
(45 51 0)
(46 51 0)
(47 51 0)
(48 51 0)
(49 51 0)
(50 51 0)
(51 51 0)
(52 51 0)
(53 51 0)
(54 51 0)
(55 51 0)
(56 51 0)
(57 51 0)
(58 51 3.70074e-17)
(32 52 0)
(33 52 0)
(34 52 1.4803e-16)
(35 52 0)
(36 52 0)
(37 52 0)
(38 52 -1.4803e-16)
(39 52 0)
(40 52 0)
(41 52 0)
(42 52 0)
(43 52 -1.11022e-16)
(44 52 -3.70074e-17)
(45 52 0)
(46 52 0)
(47 52 0)
(48 52 0)
(49 52 0)
(50 52 0)
(51 52 0)
(52 52 0)
(53 52 0)
(54 52 0)
(55 52 0)
(56 52 1.11022e-16)
(57 52 0)
(58 52 3.70074e-17)
(32 53 0)
(33 53 0)
(34 53 0)
(35 53 0)
(36 53 0)
(37 53 1.4803e-16)
(38 53 7.40149e-17)
(39 53 0)
(40 53 0)
(41 53 7.40149e-17)
(42 53 0)
(43 53 0)
(44 53 0)
(45 53 0)
(46 53 0)
(47 53 0)
(48 53 0)
(49 53 0)
(50 53 0)
(51 53 0)
(52 53 0)
(53 53 1.11022e-16)
(54 53 0)
(55 53 0)
(56 53 0)
(57 53 0)
(58 53 3.70074e-17)
(32 54 0)
(33 54 0)
(34 54 -7.40149e-17)
(35 54 0)
(36 54 0)
(37 54 0)
(38 54 7.40149e-17)
(39 54 0)
(40 54 -7.40149e-17)
(41 54 0)
(42 54 0)
(43 54 0)
(44 54 -3.70074e-17)
(45 54 0)
(46 54 0)
(47 54 0)
(48 54 0)
(49 54 0)
(50 54 0)
(51 54 0)
(52 54 0)
(53 54 0)
(54 54 0)
(55 54 -7.40149e-17)
(56 54 0)
(57 54 0)
(58 54 3.70074e-17)
(32 55 0)
(33 55 0)
(34 55 0)
(35 55 -7.40149e-17)
(36 55 0)
(37 55 0)
(38 55 0)
(39 55 0)
(40 55 0)
(41 55 -7.40149e-17)
(42 55 0)
(43 55 3.70074e-17)
(44 55 3.70074e-17)
(45 55 0)
(46 55 0)
(47 55 0)
(48 55 0)
(49 55 0)
(50 55 0)
(51 55 0)
(52 55 0)
(53 55 0)
(54 55 0)
(55 55 0)
(56 55 0)
(57 55 0)
(58 55 3.70074e-17)
(32 56 7.40149e-17)
(33 56 0)
(34 56 7.40149e-17)
(35 56 0)
(36 56 0)
(37 56 0)
(38 56 7.40149e-17)
(39 56 0)
(40 56 7.40149e-17)
(41 56 7.40149e-17)
(42 56 0)
(43 56 1.11022e-16)
(44 56 0)
(45 56 0)
(46 56 0)
(47 56 0)
(48 56 0)
(49 56 0)
(50 56 0)
(51 56 0)
(52 56 0)
(53 56 0)
(54 56 0)
(55 56 0)
(56 56 0)
(57 56 0)
(58 56 3.70074e-17)
(32 57 -7.40149e-17)
(33 57 0)
(34 57 0)
(35 57 0)
(36 57 0)
(37 57 0)
(38 57 -7.40149e-17)
(39 57 0)
(40 57 0)
(41 57 -7.40149e-17)
(42 57 0)
(43 57 0)
(44 57 -3.70074e-17)
(45 57 0)
(46 57 0)
(47 57 0)
(48 57 0)
(49 57 0)
(50 57 0)
(51 57 0)
(52 57 1.11022e-16)
(53 57 0)
(54 57 0)
(55 57 0)
(56 57 0)
(57 57 0)
(58 57 3.70074e-17)
(32 58 7.40149e-17)
(33 58 -7.40149e-17)
(34 58 0)
(35 58 7.40149e-17)
(36 58 0)
(37 58 0)
(38 58 -7.40149e-17)
(39 58 0)
(40 58 0)
(41 58 7.40149e-17)
(42 58 0)
(43 58 0)
(44 58 3.70074e-17)
(45 58 0)
(46 58 0)
(47 58 0)
(48 58 0)
(49 58 0)
(50 58 0)
(51 58 0)
(52 58 0)
(53 58 0)
(54 58 0)
(55 58 0)
(56 58 0)
(57 58 0)
(58 58 3.70074e-17)
(32 59 -7.40149e-17)
(33 59 0)
(34 59 -1.4803e-16)
(35 59 -2.22045e-16)
(36 59 0)
(37 59 -7.40149e-17)
(38 59 -7.40149e-17)
(39 59 0)
(40 59 -7.40149e-17)
(41 59 0)
(42 59 0)
(43 59 1.11022e-16)
(44 59 1.11022e-16)
(45 59 0)
(46 59 0)
(47 59 0)
(48 59 0)
(49 59 0)
(50 59 0)
(51 59 -7.40149e-17)
(52 59 0)
(53 59 0)
(54 59 0)
(55 59 0)
(56 59 -7.40149e-17)
(57 59 0)
(58 59 3.70074e-17)
(32 60 0)
(33 60 0)
(34 60 0)
(35 60 0)
(36 60 0)
(37 60 0)
(38 60 -7.40149e-17)
(39 60 0)
(40 60 0)
(41 60 0)
(42 60 0)
(43 60 -3.70074e-17)
(44 60 -3.70074e-17)
(45 60 0)
(46 60 0)
(47 60 0)
(48 60 0)
(49 60 0)
(50 60 0)
(51 60 0)
(52 60 0)
(53 60 0)
(54 60 0)
(55 60 0)
(56 60 0)
(57 60 0)
(58 60 3.70074e-17)
(32 61 -7.40149e-17)
(33 61 0)
(34 61 7.40149e-17)
(35 61 7.40149e-17)
(36 61 0)
(37 61 0)
(38 61 7.40149e-17)
(39 61 0)
(40 61 7.40149e-17)
(41 61 0)
(42 61 0)
(43 61 -3.70074e-17)
(44 61 -3.70074e-17)
(45 61 0)
(46 61 0)
(47 61 0)
(48 61 0)
(49 61 0)
(50 61 0)
(51 61 0)
(52 61 0)
(53 61 0)
(54 61 0)
(55 61 0)
(56 61 0)
(57 61 0)
(58 61 3.70074e-17)
(32 62 0)
(33 62 0)
(34 62 0)
(35 62 7.40149e-17)
(36 62 0)
(37 62 1.4803e-16)
(38 62 -7.40149e-17)
(39 62 0)
(40 62 0)
(41 62 0)
(42 62 0)
(43 62 0)
(44 62 -1.11022e-16)
(45 62 0)
(46 62 0)
(47 62 0)
(48 62 -7.40149e-17)
(49 62 0)
(50 62 0)
(51 62 0)
(52 62 0)
(53 62 3.70074e-17)
(54 62 0)
(55 62 -7.40149e-17)
(56 62 0)
(57 62 0)
(58 62 3.70074e-17)
(32 63 0)
(33 63 0)
(34 63 0)
(35 63 1.4803e-16)
(36 63 0)
(37 63 0)
(38 63 -7.40149e-17)
(39 63 0)
(40 63 0)
(41 63 0)
(42 63 0)
(43 63 0)
(44 63 -7.40149e-17)
(45 63 0)
(46 63 0)
(47 63 0)
(48 63 0)
(49 63 0)
(50 63 0)
(51 63 0)
(52 63 0)
(53 63 0)
(54 63 0)
(55 63 1.11022e-16)
(56 63 0)
(57 63 0)
(58 63 1.85037e-16)
(32 64 -7.40149e-17)
(33 64 0)
(34 64 -7.40149e-17)
(35 64 -7.40149e-17)
(36 64 7.40149e-17)
(37 64 -7.40149e-17)
(38 64 -7.40149e-17)
(39 64 0)
(40 64 -1.4803e-16)
(41 64 -2.96059e-16)
(42 64 0)
(43 64 -7.40149e-17)
(44 64 -3.70074e-17)
(45 64 0)
(46 64 -7.40149e-17)
(47 64 0)
(48 64 0)
(49 64 0)
(50 64 -7.40149e-17)
(51 64 0)
(52 64 0)
(53 64 0)
(54 64 3.70074e-17)
(55 64 -7.40149e-17)
(56 64 0)
(57 64 -7.40149e-17)
(58 64 -3.70074e-17)
(32 65 7.40149e-17)
(33 65 0)
(34 65 0)
(35 65 0)
(36 65 0)
(37 65 0)
(38 65 -7.40149e-17)
(39 65 0)
(40 65 0)
(41 65 0)
(42 65 0)
(43 65 -3.70074e-17)
(44 65 -3.70074e-17)
(45 65 0)
(46 65 0)
(47 65 0)
(48 65 0)
(49 65 0)
(50 65 0)
(51 65 0)
(52 65 0)
(53 65 0)
(54 65 0)
(55 65 0)
(56 65 0)
(57 65 0)
(58 65 3.70074e-17)
(32 66 7.40149e-17)
(33 66 1.4803e-16)
(34 66 0)
(35 66 7.40149e-17)
(36 66 0)
(37 66 7.40149e-17)
(38 66 7.40149e-17)
(39 66 0)
(40 66 0)
(41 66 0)
(42 66 0)
(43 66 1.11022e-16)
(44 66 0)
(45 66 0)
(46 66 0)
(47 66 0)
(48 66 0)
(49 66 0)
(50 66 0)
(51 66 0)
(52 66 0)
(53 66 0)
(54 66 0)
(55 66 0)
(56 66 7.40149e-17)
(57 66 0)
(58 66 3.70074e-17)
(32 67 0)
(33 67 -7.40149e-17)
(34 67 0)
(35 67 7.40149e-17)
(36 67 -7.40149e-17)
(37 67 0)
(38 67 -1.4803e-16)
(39 67 0)
(40 67 0)
(41 67 7.40149e-17)
(42 67 0)
(43 67 -1.11022e-16)
(44 67 -3.70074e-17)
(45 67 0)
(46 67 0)
(47 67 0)
(48 67 0)
(49 67 -7.40149e-17)
(50 67 -7.40149e-17)
(51 67 0)
(52 67 0)
(53 67 0)
(54 67 -7.40149e-17)
(55 67 0)
(56 67 -7.40149e-17)
(57 67 -7.40149e-17)
(58 67 1.85037e-16)
(32 68 1.4803e-16)
(33 68 0)
(34 68 0)
(35 68 0)
(36 68 0)
(37 68 0)
(38 68 7.40149e-17)
(39 68 0)
(40 68 0)
(41 68 0)
(42 68 0)
(43 68 0)
(44 68 3.70074e-17)
(45 68 0)
(46 68 0)
(47 68 0)
(48 68 0)
(49 68 0)
(50 68 0)
(51 68 0)
(52 68 0)
(53 68 7.40149e-17)
(54 68 7.40149e-17)
(55 68 0)
(56 68 3.70074e-17)
(57 68 7.40149e-17)
(58 68 3.70074e-17)
(32 69 -7.40149e-17)
(33 69 0)
(34 69 -7.40149e-17)
(35 69 0)
(36 69 0)
(37 69 -1.4803e-16)
(38 69 -7.40149e-17)
(39 69 0)
(40 69 0)
(41 69 -7.40149e-17)
(42 69 0)
(43 69 -3.70074e-17)
(44 69 -3.70074e-17)
(45 69 0)
(46 69 0)
(47 69 -7.40149e-17)
(48 69 0)
(49 69 -7.40149e-17)
(50 69 3.70074e-17)
(51 69 0)
(52 69 0)
(53 69 -7.40149e-17)
(54 69 0)
(55 69 0)
(56 69 0)
(57 69 0)
(58 69 3.70074e-17)
)


// ************************************************************************* //
