/*--------------------------------*- C++ -*----------------------------------*\
| =========                 |                                                 |
| \\      /  F ield         | OpenFOAM: The Open Source CFD Toolbox           |
|  \\    /   O peration     | Version:  v2012                                 |
|   \\  /    A nd           | Website:  www.openfoam.com                      |
|    \\/     M anipulation  |                                                 |
\*---------------------------------------------------------------------------*/
FoamFile
{
    version     2.0;
    format      ascii;
    class       volScalarField;
    location    "50/concrete";
    object      T;
}
// * * * * * * * * * * * * * * * * * * * * * * * * * * * * * * * * * * * * * //

dimensions      [0 0 0 1 0 0 0];


internalField   nonuniform List<scalar> 
1924
(
308.578
308.813
309.166
309.46
309.956
309.963
302.13
302.102
302.353
302.691
309.498
309.448
308.998
308.717
308.364
308.142
308.027
307.966
307.909
307.818
307.681
307.518
307.366
307.256
307.201
307.192
308.71
309.049
309.55
309.865
310.599
310.93
303.665
303.467
303.418
303.484
310.484
310.118
309.34
308.901
308.333
307.996
307.865
307.839
307.823
307.764
307.649
307.501
307.354
307.239
307.171
307.148
308.771
309.194
309.861
310.304
311.599
312.163
304.918
304.58
304.513
304.675
311.845
311.226
309.733
309.065
308.266
307.819
307.672
307.667
307.679
307.651
307.572
307.463
307.346
307.239
307.161
307.122
308.762
309.207
310.003
310.689
312.521
313.079
306.978
306.539
306.479
306.789
313.434
312.867
310.281
309.238
308.211
307.663
307.491
307.48
307.494
307.487
307.455
307.406
307.342
307.263
307.185
307.13
308.838
309.262
310.083
310.474
300.995
300.769
300.493
300.457
300.451
300.474
300.747
300.803
309.489
308.942
308.013
307.523
307.377
307.361
307.361
307.357
307.36
307.367
307.357
307.315
307.247
307.18
309.061
309.452
310.264
310.605
300.602
300.334
300.35
300.354
300.353
300.346
300.306
300.38
309.376
308.857
308.035
307.624
307.487
307.44
307.401
307.376
307.38
307.401
307.411
307.387
307.328
307.255
309.209
309.567
310.346
310.664
300.613
300.346
300.373
300.379
300.378
300.37
300.318
300.393
309.397
308.858
308.113
307.763
307.652
307.608
307.577
307.544
307.527
307.52
307.505
307.466
307.404
307.329
309.148
309.527
310.339
310.706
300.614
300.35
300.378
300.383
300.383
300.374
300.322
300.398
309.408
308.831
308.116
307.83
307.766
307.758
307.762
307.75
307.723
307.683
307.626
307.553
307.475
307.399
308.938
309.341
310.197
310.685
300.612
300.349
300.377
300.383
300.383
300.374
300.321
300.392
309.375
308.727
308.029
307.798
307.791
307.839
307.895
307.92
307.904
307.855
307.777
307.679
307.588
307.517
308.677
309.02
309.848
310.531
300.593
300.34
300.369
300.375
300.375
300.366
300.31
300.363
309.218
308.471
307.826
307.67
307.728
307.833
307.939
307.995
308.004
307.971
307.905
307.815
307.731
307.674
308.416
308.596
309.247
310.121
300.499
300.273
300.304
300.308
300.306
300.295
300.236
300.26
308.853
308.043
307.555
307.533
307.647
307.776
307.892
307.974
308.011
308.01
307.983
307.94
307.902
307.874
308.252
308.264
308.523
309.171
300.103
299.886
299.886
299.854
299.836
299.814
299.745
299.771
308.169
307.66
307.46
307.507
307.591
307.693
307.812
307.92
307.993
308.028
308.055
308.095
308.151
308.177
308.149
308.133
308.053
307.775
300.288
299.622
298.996
298.296
298.132
298.069
298.059
298.422
307.079
307.444
307.505
307.53
307.55
307.609
307.718
307.849
307.956
308.031
308.118
308.268
308.478
308.6
308.05
308.045
307.974
307.616
299.888
299.471
299.297
299.149
299.019
298.905
298.814
299.063
307.102
307.468
307.485
307.475
307.477
307.523
307.627
307.766
307.894
307.998
308.143
308.421
308.845
309.132
307.963
307.933
307.827
307.4
299.227
298.896
298.855
298.783
298.677
298.554
298.445
298.7
307.021
307.413
307.429
307.417
307.411
307.443
307.529
307.652
307.776
307.895
308.088
308.493
309.176
309.713
307.843
307.807
307.693
307.233
298.711
298.381
298.409
298.419
298.379
298.296
298.213
298.496
306.925
307.326
307.346
307.343
307.339
307.359
307.419
307.513
307.618
307.736
307.954
308.444
309.342
310.2
307.692
307.668
307.58
307.166
299.243
298.904
298.929
298.962
298.954
298.905
298.853
299.132
306.909
307.273
307.291
307.289
307.283
307.29
307.328
307.401
307.497
307.62
307.848
308.367
309.386
310.427
307.566
307.57
307.525
307.225
301.133
300.837
300.827
300.839
300.839
300.819
300.797
301.022
307.011
307.282
307.288
307.283
307.275
307.276
307.304
307.364
307.447
307.552
307.739
308.183
309.141
310.157
307.507
307.533
307.525
307.354
303.705
303.498
303.46
303.448
303.448
303.449
303.449
303.588
307.177
307.337
307.336
307.335
307.336
307.344
307.371
307.422
307.493
307.578
307.711
308.013
308.718
309.491
307.507
307.545
307.558
307.493
305.972
305.856
305.803
305.771
305.767
305.78
305.794
305.855
307.341
307.408
307.41
307.42
307.436
307.455
307.479
307.513
307.564
307.639
307.752
307.93
308.257
308.479
307.537
307.576
307.603
307.606
307.369
307.316
307.258
307.211
307.196
307.21
307.232
307.249
307.474
307.491
307.501
307.524
307.552
307.574
307.587
307.597
307.621
307.68
307.788
307.917
307.993
307.596
307.574
307.609
307.644
307.684
307.928
307.908
307.85
307.79
307.759
307.765
307.788
307.795
307.566
307.573
307.591
307.62
307.648
307.662
307.659
307.654
307.674
307.742
307.856
307.975
308.051
307.673
307.612
307.641
307.679
307.732
307.999
307.993
307.94
307.874
307.827
307.817
307.833
307.843
307.62
307.635
307.656
307.681
307.699
307.699
307.682
307.67
307.698
307.784
307.903
307.995
308.009
307.565
307.656
307.675
307.707
307.761
307.913
307.916
307.877
307.815
307.759
307.729
307.73
307.742
307.653
307.678
307.696
307.71
307.712
307.697
307.672
307.663
307.705
307.809
307.937
308.022
308.015
307.575
307.704
307.71
307.73
307.774
307.834
307.848
307.83
307.785
307.729
307.683
307.664
307.667
307.675
307.705
307.719
307.721
307.709
307.684
307.66
307.661
307.717
307.829
307.954
308.026
308.003
307.617
307.755
307.747
307.75
307.777
307.796
307.823
307.831
307.81
307.764
307.708
307.668
307.655
307.693
307.723
307.736
307.733
307.715
307.688
307.671
307.685
307.749
307.854
307.957
308.005
307.969
307.679
307.805
307.785
307.767
307.775
307.784
307.822
307.855
307.861
307.831
307.775
307.719
307.685
307.711
307.737
307.753
307.755
307.74
307.719
307.712
307.737
307.801
307.886
307.956
307.977
307.932
307.744
307.854
307.822
307.784
307.774
307.781
307.827
307.879
307.909
307.899
307.851
307.788
307.735
307.736
307.752
307.771
307.782
307.778
307.769
307.775
307.809
307.867
307.929
307.969
307.965
307.915
307.803
307.9
307.859
307.807
307.782
307.786
307.835
307.896
307.943
307.953
307.92
307.86
307.795
307.772
307.772
307.789
307.809
307.82
307.828
307.85
307.891
307.943
307.985
307.999
307.977
307.922
307.851
307.947
307.9
307.84
307.805
307.807
307.851
307.913
307.968
307.994
307.98
307.932
307.865
307.822
307.803
307.812
307.837
307.865
307.895
307.934
307.981
308.024
308.048
308.041
308.003
307.944
307.889
307.998
307.948
307.886
307.848
307.847
307.882
307.936
307.99
308.027
308.031
308
307.939
307.885
307.849
307.845
307.871
307.915
307.968
308.025
308.075
308.106
308.11
308.082
308.032
307.972
307.925
308.053
308.002
307.943
307.908
307.904
307.929
307.969
308.015
308.056
308.074
308.06
308.012
307.955
307.907
307.892
307.917
307.974
308.047
308.117
308.166
308.182
308.163
308.117
308.058
308.004
307.965
308.109
308.059
308.007
307.977
307.972
307.985
308.01
308.045
308.082
308.108
308.109
308.075
308.023
307.971
307.951
307.975
308.041
308.126
308.202
308.245
308.244
308.205
308.145
308.085
308.041
308.012
308.162
308.116
308.073
308.048
308.041
308.046
308.057
308.079
308.109
308.136
308.145
308.125
308.083
308.038
308.019
308.045
308.113
308.2
308.273
308.304
308.286
308.233
308.169
308.115
308.084
308.065
308.217
308.177
308.141
308.121
308.113
308.111
308.112
308.123
308.143
308.165
308.176
308.166
308.139
308.108
308.099
308.129
308.195
308.273
308.331
308.346
308.314
308.255
308.194
308.153
308.135
308.124
308.281
308.248
308.219
308.203
308.194
308.187
308.182
308.185
308.195
308.209
308.217
308.213
308.201
308.19
308.198
308.233
308.291
308.351
308.386
308.381
308.339
308.281
308.231
308.204
308.199
308.194
308.361
308.333
308.31
308.296
308.284
308.275
308.268
308.265
308.267
308.271
308.275
308.275
308.278
308.288
308.314
308.355
308.401
308.437
308.444
308.418
308.369
308.317
308.282
308.27
308.274
308.276
311.469
311.695
312.032
312.261
312.76
312.859
302.633
302.581
302.805
303.109
311.968
311.791
311.315
311.051
310.676
310.441
310.333
310.303
310.302
310.281
310.21
310.094
309.969
309.873
309.826
309.825
311.552
311.892
312.386
312.625
313.426
313.935
304.533
304.377
304.286
304.232
313.308
312.751
311.875
311.418
310.768
310.377
310.227
310.217
310.252
310.263
310.215
310.114
309.991
309.883
309.816
309.796
311.563
311.983
312.646
313.015
314.484
315.241
305.82
305.538
305.461
305.531
314.868
314.067
312.38
311.702
310.804
310.294
310.123
310.129
310.184
310.218
310.2
310.131
310.031
309.926
309.842
309.801
311.481
311.906
312.7
313.356
315.7
316.43
308.386
307.978
307.921
308.192
317.057
316.398
313.141
312.029
310.863
310.24
310.045
310.044
310.094
310.135
310.15
310.131
310.077
309.994
309.906
309.846
311.414
311.808
312.622
313.053
299.974
299.713
299.435
299.402
299.397
299.418
299.698
299.814
312.27
311.677
310.655
310.123
309.983
309.997
310.037
310.075
310.113
310.141
310.137
310.089
310.011
309.937
311.496
311.897
312.763
313.192
299.555
299.252
299.262
299.265
299.264
299.259
299.228
299.364
312.103
311.51
310.607
310.181
310.073
310.079
310.093
310.116
310.158
310.203
310.222
310.197
310.13
310.05
311.504
311.936
312.83
313.277
299.563
299.259
299.28
299.285
299.285
299.278
299.235
299.372
312.101
311.449
310.615
310.258
310.197
310.218
310.263
310.287
310.314
310.336
310.337
310.303
310.24
310.161
311.359
311.856
312.828
313.354
299.564
299.262
299.284
299.289
299.289
299.281
299.239
299.377
312.102
311.392
310.581
310.307
310.318
310.391
310.469
310.517
310.529
310.517
310.479
310.417
310.344
310.27
311.088
311.624
312.661
313.33
299.562
299.262
299.284
299.289
299.288
299.281
299.238
299.371
312.078
311.284
310.491
310.285
310.373
310.516
310.65
310.727
310.74
310.711
310.65
310.568
310.488
310.427
310.823
311.261
312.253
313.139
299.545
299.254
299.277
299.282
299.282
299.274
299.229
299.346
311.936
311.04
310.322
310.204
310.358
310.563
310.751
310.846
310.872
310.854
310.805
310.734
310.669
310.629
310.661
310.842
311.579
312.676
299.464
299.198
299.221
299.225
299.223
299.215
299.166
299.257
311.584
310.652
310.13
310.162
310.356
310.572
310.751
310.863
310.915
310.929
310.924
310.908
310.896
310.89
310.648
310.596
310.826
311.631
299.135
298.878
298.872
298.84
298.824
298.805
298.749
298.841
310.914
310.333
310.114
310.19
310.331
310.501
310.674
310.815
310.908
310.967
311.029
311.113
311.212
311.264
310.709
310.639
310.489
310.193
300.362
299.562
298.734
297.799
297.645
297.601
297.658
298.132
309.682
310.052
310.143
310.2
310.268
310.381
310.535
310.698
310.833
310.944
311.085
311.307
311.593
311.751
310.671
310.638
310.541
310.213
300.193
299.722
299.469
299.295
299.165
299.076
299.046
299.32
309.724
310.058
310.102
310.13
310.181
310.277
310.416
310.576
310.727
310.87
311.081
311.457
311.997
312.334
310.646
310.6
310.495
310.129
299.615
299.293
299.184
299.067
298.955
298.861
298.801
299.03
309.733
310.07
310.1
310.116
310.153
310.225
310.331
310.46
310.593
310.742
311
311.516
312.342
312.937
310.61
310.557
310.458
310.078
299.137
298.855
298.833
298.796
298.749
298.703
298.662
298.892
309.722
310.059
310.084
310.106
310.144
310.2
310.274
310.362
310.458
310.585
310.85
311.441
312.493
313.401
310.562
310.514
310.434
310.094
299.906
299.621
299.618
299.613
299.6
299.58
299.555
299.777
309.791
310.102
310.123
310.143
310.174
310.214
310.263
310.322
310.39
310.491
310.726
311.304
312.444
313.509
310.538
310.515
310.468
310.217
302.376
302.124
302.109
302.106
302.105
302.098
302.083
302.259
309.979
310.216
310.223
310.232
310.247
310.269
310.302
310.347
310.399
310.465
310.621
311.064
312.076
313.123
310.557
310.56
310.544
310.398
305.719
305.544
305.519
305.514
305.517
305.518
305.509
305.612
310.223
310.365
310.362
310.36
310.363
310.373
310.394
310.431
310.479
310.53
310.615
310.861
311.54
312.349
310.606
310.624
310.627
310.57
308.65
308.554
308.525
308.513
308.517
308.524
308.524
308.563
310.443
310.503
310.494
310.489
310.488
310.49
310.499
310.521
310.561
310.615
310.684
310.786
311.03
311.261
310.659
310.681
310.696
310.696
310.427
310.387
310.356
310.334
310.329
310.338
310.347
310.352
310.6
310.614
310.606
310.604
310.604
310.602
310.599
310.6
310.617
310.66
310.732
310.804
310.809
310.421
310.704
310.725
310.747
310.778
311.107
311.094
311.063
311.03
311.013
311.016
311.028
311.024
310.698
310.7
310.695
310.694
310.694
310.686
310.673
310.663
310.673
310.713
310.781
310.854
310.903
310.597
310.746
310.761
310.787
310.831
311.163
311.161
311.133
311.094
311.063
311.053
311.06
311.059
310.754
310.762
310.76
310.756
310.751
310.736
310.715
310.701
310.713
310.761
310.828
310.878
310.876
310.51
310.792
310.799
310.823
310.868
311.034
311.04
311.022
310.985
310.945
310.919
310.914
310.915
310.793
310.813
310.81
310.8
310.786
310.764
310.739
310.725
310.745
310.802
310.875
310.92
310.908
310.553
310.844
310.841
310.856
310.896
310.936
310.95
310.949
310.923
310.881
310.842
310.82
310.815
310.826
310.854
310.852
310.837
310.815
310.787
310.761
310.753
310.78
310.844
310.916
310.954
310.931
310.624
310.899
310.887
310.888
310.915
310.903
310.927
310.946
310.938
310.903
310.855
310.817
310.798
310.855
310.887
310.889
310.873
310.848
310.817
310.794
310.793
310.828
310.89
310.951
310.976
310.945
310.716
310.955
310.933
310.917
310.929
310.907
310.938
310.977
310.99
310.968
310.92
310.869
310.832
310.882
310.914
310.92
310.911
310.888
310.86
310.842
310.85
310.887
310.94
310.984
310.992
310.954
310.804
311.009
310.978
310.946
310.942
310.919
310.955
311.008
311.041
311.037
310.996
310.938
310.885
310.912
310.937
310.947
310.946
310.932
310.912
310.903
310.919
310.955
310.996
311.021
311.013
310.969
310.876
311.06
311.022
310.977
310.96
310.935
310.969
311.03
311.078
311.091
311.064
311.009
310.945
310.949
310.961
310.969
310.976
310.975
310.969
310.974
310.997
311.03
311.058
311.065
311.042
310.992
310.929
311.111
311.067
311.015
310.988
310.96
310.988
311.047
311.102
311.131
311.121
311.077
311.012
310.997
310.991
310.992
311.004
311.018
311.032
311.053
311.082
311.109
311.122
311.11
311.074
311.019
310.969
311.162
311.115
311.061
311.03
310.998
311.017
311.067
311.121
311.16
311.168
311.14
311.08
311.054
311.031
311.02
311.033
311.062
311.099
311.137
311.169
311.186
311.181
311.151
311.102
311.047
311.004
311.211
311.162
311.111
311.08
311.048
311.056
311.093
311.139
311.181
311.202
311.191
311.143
311.113
311.076
311.054
311.067
311.109
311.165
311.217
311.25
311.254
311.228
311.181
311.125
311.075
311.04
311.254
311.206
311.16
311.133
311.103
311.101
311.122
311.157
311.195
311.224
311.227
311.193
311.163
311.122
311.094
311.106
311.156
311.225
311.286
311.314
311.303
311.26
311.2
311.144
311.104
311.079
311.291
311.246
311.206
311.183
311.156
311.147
311.155
311.177
311.208
311.236
311.247
311.227
311.203
311.165
311.138
311.152
311.206
311.279
311.337
311.357
311.332
311.276
311.213
311.162
311.134
311.119
311.329
311.288
311.254
311.236
311.212
311.199
311.198
311.209
311.229
311.252
311.265
311.254
311.238
311.211
311.195
311.213
311.266
311.331
311.378
311.384
311.347
311.286
311.226
311.188
311.173
311.166
311.383
311.348
311.32
311.305
311.284
311.27
311.263
311.265
311.276
311.289
311.298
311.293
311.288
311.278
311.277
311.302
311.349
311.398
311.423
311.411
311.365
311.306
311.257
311.233
311.229
311.228
311.466
311.437
311.413
311.399
311.381
311.367
311.358
311.355
311.356
311.36
311.362
311.36
311.366
311.375
311.394
311.426
311.463
311.488
311.487
311.455
311.402
311.349
311.315
311.304
311.309
311.314
)
;

boundaryField
{
    concrete_to_air
    {
        type            compressible::turbulentTemperatureRadCoupledMixed;
        refValue        nonuniform List<scalar> 
898
(
309.34
309.287
309.245
309.218
309.202
309.19
309.035
308.912
308.83
308.773
308.872
308.959
309.034
309.105
309.173
309.24
309.309
309.377
309.441
309.5
309.551
309.592
309.625
309.649
309.668
309.682
309.39
309.348
309.327
309.329
309.342
309.363
309.231
309.103
308.984
308.879
308.931
308.977
309.015
309.057
309.101
309.154
309.215
309.283
309.353
309.42
309.48
309.53
309.571
309.602
309.626
309.645
309.462
309.429
309.427
309.44
309.487
309.55
309.417
309.299
309.189
309.09
309.164
309.207
309.213
309.205
309.192
309.189
309.207
309.243
309.294
309.351
309.408
309.459
309.503
309.539
309.568
309.591
309.54
309.506
309.507
309.499
309.604
309.785
309.6
309.427
309.294
309.205
309.469
309.613
309.566
309.479
309.383
309.309
309.268
309.26
309.279
309.313
309.355
309.398
309.438
309.474
309.503
309.527
309.599
309.554
309.552
309.49
309.546
309.543
309.418
309.331
309.286
309.274
309.286
309.312
309.345
309.381
309.415
309.446
309.471
309.491
309.611
309.557
309.56
309.484
309.557
309.524
309.458
309.404
309.363
309.37
309.386
309.408
309.431
309.455
309.476
309.492
309.504
309.51
309.534
309.5
309.536
309.456
309.602
309.587
309.556
309.548
309.552
309.556
309.568
309.575
309.578
309.578
309.576
309.57
309.56
309.547
309.398
309.406
309.494
309.444
309.634
309.621
309.599
309.606
309.622
309.641
309.655
309.657
309.648
309.634
309.617
309.595
309.569
309.54
309.24
309.28
309.417
309.419
309.604
309.585
309.559
309.561
309.57
309.583
309.604
309.617
309.616
309.609
309.597
309.581
309.561
309.537
309.154
309.209
309.358
309.404
309.497
309.429
309.363
309.315
309.279
309.31
309.363
309.401
309.426
309.444
309.456
309.463
309.466
309.466
309.128
309.171
309.286
309.379
309.371
309.209
309.024
308.832
308.849
308.91
308.966
309.023
309.077
309.126
309.17
309.208
309.241
309.269
309.087
309.13
309.22
309.322
309.314
308.998
308.7
308.607
308.596
308.625
308.672
308.728
308.788
308.846
308.904
308.96
309.012
309.061
308.994
309.043
309.12
309.224
308.975
308.628
308.152
307.539
307.512
307.486
307.466
307.487
308.034
308.194
308.294
308.364
308.42
308.47
308.52
308.572
308.626
308.681
308.738
308.797
308.857
308.914
308.912
308.94
308.997
309.083
308.91
308.725
308.553
308.431
308.322
308.223
308.133
308.052
308.168
308.241
308.286
308.315
308.341
308.368
308.402
308.442
308.487
308.537
308.591
308.649
308.713
308.777
308.901
308.883
308.892
308.934
308.783
308.633
308.49
308.359
308.238
308.124
308.013
307.909
307.978
308.03
308.068
308.1
308.131
308.164
308.202
308.245
308.292
308.342
308.397
308.458
308.528
308.604
308.97
308.912
308.869
308.848
308.677
308.519
308.374
308.237
308.108
307.985
307.866
307.754
307.803
307.847
307.885
307.921
307.958
307.997
308.038
308.082
308.128
308.177
308.23
308.291
308.367
308.468
309.082
309.004
308.93
308.865
308.673
308.499
308.341
308.196
308.061
307.934
307.816
307.707
307.745
307.783
307.82
307.856
307.892
307.928
307.966
308.006
308.046
308.089
308.136
308.194
308.277
308.436
309.191
309.11
309.029
308.948
308.768
308.603
308.452
308.315
308.192
308.079
307.974
307.88
307.899
307.919
307.939
307.96
307.981
308.003
308.027
308.051
308.078
308.106
308.139
308.183
308.253
308.414
309.27
309.194
309.117
309.039
308.899
308.766
308.644
308.534
308.436
308.347
308.264
308.19
308.183
308.179
308.176
308.174
308.173
308.174
308.178
308.183
308.191
308.202
308.218
308.244
308.291
308.429
309.316
309.247
309.177
309.106
309.009
308.914
308.826
308.746
308.674
308.608
308.546
308.489
308.46
308.434
308.409
308.386
308.366
308.348
308.333
308.322
308.314
308.311
308.312
308.322
308.348
308.449
309.342
309.278
309.213
309.149
309.08
309.013
308.949
308.888
308.834
308.783
308.734
308.687
308.646
308.607
308.571
308.537
308.506
308.477
308.453
308.431
308.414
308.401
308.393
308.391
308.394
308.409
309.36
309.299
309.238
309.178
309.122
309.068
309.014
308.964
308.916
308.871
308.827
308.785
308.74
308.697
308.656
308.618
308.583
308.551
308.522
308.497
308.475
308.458
308.445
308.437
308.434
308.431
309.376
309.318
309.259
309.202
309.149
309.098
309.048
308.999
308.953
308.909
308.865
308.823
308.778
308.736
308.696
308.659
308.624
308.592
308.562
308.536
308.514
308.496
308.481
308.47
308.462
308.452
309.393
309.336
309.279
309.224
309.171
309.12
309.069
309.021
308.974
308.929
308.884
308.841
308.798
308.758
308.719
308.683
308.649
308.617
308.588
308.562
308.539
308.52
308.505
308.493
308.483
308.472
309.409
309.354
309.299
309.244
309.191
309.139
309.089
309.04
308.993
308.947
308.902
308.858
308.816
308.777
308.74
308.704
308.671
308.64
308.611
308.585
308.562
308.542
308.526
308.513
308.502
308.49
309.426
309.371
309.317
309.263
309.21
309.158
309.108
309.06
309.013
308.967
308.922
308.878
308.837
308.798
308.761
308.726
308.693
308.662
308.633
308.606
308.583
308.563
308.546
308.532
308.519
308.507
309.441
309.388
309.334
309.281
309.228
309.176
309.126
309.079
309.032
308.987
308.942
308.898
308.857
308.818
308.782
308.747
308.714
308.683
308.654
308.628
308.604
308.584
308.566
308.551
308.537
308.524
309.456
309.403
309.35
309.297
309.244
309.192
309.143
309.095
309.05
309.005
308.961
308.917
308.876
308.837
308.801
308.766
308.733
308.702
308.673
308.647
308.623
308.603
308.585
308.569
308.554
308.541
309.47
309.417
309.364
309.311
309.258
309.207
309.158
309.111
309.065
309.021
308.978
308.935
308.894
308.855
308.818
308.783
308.75
308.719
308.691
308.665
308.642
308.621
308.603
308.586
308.571
308.557
309.483
309.431
309.378
309.326
309.273
309.221
309.172
309.125
309.08
309.036
308.994
308.951
308.91
308.871
308.835
308.8
308.767
308.737
308.709
308.683
308.66
308.64
308.621
308.604
308.589
308.574
309.496
309.445
309.392
309.34
309.287
309.236
309.187
309.14
309.095
309.052
309.009
308.968
308.928
308.889
308.852
308.817
308.784
308.754
308.727
308.702
308.68
308.66
308.641
308.623
308.607
308.591
309.51
309.459
309.407
309.355
309.303
309.252
309.203
309.156
309.111
309.068
309.027
308.986
308.946
308.908
308.871
308.836
308.804
308.774
308.748
308.723
308.701
308.681
308.661
308.643
308.626
308.611
309.525
309.474
309.423
309.371
309.32
309.269
309.22
309.173
309.129
309.086
309.044
309.004
308.965
308.927
308.891
308.856
308.824
308.796
308.77
308.746
308.724
308.703
308.684
308.665
308.648
308.633
309.54
309.489
309.438
309.387
309.337
309.287
309.238
309.191
309.147
309.104
309.063
309.023
308.985
308.948
308.912
308.878
308.846
308.818
308.793
308.769
308.748
308.727
308.707
308.688
308.671
308.656
309.555
309.505
309.454
309.404
309.354
309.305
309.257
309.21
309.166
309.123
309.083
309.043
309.005
308.969
308.933
308.9
308.87
308.842
308.817
308.794
308.772
308.751
308.731
308.713
308.696
308.681
309.571
309.521
309.471
309.422
309.373
309.324
309.277
309.231
309.187
309.145
309.104
309.065
309.028
308.992
308.957
308.925
308.895
308.868
308.843
308.82
308.798
308.777
308.757
308.739
308.722
308.707
309.59
309.54
309.491
309.442
309.394
309.346
309.299
309.254
309.21
309.168
309.128
309.089
309.052
309.017
308.983
308.952
308.923
308.896
308.871
308.847
308.825
308.803
308.783
308.764
308.748
308.734
)
;
        refGradient     nonuniform List<scalar> 
898
(
44.4446
45.373
46.8276
47.6713
50.2948
53.3647
-17.9851
-18.3736
-20.2269
-22.7416
53.6156
50.6751
47.7992
46.3926
43.452
41.4219
40.3897
40.2375
40.753
41.5403
42.1049
42.1616
41.7855
41.2846
40.9467
40.8863
44.2706
46.013
48.7631
50.3985
55.3346
60.7655
-8.18999
-6.83418
-7.41025
-10.1035
58.7271
53.6354
49.1455
47.3918
43.4375
40.8106
39.6841
39.7105
40.5009
41.5929
42.4358
42.6749
42.3354
41.7254
41.1971
40.9685
44.3448
46.8516
51.2437
54.0244
63.1206
68.896
-4.86387
-3.99484
-3.96837
-5.34769
67.1768
60.5221
50.9637
48.3914
43.4018
40.4465
39.456
39.697
40.6365
41.8482
42.8321
43.2187
42.9732
42.3495
41.7044
41.3347
44.5565
47.4763
53.1178
57.5871
78.2864
81.1302
14.8768
15.0345
15.35
15.3605
77.9188
73.3602
50.6131
47.7077
42.825
40.134
39.538
40.051
41.0556
42.2224
43.1988
43.6781
43.5796
43.0613
42.4167
41.9714
44.0421
46.6047
51.7503
57.4141
49.2308
45.0155
41.3484
39.5327
39.6926
40.685
41.8406
42.9433
43.8285
44.3151
44.323
43.9272
43.3314
42.8334
43.8929
46.3878
51.2407
56.6691
49.6969
45.4629
41.6691
40.111
40.5238
41.5916
42.6881
43.6545
44.4219
44.8711
44.9344
44.647
44.1363
43.631
43.072
45.9437
50.9786
56.6801
50.03
45.3723
41.5004
40.2849
41.0681
42.2823
43.2102
43.9888
44.6019
44.9913
45.1114
44.9731
44.6427
44.2548
41.9684
45.3377
50.596
56.5383
50.1007
45.0871
41.2302
40.4157
41.6539
43.0839
43.9687
44.4917
44.8552
45.0912
45.1937
45.1567
45.0149
44.8333
40.8246
44.381
49.9644
56.5502
49.8084
44.3511
40.7517
40.5063
42.2116
43.917
44.8406
45.1967
45.3168
45.3637
45.3882
45.3687
45.3404
45.3602
40.0914
42.8329
48.3742
56.3513
49.16
43.2134
40.392
40.8779
42.8098
44.5761
45.537
45.924
45.9717
45.9579
45.9943
46.0388
46.118
46.2894
40.1789
41.0951
45.2067
54.6169
47.6638
41.7836
40.4649
41.4906
43.1475
44.7029
45.7962
46.3389
46.52
46.6467
46.8924
47.2157
47.573
47.8844
40.8492
40.5537
41.9227
49.9465
44.9094
41.0223
41.5429
42.5861
43.6719
44.7589
45.676
46.2678
46.6159
46.9744
47.5802
48.4472
49.4074
49.9348
42.0592
41.9362
41.4984
41.0112
-41.3133
-40.9922
-39.2397
-36.6296
-36.4539
-36.2852
-35.7186
-34.9269
42.8149
43.1499
43.7392
43.9874
44.3197
44.8167
45.353
45.8225
46.2539
46.8273
47.8472
49.4539
51.3658
52.249
42.0278
42.0964
42.342
43.0074
-36.0495
-36.1549
-36.5482
-36.6205
-36.3712
-35.7543
-34.5878
-33.789
44.4616
43.9413
44.0308
44.1048
44.3051
44.5926
44.8809
45.1812
45.5986
46.3227
47.7307
50.1317
53.2544
54.6803
42.2408
42.2763
42.5566
43.7444
-33.223
-33.1443
-33.668
-33.8171
-33.4826
-32.7068
-31.6753
-31.5901
45.2937
44.524
44.5105
44.5594
44.705
44.8488
44.9026
44.9551
45.2053
45.889
47.4519
50.4013
54.6815
56.814
42.7868
42.8226
43.1577
44.5361
-30.2066
-29.8806
-30.4799
-30.9306
-30.8011
-30.1069
-29.2941
-29.6223
46.2769
45.4073
45.2981
45.3679
45.5563
45.6765
45.5996
45.4109
45.3469
45.7043
47.0147
50.0062
54.9915
57.7349
43.6068
43.5688
43.8298
45.0535
-21.8599
-21.3291
-21.714
-22.117
-22.0503
-21.5092
-20.9509
-21.4249
46.8692
46.1243
46.0471
46.173
46.4178
46.5791
46.5005
46.1996
45.8489
45.7292
46.4017
48.7523
53.4429
56.763
44.4912
44.3939
44.542
45.4171
-5.09746
-4.48767
-4.4856
-4.56671
-4.46181
-4.1691
-3.92807
-4.39088
47.15
46.666
46.6349
46.752
46.9586
47.1047
47.0654
46.8174
46.4267
46.0392
46.04
47.2689
50.7981
54.7639
45.2499
45.1463
45.2096
45.7247
16.2801
16.8038
17.085
17.2832
17.4201
17.4957
17.5046
17.1716
47.2258
47.0126
46.9968
47.0399
47.119
47.1628
47.1184
46.9775
46.7515
46.4246
46.042
46.0839
47.7725
51.5231
45.8037
45.7246
45.7409
45.9812
34.7173
35.0892
35.4812
35.808
35.9503
35.9078
35.8026
35.6164
47.1961
47.1906
47.1726
47.1406
47.1046
47.0551
46.9901
46.9247
46.8659
46.7475
46.4063
45.825
45.5425
47.4123
46.1696
46.1121
46.0974
46.1645
45.4804
45.7222
46.1317
46.5025
46.6594
46.5887
46.4432
46.3368
47.1524
47.2433
47.2038
47.1237
47.0421
46.9814
46.9492
46.9399
46.9352
46.8921
46.7288
46.3686
45.6374
45.6906
46.4134
46.3676
46.3289
46.309
49.0537
49.2223
49.6251
50.0174
50.2108
50.1674
50.0188
49.9173
47.183
47.2768
47.2094
47.1145
47.0489
47.0432
47.0887
47.1285
47.0859
46.9162
46.6596
46.4739
46.4987
47.6971
46.6072
46.5732
46.5277
46.4874
48.771
48.9123
49.2968
49.6907
49.9214
49.9351
49.8166
49.694
47.3544
47.4086
47.3199
47.2339
47.2066
47.2624
47.3723
47.4392
47.3523
47.0852
46.7495
46.534
46.5311
47.6799
46.8016
46.7887
46.762
46.7489
47.6595
47.7877
48.1269
48.4804
48.7206
48.7948
48.7342
48.6096
47.6309
47.6505
47.5571
47.4924
47.5029
47.5976
47.7289
47.7818
47.6383
47.2972
46.9202
46.7319
46.8402
48.0628
47.012
47.0319
47.0492
47.0925
47.1036
47.2099
47.4754
47.7478
47.9632
48.0825
48.0912
47.997
47.9515
47.964
47.8761
47.8292
47.8599
47.958
48.0685
48.0823
47.8992
47.5383
47.1713
47.0142
47.1732
48.2853
47.2275
47.2895
47.3675
47.4775
47.1957
47.2666
47.445
47.6222
47.7898
47.9299
47.9973
47.9513
48.257
48.288
48.2071
48.1648
48.1898
48.2597
48.3213
48.289
48.0988
47.7886
47.5089
47.4283
47.6268
48.5013
47.4377
47.5462
47.6877
47.8565
47.5822
47.6064
47.7064
47.8015
47.9186
48.0566
48.1586
48.1576
48.5135
48.5765
48.502
48.4489
48.4468
48.4702
48.4736
48.4034
48.2355
48.0178
47.8601
47.8679
48.0808
48.6762
47.6358
47.7893
47.9837
48.1904
47.9711
47.9428
47.985
48.0258
48.1041
48.2259
48.3375
48.3659
48.7034
48.8051
48.7392
48.6714
48.6364
48.6096
48.5593
48.4627
48.3262
48.1972
48.1454
48.2223
48.4336
48.8117
47.8115
48.0011
48.2272
48.4462
48.2367
48.1562
48.1609
48.1759
48.2318
48.3343
48.4401
48.4805
48.8177
48.9571
48.9044
48.8298
48.7687
48.7002
48.6082
48.4934
48.3801
48.3111
48.3275
48.4474
48.6566
48.9191
47.9468
48.1565
48.3903
48.5974
48.36
48.2323
48.2144
48.2222
48.2699
48.3581
48.4537
48.4955
48.8487
49.0154
48.9777
48.9044
48.8298
48.7372
48.6214
48.4985
48.4019
48.37
48.4272
48.5739
48.7856
49.0074
48.028
48.2389
48.4598
48.6395
48.3696
48.2056
48.1733
48.1811
48.2284
48.3095
48.398
48.4395
48.801
48.9781
48.9492
48.8798
48.8047
48.7092
48.5931
48.4788
48.4037
48.4019
48.4887
48.6548
48.8689
49.0797
48.065
48.262
48.4568
48.6041
48.3217
48.1383
48.0948
48.1016
48.1484
48.2263
48.3125
48.3554
48.7038
48.8722
48.8422
48.7749
48.7082
48.6293
48.5364
48.4502
48.4063
48.4351
48.5467
48.726
48.9374
49.1407
48.103
48.2776
48.443
48.5598
48.2943
48.1101
48.0575
48.0575
48.0979
48.1704
48.2551
48.3003
48.6126
48.7567
48.72
48.654
48.6005
48.5499
48.4954
48.4504
48.4434
48.5007
48.6302
48.8152
49.0192
49.2133
48.2085
48.3592
48.4983
48.5898
48.3666
48.1982
48.1388
48.1262
48.1521
48.2123
48.2892
48.3345
48.593
48.7063
48.6666
48.6061
48.5685
48.5482
48.535
48.5329
48.561
48.6407
48.78
48.9639
49.158
49.3434
48.4395
48.5701
48.6874
48.759
48.5915
48.4507
48.3875
48.3598
48.3646
48.4031
48.462
48.501
48.6959
48.7813
48.7505
48.7057
48.6858
48.6897
48.7084
48.7401
48.7959
48.8922
49.0363
49.2153
49.3982
49.5757
48.8304
48.9455
49.0451
49.1
48.9897
48.8817
48.8182
48.7764
48.7576
48.7668
48.7973
48.8221
48.9534
49.02
49.0129
48.996
48.9952
49.013
49.0471
49.0978
49.1729
49.2832
49.4321
49.6057
49.776
49.944
49.4172
49.5225
49.6081
49.6481
49.588
49.5118
49.4515
49.3988
49.3573
49.3342
49.3307
49.3368
49.4135
49.4727
49.5008
49.5197
49.5367
49.5571
49.5894
49.6443
49.7314
49.8562
50.0131
50.1824
50.3391
50.4924
)
;
        valueFraction   nonuniform List<scalar> 
898
(
0.129905
0.131095
0.134569
0.141435
0.146232
0.148964
0.155935
0.165313
0.182614
0.199197
0.20739
0.216202
0.222057
0.225823
0.228485
0.23021
0.231128
0.231316
0.230853
0.229843
0.228405
0.226639
0.224622
0.222416
0.220074
0.217645
0.13026
0.133914
0.142974
0.156333
0.162089
0.163843
0.167912
0.167818
0.168809
0.171504
0.171799
0.177276
0.183706
0.19061
0.197708
0.204022
0.209091
0.212808
0.215262
0.216637
0.217134
0.216938
0.216197
0.215033
0.213546
0.211818
0.134007
0.142612
0.159115
0.175129
0.177849
0.175819
0.177992
0.177351
0.177004
0.176957
0.173343
0.174376
0.176561
0.179071
0.182576
0.186679
0.191008
0.195144
0.198737
0.201584
0.203623
0.204886
0.205454
0.205433
0.204923
0.204021
0.145062
0.158571
0.178647
0.190484
0.1909
0.1808
0.168586
0.154935
0.14824
0.145451
0.141343
0.141499
0.14345
0.154056
0.163444
0.170555
0.17642
0.181602
0.186136
0.189935
0.192918
0.195067
0.196431
0.197105
0.197194
0.196795
0.163171
0.174959
0.189598
0.197871
0.142998
0.146479
0.157363
0.16436
0.170899
0.176845
0.182048
0.186468
0.189769
0.191914
0.193085
0.193487
0.193295
0.192647
0.182457
0.184662
0.185855
0.186744
0.155652
0.163823
0.175857
0.182993
0.187018
0.189672
0.192551
0.194645
0.195592
0.195636
0.195034
0.193989
0.192649
0.191109
0.192318
0.186767
0.182253
0.181238
0.162446
0.175164
0.190354
0.20202
0.208466
0.209558
0.204307
0.202005
0.199936
0.197807
0.195597
0.193366
0.191163
0.189008
0.192375
0.184642
0.177273
0.174932
0.165523
0.179808
0.195475
0.204848
0.209856
0.210362
0.205454
0.19949
0.196011
0.193175
0.190546
0.188088
0.185797
0.183677
0.192913
0.185257
0.178046
0.175454
0.161601
0.174613
0.188829
0.196981
0.200644
0.200235
0.195273
0.189407
0.186274
0.183789
0.181505
0.179386
0.177425
0.175623
0.193648
0.188241
0.183748
0.182173
0.154566
0.162365
0.171919
0.178859
0.18103
0.181619
0.177579
0.175728
0.174397
0.17309
0.171712
0.170309
0.168927
0.167599
0.184801
0.187074
0.188311
0.188445
0.145222
0.144993
0.148763
0.147954
0.153587
0.157168
0.158607
0.159728
0.160363
0.160587
0.16049
0.160169
0.1597
0.159152
0.166437
0.178421
0.19312
0.200437
0.134654
0.131859
0.141861
0.14706
0.149626
0.150641
0.151128
0.151378
0.151496
0.151563
0.151601
0.15161
0.151595
0.15159
0.148229
0.162473
0.183066
0.194561
0.200212
0.188678
0.167327
0.142084
0.140895
0.14088
0.14269
0.14586
0.145726
0.153257
0.157148
0.158203
0.157603
0.156106
0.154248
0.152399
0.15077
0.149448
0.148427
0.14767
0.147149
0.146908
0.136424
0.146139
0.163699
0.179744
0.187085
0.18473
0.182041
0.181314
0.180399
0.179482
0.178336
0.176888
0.171306
0.169191
0.166484
0.163369
0.160119
0.156935
0.153963
0.151307
0.14903
0.14715
0.145633
0.144433
0.143531
0.143079
0.132034
0.136613
0.146954
0.161138
0.171667
0.17382
0.173896
0.173071
0.171698
0.169992
0.168184
0.166339
0.160629
0.159054
0.157385
0.155468
0.153339
0.151102
0.148879
0.146775
0.144873
0.143215
0.141797
0.140595
0.139611
0.139232
0.131443
0.133247
0.137715
0.145807
0.15571
0.159412
0.161366
0.162171
0.162192
0.16169
0.160875
0.159789
0.154635
0.153345
0.151937
0.15032
0.148538
0.146675
0.144818
0.143043
0.141404
0.139929
0.138606
0.137408
0.136328
0.13643
0.132105
0.132955
0.134784
0.138324
0.145423
0.148431
0.150524
0.151824
0.152447
0.152564
0.152373
0.151882
0.147694
0.146878
0.145959
0.144868
0.143636
0.142316
0.140966
0.139635
0.138359
0.137152
0.135987
0.134815
0.133566
0.136138
0.132877
0.133453
0.134418
0.136032
0.140516
0.142348
0.143828
0.144927
0.145638
0.146033
0.146211
0.146147
0.143261
0.142854
0.14233
0.141637
0.1408
0.13986
0.138856
0.137828
0.136803
0.135791
0.134763
0.133658
0.132365
0.135471
0.13349
0.13397
0.134654
0.135619
0.138276
0.139431
0.14045
0.141292
0.141923
0.142349
0.142599
0.142641
0.140956
0.140677
0.140292
0.139773
0.139141
0.138422
0.13764
0.136819
0.135974
0.135116
0.134225
0.133254
0.132076
0.135124
0.133923
0.134334
0.134878
0.135566
0.13697
0.137768
0.138496
0.139119
0.139607
0.139958
0.140181
0.14026
0.139577
0.139403
0.139135
0.138758
0.138288
0.137739
0.137128
0.13647
0.135774
0.135049
0.134285
0.133462
0.132481
0.13477
0.134229
0.134584
0.135028
0.135557
0.136235
0.136838
0.137404
0.137901
0.138302
0.138598
0.138785
0.138861
0.138741
0.138602
0.13838
0.138071
0.137688
0.137245
0.136754
0.136227
0.135674
0.135109
0.134542
0.134004
0.133544
0.133503
0.134442
0.134745
0.135109
0.135523
0.135878
0.136342
0.136785
0.137178
0.137496
0.137727
0.137873
0.137942
0.138031
0.137934
0.137771
0.13754
0.137251
0.136912
0.136534
0.136127
0.135701
0.13527
0.134853
0.13448
0.134197
0.134171
0.134591
0.13485
0.13515
0.135481
0.135744
0.136112
0.136467
0.136787
0.137052
0.137248
0.137374
0.137434
0.137522
0.137443
0.137314
0.13713
0.1369
0.136631
0.136334
0.136017
0.13569
0.13537
0.135081
0.134859
0.134748
0.134874
0.134686
0.134907
0.135155
0.135421
0.135668
0.135961
0.136241
0.136498
0.136715
0.13688
0.136986
0.137037
0.13707
0.137007
0.136911
0.136775
0.136602
0.136401
0.136178
0.13594
0.135697
0.135462
0.135262
0.135126
0.135089
0.135254
0.134739
0.134929
0.135139
0.135357
0.135592
0.135826
0.136049
0.136256
0.136438
0.136582
0.136678
0.136725
0.136717
0.136665
0.136591
0.136488
0.136357
0.136205
0.136038
0.135861
0.135681
0.135513
0.135379
0.135308
0.135323
0.135499
0.134762
0.134927
0.135106
0.13529
0.135501
0.135689
0.135864
0.136028
0.136177
0.136301
0.136389
0.136436
0.136415
0.136373
0.136317
0.136242
0.136148
0.13604
0.13592
0.135792
0.135663
0.135546
0.135461
0.135432
0.135475
0.135636
0.134764
0.134907
0.135065
0.135222
0.135405
0.135558
0.135694
0.135823
0.135944
0.136053
0.136136
0.136187
0.13617
0.136137
0.136095
0.136039
0.135971
0.135895
0.135809
0.135717
0.135625
0.135546
0.1355
0.135502
0.135565
0.13571
0.134752
0.134877
0.135017
0.135155
0.135312
0.135438
0.135543
0.135643
0.13574
0.135832
0.135909
0.135963
0.135957
0.135934
0.135904
0.135863
0.135816
0.135764
0.135705
0.135641
0.13558
0.135534
0.135517
0.135544
0.135621
0.135753
0.134729
0.134839
0.134963
0.135085
0.135222
0.135327
0.135411
0.135488
0.135565
0.135642
0.135712
0.135768
0.135773
0.135762
0.135743
0.135715
0.135682
0.135645
0.135605
0.135562
0.135525
0.135505
0.135514
0.13556
0.135648
0.135774
0.134697
0.134793
0.134904
0.135012
0.135132
0.135223
0.135293
0.135354
0.135414
0.135476
0.135537
0.135592
0.135606
0.135608
0.1356
0.135582
0.135557
0.13553
0.135501
0.135475
0.135458
0.135461
0.135491
0.135554
0.135651
0.135774
0.134659
0.134744
0.134841
0.134936
0.135042
0.135123
0.135184
0.135235
0.135283
0.135331
0.135382
0.135434
0.135455
0.135467
0.135471
0.135462
0.135443
0.135421
0.1354
0.135387
0.13539
0.135414
0.135463
0.135541
0.135643
0.135765
0.13462
0.134694
0.134779
0.134862
0.134956
0.13503
0.135086
0.135131
0.135171
0.13521
0.135251
0.135298
0.135323
0.135345
0.13536
0.135359
0.135345
0.135327
0.135314
0.135314
0.135334
0.135377
0.135444
0.135531
0.135637
0.135757
0.134585
0.134649
0.134723
0.134795
0.134878
0.134946
0.135
0.135043
0.135077
0.135109
0.135142
0.135182
0.135209
0.135237
0.135258
0.135263
0.135254
0.135239
0.135233
0.135245
0.135281
0.13534
0.135419
0.135514
0.13562
0.135739
0.134558
0.134614
0.134677
0.13474
0.134813
0.134876
0.134928
0.13497
0.135004
0.135031
0.13506
0.135094
0.135121
0.135151
0.135176
0.135186
0.135182
0.135174
0.135176
0.1352
0.135249
0.135321
0.135408
0.135505
0.135611
0.135728
0.134538
0.134586
0.134641
0.134696
0.13476
0.134818
0.134868
0.13491
0.134942
0.134969
0.134994
0.135024
0.135049
0.135076
0.1351
0.135112
0.135114
0.135114
0.135128
0.135163
0.135223
0.135303
0.135394
0.135492
0.135597
0.135713
0.134516
0.134557
0.134605
0.134654
0.134711
0.134765
0.134812
0.134853
0.134886
0.134914
0.134939
0.134966
0.134988
0.135011
0.135032
0.135045
0.135054
0.135066
0.135092
0.13514
0.135209
0.135294
0.135386
0.135482
0.135586
0.135702
0.134486
0.134521
0.134562
0.134607
0.134658
0.134708
0.134752
0.134791
0.134824
0.134853
0.134878
0.134903
0.134921
0.134938
0.134954
0.134967
0.134982
0.135006
0.135047
0.135106
0.135182
0.135268
0.135359
0.135455
0.135558
0.135675
)
;
        value           nonuniform List<scalar> 
898
(
312.845
313.063
313.396
313.595
314.099
314.29
302.797
302.781
302.999
303.251
313.224
312.949
312.462
312.211
311.825
311.586
311.481
311.468
311.495
311.508
311.468
311.374
311.261
311.169
311.125
311.126
312.898
313.237
313.737
313.944
314.783
315.431
304.912
304.824
304.712
304.549
314.724
314.027
313.106
312.649
311.962
311.548
311.392
311.393
311.454
311.5
311.485
311.406
311.293
311.187
311.12
311.1
312.88
313.304
313.981
314.317
315.882
316.786
306.211
306.005
305.923
305.901
316.384
315.443
313.657
312.983
312.036
311.498
311.321
311.335
311.413
311.479
311.491
311.442
311.35
311.244
311.157
311.114
312.76
313.189
314.004
314.646
317.337
318.185
309.089
308.729
308.672
308.883
318.919
318.176
314.503
313.37
312.138
311.483
311.282
311.291
311.36
311.427
311.465
311.462
311.413
311.328
311.236
311.172
312.639
313.029
313.857
314.378
313.644
312.978
311.916
311.371
311.239
311.273
311.336
311.396
311.453
311.493
311.493
311.443
311.359
311.28
312.671
313.079
313.979
314.519
313.464
312.782
311.847
311.422
311.333
311.365
311.405
311.453
311.515
311.572
311.596
311.568
311.497
311.412
312.619
313.083
314.035
314.612
313.458
312.699
311.831
311.482
311.45
311.505
311.582
311.633
311.68
311.715
311.721
311.689
311.622
311.539
312.432
312.982
314.032
314.702
313.458
312.63
311.782
311.522
311.575
311.689
311.802
311.875
311.905
311.904
311.872
311.812
311.739
311.663
312.132
312.727
313.853
314.677
313.435
312.516
311.683
311.499
311.638
311.83
312.001
312.101
312.126
312.104
312.049
311.97
311.893
311.835
311.866
312.345
313.418
314.476
313.294
312.264
311.516
311.424
311.632
311.89
312.119
312.232
312.266
312.254
312.211
312.146
312.086
312.053
311.746
311.926
312.708
313.992
312.936
311.875
311.34
311.404
311.65
311.916
312.13
312.259
312.319
312.339
312.345
312.339
312.336
312.338
311.793
311.717
311.941
312.902
312.258
311.578
311.363
311.464
311.64
311.848
312.051
312.21
312.314
312.385
312.462
312.564
312.682
312.743
311.92
311.837
311.669
311.415
300.353
299.523
298.583
297.51
297.362
297.328
297.419
297.899
310.966
311.295
311.405
311.48
311.574
311.715
311.893
312.072
312.221
312.348
312.512
312.766
313.087
313.26
311.899
311.864
311.774
311.523
300.291
299.84
299.548
299.364
299.232
299.156
299.155
299.393
311.043
311.308
311.363
311.407
311.483
311.603
311.76
311.931
312.092
312.252
312.491
312.912
313.507
313.865
311.902
311.853
311.762
311.491
299.748
299.48
299.336
299.197
299.081
299.002
298.966
299.131
311.093
311.349
311.381
311.411
311.47
311.562
311.68
311.811
311.947
312.107
312.392
312.958
313.857
314.476
311.908
311.847
311.761
311.483
299.276
299.072
299.027
298.967
298.919
298.892
298.872
299.025
311.12
311.372
311.396
311.429
311.488
311.564
311.645
311.728
311.818
311.947
312.229
312.866
313.997
314.919
311.912
311.851
311.777
311.526
300.16
299.953
299.939
299.917
299.904
299.901
299.89
300.036
311.224
311.459
311.478
311.508
311.557
311.613
311.668
311.72
311.774
311.861
312.095
312.699
313.901
314.978
311.939
311.901
311.855
311.67
302.926
302.736
302.721
302.714
302.715
302.717
302.705
302.819
311.443
311.624
311.63
311.643
311.669
311.701
311.737
311.773
311.808
311.853
311.99
312.429
313.468
314.553
311.998
311.989
311.972
311.864
306.658
306.523
306.508
306.509
306.517
306.52
306.508
306.571
311.711
311.821
311.814
311.81
311.813
311.822
311.839
311.868
311.903
311.937
311.995
312.208
312.874
313.738
312.072
312.081
312.083
312.041
309.919
309.845
309.83
309.83
309.84
309.848
309.843
309.863
311.945
311.992
311.977
311.962
311.949
311.941
311.94
311.955
311.988
312.032
312.077
312.138
312.337
312.62
312.136
312.152
312.165
312.167
311.883
311.851
311.835
311.827
311.831
311.84
311.845
311.844
312.105
312.116
312.098
312.081
312.064
312.047
312.033
312.029
312.042
312.076
312.128
312.169
312.138
311.805
312.186
312.2
312.22
312.248
312.62
312.611
312.594
312.574
312.566
312.571
312.581
312.575
312.2
312.202
312.185
312.167
312.149
312.128
312.107
312.093
312.097
312.122
312.166
312.214
312.25
312.035
312.228
312.238
312.261
312.302
312.667
312.668
312.653
312.627
312.604
312.598
312.603
312.6
312.255
312.263
312.247
312.228
312.208
312.184
312.158
312.141
312.145
312.173
312.214
312.241
312.229
311.958
312.274
312.277
312.298
312.343
312.517
312.525
312.519
312.493
312.462
312.439
312.433
312.431
312.296
312.316
312.301
312.279
312.254
312.226
312.198
312.181
312.188
312.223
312.267
312.292
312.276
312.015
312.327
312.321
312.335
312.376
312.407
312.424
312.432
312.416
312.382
312.346
312.324
312.316
312.332
312.362
312.351
312.327
312.298
312.267
312.238
312.223
312.236
312.277
312.322
312.342
312.319
312.091
312.385
312.37
312.371
312.402
312.375
312.399
312.426
312.427
312.398
312.353
312.316
312.294
312.365
312.401
312.397
312.375
312.344
312.31
312.282
312.273
312.292
312.334
312.375
312.388
312.358
312.183
312.444
312.42
312.405
312.421
312.382
312.413
312.458
312.479
312.462
312.417
312.366
312.328
312.394
312.432
312.435
312.419
312.391
312.358
312.334
312.332
312.356
312.395
312.425
312.427
312.39
312.269
312.5
312.468
312.437
312.437
312.398
312.432
312.491
312.53
312.53
312.492
312.436
312.381
312.424
312.457
312.464
312.457
312.437
312.41
312.394
312.4
312.427
312.458
312.475
312.464
312.42
312.338
312.554
312.514
312.472
312.458
312.417
312.447
312.513
312.566
312.584
312.56
312.507
312.442
312.461
312.481
312.486
312.487
312.479
312.467
312.463
312.477
312.503
312.524
312.527
312.501
312.451
312.388
312.606
312.561
312.511
312.488
312.444
312.467
312.53
312.59
312.623
312.617
312.575
312.507
312.508
312.51
312.508
312.514
312.521
312.528
312.541
312.562
312.582
312.59
312.575
312.536
312.48
312.428
312.657
312.609
312.557
312.529
312.482
312.495
312.549
312.608
312.65
312.662
312.636
312.575
312.563
312.547
312.533
312.54
312.563
312.593
312.623
312.648
312.658
312.648
312.615
312.564
312.508
312.463
312.703
312.653
312.603
312.576
312.529
312.531
312.57
312.621
312.667
312.692
312.683
312.635
312.617
312.586
312.561
312.567
312.604
312.654
312.699
312.725
312.722
312.692
312.641
312.583
312.532
312.496
312.739
312.69
312.644
312.619
312.577
312.569
312.593
312.631
312.674
312.706
312.711
312.678
312.659
312.622
312.589
312.596
312.641
312.705
312.759
312.782
312.765
312.716
312.654
312.596
312.554
312.529
312.765
312.717
312.677
312.657
312.62
312.606
312.616
312.641
312.675
312.708
312.721
312.701
312.686
312.65
312.619
312.628
312.677
312.745
312.799
312.813
312.783
312.722
312.655
312.604
312.575
312.561
312.789
312.745
312.712
312.695
312.665
312.648
312.648
312.661
312.685
312.711
312.726
312.716
312.707
312.681
312.661
312.674
312.723
312.784
312.826
312.827
312.785
312.72
312.657
312.618
312.602
312.597
312.832
312.794
312.766
312.752
312.727
312.711
312.706
312.71
312.723
312.74
312.75
312.745
312.745
312.735
312.732
312.752
312.795
312.839
312.861
312.844
312.793
312.729
312.678
312.653
312.649
312.65
312.912
312.88
312.857
312.844
312.823
312.808
312.802
312.801
312.804
312.81
312.814
312.812
312.82
312.83
312.846
312.874
312.907
312.928
312.922
312.885
312.828
312.772
312.735
312.723
312.728
312.734
)
;
        Tnbr            T;
        qrNbr           qr;
        qr              none;
        thermalInertia  false;
        thicknessLayers List<scalar> 0();
        kappaLayers     List<scalar> 0();
        kappaMethod     solidThermo;
        kappa           none;
        alphaAni        none;
        alpha           none;
    }
    concrete_to_asphalt
    {
        type            compressible::turbulentTemperatureRadCoupledMixed;
        refValue        nonuniform List<scalar> 
52
(
308.507
308.475
308.453
308.438
308.423
308.411
308.402
308.395
308.389
308.384
308.382
308.385
308.402
308.432
308.473
308.517
308.55
308.559
308.538
308.493
308.441
308.399
308.378
308.379
308.391
308.406
311.454
311.422
311.4
311.385
311.367
311.352
311.342
311.334
311.328
311.322
311.317
311.317
311.333
311.36
311.396
311.432
311.457
311.456
311.427
311.377
311.321
311.278
311.257
311.257
311.268
311.282
)
;
        refGradient     uniform 0;
        valueFraction   nonuniform List<scalar> 
52
(
0.529412
0.529412
0.529412
0.529412
0.529412
0.529412
0.529412
0.529412
0.529412
0.529412
0.529412
0.529412
0.529412
0.529412
0.529412
0.529412
0.529412
0.529412
0.529412
0.529412
0.529412
0.529412
0.529412
0.529412
0.529412
0.529412
0.529412
0.529412
0.529412
0.529412
0.529412
0.529412
0.529412
0.529412
0.529412
0.529412
0.529412
0.529412
0.529412
0.529412
0.529412
0.529412
0.529412
0.529412
0.529412
0.529412
0.529412
0.529412
0.529412
0.529412
0.529412
0.529412
)
;
        value           nonuniform List<scalar> 
52
(
308.291
308.26
308.237
308.223
308.21
308.2
308.193
308.188
308.187
308.187
308.188
308.19
308.201
308.222
308.257
308.3
308.341
308.363
308.356
308.319
308.267
308.219
308.191
308.185
308.193
308.201
311.22
311.187
311.165
311.153
311.137
311.126
311.122
311.122
311.125
311.129
311.131
311.133
311.147
311.168
311.197
311.234
311.266
311.279
311.262
311.215
311.155
311.1
311.067
311.058
311.065
311.073
)
;
        Tnbr            T;
        qrNbr           none;
        qr              none;
        thermalInertia  false;
        thicknessLayers List<scalar> 0();
        kappaLayers     List<scalar> 0();
        kappaMethod     solidThermo;
        kappa           none;
        alphaAni        none;
        alpha           none;
    }
    concrete_to_soil2
    {
        type            compressible::turbulentTemperatureRadCoupledMixed;
        refValue        nonuniform List<scalar> 
200
(
308.532
308.705
308.967
309.296
309.938
310.282
304.139
304.7
304.903
304.759
309.57
309.406
308.971
308.748
308.508
308.344
308.227
308.13
308.034
307.918
307.772
307.613
307.469
307.369
307.325
307.327
308.508
307.244
308.675
307.187
308.835
307.15
308.985
307.141
309.204
307.17
309.491
307.224
309.654
307.285
309.53
307.355
309.176
307.495
308.746
307.7
308.411
307.968
308.269
308.359
308.106
308.912
308.01
309.803
307.932
310.875
307.815
312.963
307.662
312.307
307.531
309.058
307.47
305.679
307.476
302.48
307.516
299.006
307.566
298.988
307.618
298.779
307.672
299.388
307.728
300.99
307.785
303.295
307.839
305.542
307.89
307.118
307.94
307.893
307.991
308.114
308.047
308.101
308.106
308.062
308.167
308.068
308.225
308.117
308.281
308.187
308.345
308.271
308.421
308.363
311.308
311.452
311.672
311.926
312.546
312.939
304.776
305.318
305.479
305.29
311.579
311.381
310.987
310.836
310.627
310.49
310.402
310.344
310.3
310.242
310.15
310.031
309.915
309.833
309.802
309.814
311.268
309.74
311.397
309.696
311.535
309.685
311.655
309.71
311.771
309.775
311.898
309.864
311.853
309.958
311.593
310.068
311.155
310.255
310.735
310.519
310.568
310.857
310.614
311.325
310.592
311.944
310.548
312.93
310.526
314.018
310.49
316.395
310.433
315.157
310.389
310.893
310.389
306.701
310.428
303.023
310.484
299.189
310.538
299.405
310.591
299.242
310.645
300.054
310.703
302.099
310.762
305.035
310.819
307.889
310.874
309.874
310.926
310.829
310.979
311.076
311.034
311.029
311.089
310.953
311.14
310.935
311.183
310.967
311.225
311.027
311.279
311.105
311.356
311.201
)
;
        refGradient     uniform 0;
        valueFraction   nonuniform List<scalar> 
200
(
0.529412
0.529412
0.529412
0.529412
0.529412
0.529412
0.529412
0.529412
0.529412
0.529412
0.529412
0.529412
0.529412
0.529412
0.529412
0.529412
0.529412
0.529412
0.529412
0.529412
0.529412
0.529412
0.529412
0.529412
0.529412
0.529412
0.529412
0.529412
0.529412
0.529412
0.529412
0.529412
0.529412
0.529412
0.529412
0.529412
0.529412
0.529412
0.529412
0.529412
0.529412
0.529412
0.529412
0.529412
0.529412
0.529412
0.529412
0.529412
0.529412
0.529412
0.529412
0.529412
0.529412
0.529412
0.529412
0.529412
0.529412
0.529412
0.529412
0.529412
0.529412
0.529412
0.529412
0.529412
0.529412
0.529412
0.529412
0.529412
0.529412
0.529412
0.529412
0.529412
0.529412
0.529412
0.529412
0.529412
0.529412
0.529412
0.529412
0.529412
0.529412
0.529412
0.529412
0.529412
0.529412
0.529412
0.529412
0.529412
0.529412
0.529412
0.529412
0.529412
0.529412
0.529412
0.529412
0.529412
0.529412
0.529412
0.529412
0.529412
0.529412
0.529412
0.529412
0.529412
0.529412
0.529412
0.529412
0.529412
0.529412
0.529412
0.529412
0.529412
0.529412
0.529412
0.529412
0.529412
0.529412
0.529412
0.529412
0.529412
0.529412
0.529412
0.529412
0.529412
0.529412
0.529412
0.529412
0.529412
0.529412
0.529412
0.529412
0.529412
0.529412
0.529412
0.529412
0.529412
0.529412
0.529412
0.529412
0.529412
0.529412
0.529412
0.529412
0.529412
0.529412
0.529412
0.529412
0.529412
0.529412
0.529412
0.529412
0.529412
0.529412
0.529412
0.529412
0.529412
0.529412
0.529412
0.529412
0.529412
0.529412
0.529412
0.529412
0.529412
0.529412
0.529412
0.529412
0.529412
0.529412
0.529412
0.529412
0.529412
0.529412
0.529412
0.529412
0.529412
0.529412
0.529412
0.529412
0.529412
0.529412
0.529412
0.529412
0.529412
0.529412
0.529412
0.529412
0.529412
0.529412
0.529412
0.529412
0.529412
0.529412
0.529412
0.529412
0.529412
0.529412
0.529412
0.529412
0.529412
)
;
        value           nonuniform List<scalar> 
200
(
308.43
308.633
308.939
309.255
309.829
310.017
303.143
303.438
303.666
303.746
309.441
309.33
308.89
308.639
308.348
308.158
308.043
307.962
307.881
307.771
307.624
307.458
307.307
307.201
307.151
307.147
308.417
307.103
308.569
307.05
308.682
307.016
308.757
307.013
308.916
307.05
309.184
307.113
309.348
307.178
309.257
307.246
308.972
307.374
308.622
307.555
308.316
307.789
308.155
308.136
308.012
308.627
307.911
309.348
307.826
310.19
307.704
311.524
307.545
311.291
307.41
309.452
307.345
307.354
307.347
305.186
307.382
302.927
307.425
302.954
307.47
302.791
307.519
303.116
307.571
303.981
307.625
305.226
307.677
306.442
307.727
307.301
307.775
307.732
307.824
307.867
307.878
307.877
307.936
307.875
307.994
307.901
308.05
307.952
308.105
308.016
308.169
308.093
308.245
308.178
311.232
311.411
311.685
311.929
312.488
312.74
303.726
303.985
304.175
304.219
311.627
311.444
311.017
310.818
310.538
310.361
310.267
310.223
310.194
310.142
310.047
309.917
309.788
309.695
309.655
309.659
311.21
309.619
311.308
309.577
311.373
309.568
311.384
309.6
311.422
309.677
311.55
309.777
311.546
309.879
311.34
309.988
310.979
310.162
310.63
310.397
310.456
310.701
310.462
311.127
310.466
311.686
310.417
312.483
310.395
313.344
310.36
314.821
310.305
314.223
310.27
311.779
310.279
309.191
310.324
306.729
310.379
304.297
310.428
304.489
310.473
304.361
310.522
304.812
310.575
305.931
310.632
307.529
310.688
309.081
310.742
310.165
310.793
310.695
310.845
310.844
310.899
310.835
310.952
310.81
310.996
310.815
311.029
310.845
311.058
310.889
311.099
310.948
311.169
311.03
)
;
        Tnbr            T;
        qrNbr           none;
        qr              none;
        thermalInertia  false;
        thicknessLayers List<scalar> 0();
        kappaLayers     List<scalar> 0();
        kappaMethod     solidThermo;
        kappa           none;
        alphaAni        none;
        alpha           none;
    }
    concrete_to_buildings
    {
        type            externalWallHeatFluxTemperature;
        mode            coefficient;
        kappaMethod     solidThermo;
        kappa           none;
        alphaAni        none;
        alpha           none;
        h               constant 10;
        Ta              constant 293.15;
        thicknessLayers List<scalar> 1(0.3);
        kappaLayers     List<scalar> 1(1.6);
        qr              none;
        refValue        uniform 293.15;
        refGradient     uniform 0;
        valueFraction   nonuniform List<scalar> 
64
(
0.0980392
0.0980392
0.0980392
0.0980392
0.0980392
0.0980392
0.0980392
0.0980392
0.0980392
0.0980392
0.0980392
0.0980392
0.0980392
0.0980392
0.0980392
0.0980392
0.0980392
0.0980392
0.0980392
0.0980392
0.0980392
0.0980392
0.0980392
0.0980392
0.0980392
0.0980392
0.0980392
0.0980392
0.0980392
0.0980392
0.0980392
0.0980392
0.0980392
0.0980392
0.0980392
0.0980392
0.0980392
0.0980392
0.0980392
0.0980392
0.0980392
0.0980392
0.0980392
0.0980392
0.0980392
0.0980392
0.0980392
0.0980392
0.0980392
0.0980392
0.0980392
0.0980392
0.0980392
0.0980392
0.0980392
0.0980392
0.0980392
0.0980392
0.0980392
0.0980392
0.0980392
0.0980392
0.0980392
0.0980392
)
;
        value           nonuniform List<scalar> 
64
(
299.305
299.069
298.819
298.789
298.784
298.803
299.056
299.161
298.927
298.654
298.663
298.665
298.665
298.66
298.632
298.755
298.934
298.661
298.679
298.684
298.683
298.677
298.639
298.762
298.935
298.663
298.683
298.687
298.687
298.68
298.642
298.766
298.934
298.663
298.682
298.687
298.687
298.68
298.641
298.761
298.918
298.656
298.676
298.681
298.681
298.674
298.633
298.738
298.845
298.605
298.626
298.629
298.628
298.62
298.576
298.658
298.549
298.316
298.311
298.282
298.267
298.251
298.2
298.283
)
;
    }
    concrete_to_soil1
    {
        type            compressible::turbulentTemperatureRadCoupledMixed;
        refValue        nonuniform List<scalar> 
962
(
306.345
306.588
306.951
307.29
307.782
307.753
301.756
301.773
302.038
302.373
307.603
307.615
307.186
306.888
306.551
306.333
306.21
306.125
306.029
305.894
305.719
305.531
305.367
305.25
305.191
305.177
306.517
306.857
307.357
307.723
308.401
308.622
302.991
302.788
302.77
302.901
308.314
308.071
307.372
306.947
306.44
306.14
306.019
305.976
305.924
305.82
305.665
305.492
305.335
305.218
305.15
305.126
306.625
307.049
307.706
308.197
309.348
309.779
304.18
303.826
303.768
303.975
309.501
309.004
307.675
307.024
306.307
305.907
305.774
305.756
305.736
305.666
305.551
305.42
305.295
305.191
305.118
305.081
306.685
307.138
307.918
308.617
310.113
310.554
305.89
305.453
305.392
305.707
310.724
310.216
308.072
307.094
306.18
305.692
305.532
305.509
305.497
305.456
305.394
305.327
305.257
305.182
305.112
305.062
306.865
307.304
308.11
308.504
301.701
301.533
301.278
301.24
301.234
301.257
301.504
301.483
307.41
306.851
305.998
305.54
305.388
305.348
305.318
305.284
305.263
305.254
305.239
305.2
305.141
305.082
307.18
307.561
308.32
308.636
301.365
301.159
301.18
301.184
301.183
301.175
301.126
301.121
307.341
306.828
306.066
305.663
305.502
305.419
305.344
305.286
305.261
305.264
305.267
305.243
305.191
305.127
307.425
307.731
308.417
308.68
301.381
301.175
301.207
301.214
301.214
301.204
301.142
301.138
307.377
306.873
306.19
305.839
305.688
305.595
305.513
305.44
305.392
305.365
305.34
305.299
305.241
305.173
307.432
307.726
308.411
308.699
301.382
301.179
301.213
301.22
301.219
301.209
301.147
301.144
307.392
306.867
306.222
305.921
305.798
305.727
305.673
305.617
305.563
305.506
305.44
305.364
305.287
305.214
307.271
307.577
308.289
308.681
301.379
301.178
301.212
301.219
301.219
301.208
301.146
301.136
307.355
306.772
306.145
305.889
305.806
305.776
305.768
305.751
305.715
305.654
305.568
305.467
305.374
305.3
307.016
307.289
307.987
308.551
301.358
301.168
301.203
301.21
301.209
301.198
301.133
301.104
307.194
306.517
305.929
305.74
305.715
305.735
305.772
305.794
305.788
305.747
305.672
305.575
305.486
305.42
306.687
306.866
307.445
308.183
301.253
301.09
301.127
301.133
301.131
301.118
301.048
300.989
306.832
306.078
305.616
305.546
305.583
305.634
305.694
305.746
305.771
305.758
305.718
305.661
305.61
305.57
306.416
306.474
306.749
307.31
300.803
300.648
300.656
300.627
300.607
300.582
300.502
300.446
306.156
305.658
305.461
305.472
305.5
305.541
305.611
305.689
305.742
305.76
305.763
305.776
305.804
305.814
306.196
306.217
306.182
305.942
300.275
299.749
299.284
298.764
298.603
298.525
298.465
298.71
305.149
305.468
305.497
305.491
305.469
305.479
305.548
305.648
305.731
305.78
305.831
305.932
306.087
306.183
306.053
306.065
306.007
305.65
299.692
299.348
299.243
299.122
298.998
298.867
298.731
298.926
305.129
305.488
305.483
305.443
305.402
305.405
305.477
305.593
305.701
305.778
305.878
306.085
306.422
306.668
305.919
305.901
305.792
305.344
298.975
298.67
298.683
298.648
298.549
298.405
298.258
298.501
304.979
305.382
305.388
305.353
305.31
305.306
305.37
305.483
305.599
305.698
305.846
306.171
306.74
307.225
305.738
305.718
305.595
305.104
298.439
298.104
298.168
298.212
298.175
298.065
297.951
298.241
304.822
305.239
305.256
305.233
305.195
305.183
305.228
305.323
305.433
305.546
305.733
306.147
306.92
307.721
305.514
305.513
305.421
304.981
298.787
298.434
298.479
298.534
298.527
298.456
298.383
298.676
304.74
305.116
305.132
305.115
305.08
305.06
305.087
305.167
305.281
305.421
305.647
306.118
307.036
308.043
305.318
305.343
305.301
304.984
300.224
299.915
299.906
299.925
299.924
299.891
299.863
300.103
304.769
305.045
305.051
305.038
305.013
304.998
305.02
305.09
305.196
305.331
305.542
305.986
306.894
307.883
305.201
305.244
305.24
305.062
302.2
301.982
301.933
301.912
301.906
301.904
301.908
302.06
304.865
305.025
305.029
305.03
305.031
305.039
305.07
305.131
305.219
305.331
305.502
305.845
306.563
307.321
305.165
305.214
305.232
305.164
303.956
303.83
303.76
303.712
303.698
303.711
303.731
303.803
304.977
305.044
305.055
305.079
305.11
305.144
305.181
305.225
305.285
305.376
305.524
305.759
306.147
306.387
305.176
305.225
305.256
305.259
305.058
304.997
304.92
304.854
304.829
304.842
304.869
304.893
305.086
305.104
305.129
305.173
305.224
305.268
305.296
305.314
305.343
305.415
305.552
305.724
305.854
305.493
305.206
305.25
305.289
305.33
305.518
305.492
305.416
305.338
305.296
305.299
305.326
305.338
305.173
305.182
305.219
305.272
305.325
305.358
305.367
305.368
305.396
305.485
305.632
305.785
305.882
305.49
305.242
305.279
305.321
305.375
305.596
305.585
305.515
305.432
305.375
305.361
305.38
305.395
305.227
305.244
305.285
305.333
305.372
305.386
305.376
305.368
305.408
305.521
305.675
305.798
305.827
305.363
305.285
305.311
305.346
305.399
305.539
305.539
305.485
305.408
305.342
305.309
305.311
305.328
305.258
305.284
305.318
305.35
305.368
305.362
305.341
305.338
305.397
305.531
305.697
305.81
305.811
305.345
305.33
305.342
305.364
305.406
305.477
305.49
305.458
305.4
305.336
305.286
305.268
305.276
305.276
305.303
305.328
305.344
305.342
305.323
305.303
305.313
305.39
305.533
305.693
305.789
305.769
305.358
305.377
305.375
305.377
305.401
305.441
305.468
305.464
305.433
305.379
305.32
305.281
305.271
305.289
305.311
305.332
305.339
305.328
305.308
305.297
305.323
305.408
305.54
305.67
305.735
305.699
305.389
305.423
305.407
305.388
305.392
305.424
305.464
305.487
305.483
305.447
305.388
305.332
305.301
305.304
305.319
305.34
305.35
305.343
305.33
305.332
305.371
305.452
305.557
305.644
305.674
305.629
305.43
305.467
305.439
305.4
305.386
305.415
305.465
305.508
305.529
305.513
305.462
305.4
305.349
305.327
305.331
305.354
305.373
305.377
305.378
305.395
305.442
305.514
305.588
305.637
305.639
305.589
305.474
305.51
305.472
305.419
305.389
305.417
305.47
305.525
305.563
305.566
305.53
305.47
305.408
305.363
305.351
305.372
305.399
305.419
305.438
305.471
305.524
305.586
305.637
305.657
305.638
305.586
305.515
305.554
305.51
305.448
305.41
305.435
305.486
305.541
305.588
305.608
305.59
305.541
305.476
305.412
305.383
305.396
305.428
305.465
305.505
305.555
305.613
305.666
305.696
305.694
305.66
305.605
305.552
305.604
305.556
305.493
305.453
305.474
305.517
305.566
305.613
305.643
305.642
305.609
305.55
305.477
305.432
305.433
305.467
305.519
305.581
305.647
305.707
305.748
305.758
305.736
305.689
305.633
305.589
305.662
305.614
305.555
305.517
305.534
305.567
305.603
305.643
305.677
305.69
305.673
305.626
305.552
305.497
305.487
305.52
305.584
305.665
305.743
305.801
305.826
305.815
305.775
305.72
305.669
305.632
305.726
305.681
305.629
305.597
305.609
305.631
305.653
305.682
305.713
305.733
305.73
305.697
305.631
305.574
305.56
305.592
305.664
305.755
305.838
305.889
305.897
305.866
305.812
305.757
305.715
305.687
305.795
305.754
305.71
305.684
305.692
305.703
305.713
305.73
305.754
305.775
305.781
305.76
305.707
305.659
305.647
305.68
305.754
305.846
305.924
305.963
305.954
305.909
305.85
305.8
305.771
305.752
305.867
305.833
305.797
305.777
305.779
305.782
305.781
305.788
305.804
305.821
305.829
305.818
305.782
305.75
305.747
305.784
305.854
305.937
306
306.022
305.999
305.947
305.892
305.854
305.837
305.826
305.947
305.919
305.891
305.874
305.871
305.867
305.861
305.86
305.867
305.876
305.882
305.878
305.86
305.849
305.86
305.902
305.965
306.029
306.07
306.072
306.038
305.986
305.941
305.918
305.913
305.907
306.03
306.007
305.984
305.969
305.961
305.953
305.944
305.938
305.937
305.939
305.94
305.94
305.94
305.95
305.978
306.023
306.075
306.116
306.13
306.112
306.071
306.026
305.995
305.985
305.99
305.991
)
;
        refGradient     uniform 0;
        valueFraction   nonuniform List<scalar> 
962
(
0.52519
0.52519
0.52519
0.52519
0.52519
0.52519
0.52519
0.52519
0.52519
0.52519
0.52519
0.52519
0.52519
0.52519
0.52519
0.52519
0.52519
0.52519
0.52519
0.52519
0.52519
0.52519
0.52519
0.52519
0.52519
0.52519
0.52519
0.52519
0.52519
0.52519
0.52519
0.52519
0.52519
0.52519
0.52519
0.52519
0.52519
0.52519
0.52519
0.52519
0.52519
0.52519
0.52519
0.52519
0.52519
0.52519
0.52519
0.52519
0.52519
0.52519
0.52519
0.52519
0.52519
0.52519
0.52519
0.52519
0.52519
0.52519
0.52519
0.52519
0.52519
0.52519
0.52519
0.52519
0.52519
0.52519
0.52519
0.52519
0.52519
0.52519
0.52519
0.52519
0.52519
0.52519
0.52519
0.52519
0.52519
0.52519
0.52519
0.52519
0.52519
0.52519
0.52519
0.52519
0.52519
0.52519
0.52519
0.52519
0.52519
0.52519
0.52519
0.52519
0.52519
0.52519
0.52519
0.52519
0.52519
0.52519
0.52519
0.52519
0.52519
0.52519
0.52519
0.52519
0.52519
0.52519
0.52519
0.52519
0.52519
0.52519
0.52519
0.52519
0.52519
0.52519
0.52519
0.52519
0.52519
0.52519
0.52519
0.52519
0.52519
0.52519
0.52519
0.52519
0.52519
0.52519
0.52519
0.52519
0.52519
0.52519
0.52519
0.52519
0.52519
0.52519
0.52519
0.52519
0.52519
0.52519
0.52519
0.52519
0.52519
0.52519
0.52519
0.52519
0.52519
0.52519
0.52519
0.52519
0.52519
0.52519
0.52519
0.52519
0.52519
0.52519
0.52519
0.52519
0.52519
0.52519
0.52519
0.52519
0.52519
0.52519
0.52519
0.52519
0.52519
0.52519
0.52519
0.52519
0.52519
0.52519
0.52519
0.52519
0.52519
0.52519
0.52519
0.52519
0.52519
0.52519
0.52519
0.52519
0.52519
0.52519
0.52519
0.52519
0.52519
0.52519
0.52519
0.52519
0.52519
0.52519
0.52519
0.52519
0.52519
0.52519
0.52519
0.52519
0.52519
0.52519
0.52519
0.52519
0.52519
0.52519
0.52519
0.52519
0.52519
0.52519
0.52519
0.52519
0.52519
0.52519
0.52519
0.52519
0.52519
0.52519
0.52519
0.52519
0.52519
0.52519
0.52519
0.52519
0.52519
0.52519
0.52519
0.52519
0.52519
0.52519
0.52519
0.52519
0.52519
0.52519
0.52519
0.52519
0.52519
0.52519
0.52519
0.52519
0.52519
0.52519
0.52519
0.52519
0.52519
0.52519
0.52519
0.52519
0.52519
0.52519
0.52519
0.52519
0.52519
0.52519
0.52519
0.52519
0.52519
0.52519
0.52519
0.52519
0.52519
0.52519
0.52519
0.52519
0.52519
0.52519
0.52519
0.52519
0.52519
0.52519
0.52519
0.52519
0.52519
0.52519
0.52519
0.52519
0.52519
0.52519
0.52519
0.52519
0.52519
0.52519
0.52519
0.52519
0.52519
0.52519
0.52519
0.52519
0.52519
0.52519
0.52519
0.52519
0.52519
0.52519
0.52519
0.52519
0.52519
0.52519
0.52519
0.52519
0.52519
0.52519
0.52519
0.52519
0.52519
0.52519
0.52519
0.52519
0.52519
0.52519
0.52519
0.52519
0.52519
0.52519
0.52519
0.52519
0.52519
0.52519
0.52519
0.52519
0.52519
0.52519
0.52519
0.52519
0.52519
0.52519
0.52519
0.52519
0.52519
0.52519
0.52519
0.52519
0.52519
0.52519
0.52519
0.52519
0.52519
0.52519
0.52519
0.52519
0.52519
0.52519
0.52519
0.52519
0.52519
0.52519
0.52519
0.52519
0.52519
0.52519
0.52519
0.52519
0.52519
0.52519
0.52519
0.52519
0.52519
0.52519
0.52519
0.52519
0.52519
0.52519
0.52519
0.52519
0.52519
0.52519
0.52519
0.52519
0.52519
0.52519
0.52519
0.52519
0.52519
0.52519
0.52519
0.52519
0.52519
0.52519
0.52519
0.52519
0.52519
0.52519
0.52519
0.52519
0.52519
0.52519
0.52519
0.52519
0.52519
0.52519
0.52519
0.52519
0.52519
0.52519
0.52519
0.52519
0.52519
0.52519
0.52519
0.52519
0.52519
0.52519
0.52519
0.52519
0.52519
0.52519
0.52519
0.52519
0.52519
0.52519
0.52519
0.52519
0.52519
0.52519
0.52519
0.52519
0.52519
0.52519
0.52519
0.52519
0.52519
0.52519
0.52519
0.52519
0.52519
0.52519
0.52519
0.52519
0.52519
0.52519
0.52519
0.52519
0.52519
0.52519
0.52519
0.52519
0.52519
0.52519
0.52519
0.52519
0.52519
0.52519
0.52519
0.52519
0.52519
0.52519
0.52519
0.52519
0.52519
0.52519
0.52519
0.52519
0.52519
0.52519
0.52519
0.52519
0.52519
0.52519
0.52519
0.52519
0.52519
0.52519
0.52519
0.52519
0.52519
0.52519
0.52519
0.52519
0.52519
0.52519
0.52519
0.52519
0.52519
0.52519
0.52519
0.52519
0.52519
0.52519
0.52519
0.52519
0.52519
0.52519
0.52519
0.52519
0.52519
0.52519
0.52519
0.52519
0.52519
0.52519
0.52519
0.52519
0.52519
0.52519
0.52519
0.52519
0.52519
0.52519
0.52519
0.52519
0.52519
0.52519
0.52519
0.52519
0.52519
0.52519
0.52519
0.52519
0.52519
0.52519
0.52519
0.52519
0.52519
0.52519
0.52519
0.52519
0.52519
0.52519
0.52519
0.52519
0.52519
0.52519
0.52519
0.52519
0.52519
0.52519
0.52519
0.52519
0.52519
0.52519
0.52519
0.52519
0.52519
0.52519
0.52519
0.52519
0.52519
0.52519
0.52519
0.52519
0.52519
0.52519
0.52519
0.52519
0.52519
0.52519
0.52519
0.52519
0.52519
0.52519
0.52519
0.52519
0.52519
0.52519
0.52519
0.52519
0.52519
0.52519
0.52519
0.52519
0.52519
0.52519
0.52519
0.52519
0.52519
0.52519
0.52519
0.52519
0.52519
0.52519
0.52519
0.52519
0.52519
0.52519
0.52519
0.52519
0.52519
0.52519
0.52519
0.52519
0.52519
0.52519
0.52519
0.52519
0.52519
0.52519
0.52519
0.52519
0.52519
0.52519
0.52519
0.52519
0.52519
0.52519
0.52519
0.52519
0.52519
0.52519
0.52519
0.52519
0.52519
0.52519
0.52519
0.52519
0.52519
0.52519
0.52519
0.52519
0.52519
0.52519
0.52519
0.52519
0.52519
0.52519
0.52519
0.52519
0.52519
0.52519
0.52519
0.52519
0.52519
0.52519
0.52519
0.52519
0.52519
0.52519
0.52519
0.52519
0.52519
0.52519
0.52519
0.52519
0.52519
0.52519
0.52519
0.52519
0.52519
0.52519
0.52519
0.52519
0.52519
0.52519
0.52519
0.52519
0.52519
0.52519
0.52519
0.52519
0.52519
0.52519
0.52519
0.52519
0.52519
0.52519
0.52519
0.52519
0.52519
0.52519
0.52519
0.52519
0.52519
0.52519
0.52519
0.52519
0.52519
0.52519
0.52519
0.52519
0.52519
0.52519
0.52519
0.52519
0.52519
0.52519
0.52519
0.52519
0.52519
0.52519
0.52519
0.52519
0.52519
0.52519
0.52519
0.52519
0.52519
0.52519
0.52519
0.52519
0.52519
0.52519
0.52519
0.52519
0.52519
0.52519
0.52519
0.52519
0.52519
0.52519
0.52519
0.52519
0.52519
0.52519
0.52519
0.52519
0.52519
0.52519
0.52519
0.52519
0.52519
0.52519
0.52519
0.52519
0.52519
0.52519
0.52519
0.52519
0.52519
0.52519
0.52519
0.52519
0.52519
0.52519
0.52519
0.52519
0.52519
0.52519
0.52519
0.52519
0.52519
0.52519
0.52519
0.52519
0.52519
0.52519
0.52519
0.52519
0.52519
0.52519
0.52519
0.52519
0.52519
0.52519
0.52519
0.52519
0.52519
0.52519
0.52519
0.52519
0.52519
0.52519
0.52519
0.52519
0.52519
0.52519
0.52519
0.52519
0.52519
0.52519
0.52519
0.52519
0.52519
0.52519
0.52519
0.52519
0.52519
0.52519
0.52519
0.52519
0.52519
0.52519
0.52519
0.52519
0.52519
0.52519
0.52519
0.52519
0.52519
0.52519
0.52519
0.52519
0.52519
0.52519
0.52519
0.52519
0.52519
0.52519
0.52519
0.52519
0.52519
0.52519
0.52519
0.52519
0.52519
0.52519
0.52519
0.52519
0.52519
0.52519
0.52519
0.52519
0.52519
0.52519
0.52519
0.52519
0.52519
0.52519
0.52519
0.52519
0.52519
0.52519
0.52519
0.52519
0.52519
0.52519
0.52519
0.52519
0.52519
0.52519
0.52519
0.52519
0.52519
0.52519
0.52519
0.52519
0.52519
0.52519
0.52519
0.52519
0.52519
0.52519
0.52519
0.52519
0.52519
0.52519
0.52519
0.52519
0.52519
0.52519
0.52519
0.52519
0.52519
0.52519
0.52519
0.52519
0.52519
0.52519
0.52519
0.52519
0.52519
0.52519
0.52519
0.52519
0.52519
0.52519
0.52519
0.52519
0.52519
0.52519
0.52519
0.52519
0.52519
0.52519
0.52519
0.52519
0.52519
0.52519
0.52519
0.52519
0.52519
0.52519
0.52519
0.52519
0.52519
0.52519
0.52519
0.52519
0.52519
0.52519
0.52519
0.52519
0.52519
0.52519
0.52519
0.52519
0.52519
0.52519
0.52519
0.52519
0.52519
0.52519
0.52519
0.52519
0.52519
0.52519
0.52519
0.52519
0.52519
0.52519
0.52519
0.52519
0.52519
0.52519
0.52519
0.52519
0.52519
0.52519
0.52519
0.52519
0.52519
0.52519
0.52519
0.52519
0.52519
0.52519
0.52519
0.52519
0.52519
0.52519
0.52519
0.52519
0.52519
0.52519
0.52519
0.52519
0.52519
0.52519
0.52519
0.52519
0.52519
0.52519
0.52519
0.52519
0.52519
0.52519
0.52519
0.52519
0.52519
0.52519
0.52519
0.52519
0.52519
0.52519
0.52519
0.52519
0.52519
0.52519
0.52519
0.52519
0.52519
0.52519
0.52519
0.52519
0.52519
0.52519
0.52519
0.52519
0.52519
0.52519
0.52519
0.52519
0.52519
0.52519
0.52519
0.52519
0.52519
0.52519
)
;
        value           nonuniform List<scalar> 
962
(
307.28
307.52
307.88
308.201
308.696
308.686
301.883
301.889
302.151
302.484
308.407
308.389
307.952
307.662
307.319
307.101
306.982
306.908
306.827
306.707
306.544
306.363
306.202
306.086
306.028
306.016
307.435
307.775
308.278
308.623
309.327
309.603
303.26
303.066
303.035
303.131
309.236
308.934
308.199
307.77
307.237
306.922
306.799
306.765
306.728
306.64
306.498
306.331
306.177
306.059
305.991
305.966
307.52
307.946
308.612
309.083
310.301
310.799
304.485
304.144
304.081
304.262
310.504
309.945
308.54
307.881
307.127
306.708
306.571
306.56
306.553
306.499
306.397
306.271
306.148
306.042
305.966
305.928
307.548
308
308.794
309.488
311.14
311.639
306.353
305.918
305.857
306.165
311.883
311.341
308.998
307.99
307.026
306.512
306.349
306.332
306.331
306.303
306.253
306.192
306.123
306.046
305.972
305.92
307.685
308.121
308.942
309.345
301.383
301.202
300.944
300.908
300.901
300.923
301.176
301.177
308.281
307.722
306.834
306.363
306.214
306.185
306.167
306.145
306.133
306.131
306.119
306.079
306.015
305.953
307.967
308.354
309.141
309.477
301.035
300.815
300.835
300.839
300.838
300.83
300.785
300.802
308.195
307.674
306.886
306.481
306.33
306.261
306.2
306.154
306.141
306.152
306.158
306.135
306.079
306.01
308.175
308.502
309.23
309.525
301.05
300.83
300.861
300.867
300.866
300.857
300.8
300.818
308.225
307.701
306.993
306.645
306.511
306.438
306.376
306.318
306.282
306.263
306.241
306.201
306.14
306.068
308.153
308.481
309.222
309.553
301.051
300.834
300.865
300.872
300.871
300.862
300.804
300.824
308.24
307.687
307.013
306.72
306.623
306.578
306.548
306.51
306.467
306.416
306.352
306.275
306.196
306.121
307.97
308.316
309.092
309.535
301.049
300.833
300.865
300.871
300.871
300.862
300.803
300.817
308.204
307.587
306.929
306.685
306.636
306.64
306.66
306.661
306.633
306.576
306.491
306.389
306.295
306.22
307.712
308.014
308.77
309.396
301.029
300.824
300.856
300.863
300.862
300.853
300.792
300.786
308.043
307.327
306.714
306.541
306.553
306.612
306.68
306.717
306.718
306.679
306.606
306.51
306.421
306.356
307.41
307.588
308.2
309.01
300.93
300.752
300.786
300.791
300.789
300.778
300.713
300.678
307.675
306.887
306.413
306.366
306.44
306.527
306.612
306.679
306.71
306.702
306.666
306.613
306.565
306.528
307.182
307.22
307.49
308.103
300.502
300.333
300.339
300.309
300.29
300.267
300.191
300.158
306.99
306.478
306.284
306.314
306.369
306.439
306.531
306.624
306.686
306.71
306.722
306.744
306.783
306.798
307.008
307.015
306.963
306.714
300.253
299.672
299.135
298.537
298.372
298.3
298.26
298.547
305.951
306.286
306.331
306.339
306.337
306.369
306.456
306.571
306.665
306.724
306.789
306.908
307.086
307.191
306.882
306.889
306.828
306.48
299.747
299.379
299.244
299.111
298.983
298.858
298.74
298.95
305.959
306.314
306.317
306.29
306.268
306.29
306.378
306.505
306.622
306.71
306.826
307.061
307.435
307.697
306.768
306.745
306.638
306.209
299.048
298.741
298.731
298.68
298.577
298.441
298.309
298.55
305.838
306.229
306.238
306.212
306.186
306.198
306.273
306.393
306.512
306.618
306.784
307.141
307.759
308.267
306.612
306.583
306.465
305.995
298.515
298.19
298.241
298.272
298.235
298.136
298.033
298.312
305.705
306.107
306.125
306.11
306.087
306.09
306.143
306.238
306.347
306.461
306.659
307.105
307.933
308.758
306.416
306.404
306.314
305.891
298.942
298.602
298.641
298.688
298.682
298.62
298.554
298.835
305.649
306.012
306.029
306.018
305.995
305.987
306.019
306.097
306.204
306.337
306.563
307.054
308.018
309.043
306.247
306.263
306.22
305.916
300.575
300.277
300.27
300.287
300.288
300.261
300.235
300.463
305.707
305.975
305.981
305.97
305.951
305.943
305.968
306.034
306.132
306.253
306.454
306.898
307.831
308.838
306.153
306.19
306.185
306.014
302.809
302.6
302.556
302.539
302.537
302.537
302.539
302.683
305.83
305.986
305.988
305.987
305.987
305.996
306.024
306.082
306.163
306.263
306.418
306.743
307.459
308.232
306.132
306.177
306.194
306.13
304.785
304.664
304.601
304.56
304.552
304.566
304.585
304.65
305.962
306.027
306.034
306.051
306.076
306.103
306.134
306.174
306.23
306.314
306.448
306.659
307.023
307.262
306.151
306.197
306.227
306.232
306.013
305.955
305.886
305.828
305.807
305.823
305.849
305.871
306.08
306.097
306.115
306.15
306.191
306.225
306.246
306.26
306.287
306.354
306.479
306.633
306.741
306.37
306.184
306.226
306.264
306.306
306.517
306.493
306.424
306.352
306.315
306.321
306.348
306.359
306.169
306.177
306.206
306.249
306.29
306.315
306.318
306.315
306.34
306.42
306.555
306.694
306.783
306.404
306.221
306.256
306.297
306.352
306.593
306.584
306.52
306.443
306.39
306.378
306.397
306.412
306.222
306.239
306.272
306.309
306.339
306.346
306.332
306.322
306.357
306.459
306.6
306.711
306.734
306.285
306.264
306.287
306.323
306.378
306.524
306.525
306.477
306.405
306.343
306.311
306.314
306.33
306.253
306.28
306.308
306.331
306.342
306.331
306.307
306.301
306.353
306.476
306.628
306.73
306.727
306.278
306.31
306.32
306.342
306.386
306.454
306.468
306.442
306.389
306.327
306.278
306.26
306.267
306.272
306.302
306.323
306.332
306.325
306.303
306.28
306.286
306.354
306.487
306.633
306.72
306.698
306.302
306.358
306.354
306.357
306.384
306.415
306.443
306.445
306.418
306.367
306.309
306.269
306.258
306.286
306.313
306.331
306.334
306.319
306.295
306.281
306.302
306.379
306.501
306.621
306.68
306.643
306.343
306.407
306.389
306.369
306.376
306.398
306.439
306.467
306.469
306.435
306.376
306.32
306.287
306.301
306.322
306.342
306.348
306.338
306.321
306.319
306.352
306.427
306.525
306.606
306.632
306.586
306.391
306.453
306.422
306.383
306.37
306.39
306.44
306.489
306.515
306.502
306.452
306.388
306.336
306.324
306.334
306.357
306.373
306.373
306.37
306.382
306.424
306.491
306.562
306.607
306.606
306.555
306.439
306.497
306.457
306.402
306.374
306.392
306.445
306.505
306.549
306.556
306.521
306.46
306.396
306.36
306.354
306.374
306.399
306.415
306.43
306.458
306.507
306.566
306.614
306.632
306.61
306.555
306.482
306.543
306.496
306.433
306.396
306.411
306.461
306.521
306.574
306.597
306.581
306.532
306.465
306.41
306.385
306.397
306.427
306.461
306.497
306.543
306.598
306.648
306.676
306.671
306.634
306.575
306.519
306.594
306.543
306.479
306.439
306.451
306.493
306.545
306.598
306.632
306.634
306.602
306.541
306.475
306.433
306.432
306.464
306.513
306.573
306.636
306.693
306.731
306.738
306.713
306.663
306.603
306.556
306.65
306.599
306.539
306.502
306.511
306.542
306.581
306.626
306.664
306.68
306.665
306.617
306.549
306.496
306.484
306.515
306.577
306.656
306.732
306.788
306.809
306.794
306.75
306.692
306.637
306.598
306.711
306.662
306.61
306.578
306.583
306.603
306.628
306.661
306.696
306.72
306.719
306.685
306.624
306.569
306.551
306.581
306.652
306.742
306.824
306.872
306.876
306.84
306.782
306.723
306.679
306.649
306.773
306.729
306.684
306.659
306.661
306.67
306.681
306.702
306.73
306.755
306.763
306.742
306.693
306.646
306.631
306.662
306.735
306.826
306.904
306.939
306.926
306.876
306.813
306.76
306.728
306.708
306.836
306.798
306.762
306.742
306.74
306.742
306.743
306.753
306.772
306.792
306.802
306.792
306.759
306.727
306.722
306.756
306.826
306.909
306.971
306.99
306.962
306.905
306.845
306.805
306.786
306.775
306.908
306.876
306.848
306.831
306.826
306.822
306.817
306.819
306.828
306.841
306.848
306.844
306.83
306.818
306.828
306.868
306.93
306.994
307.033
307.031
306.992
306.936
306.887
306.861
306.855
306.85
306.987
306.962
306.938
306.924
306.915
306.907
306.9
306.896
306.897
306.901
306.904
306.905
306.906
306.917
306.944
306.989
307.039
307.079
307.09
307.067
307.021
306.971
306.937
306.926
306.93
306.931
)
;
        Tnbr            T;
        qrNbr           none;
        qr              none;
        thermalInertia  false;
        thicknessLayers List<scalar> 0();
        kappaLayers     List<scalar> 0();
        kappaMethod     solidThermo;
        kappa           none;
        alphaAni        none;
        alpha           none;
    }
}


// ************************************************************************* //
