/*--------------------------------*- C++ -*----------------------------------*\
| =========                 |                                                 |
| \\      /  F ield         | OpenFOAM: The Open Source CFD Toolbox           |
|  \\    /   O peration     | Version:  v2012                                 |
|   \\  /    A nd           | Website:  www.openfoam.com                      |
|    \\/     M anipulation  |                                                 |
\*---------------------------------------------------------------------------*/
FoamFile
{
    version     2.0;
    format      ascii;
    class       volScalarField;
    location    "150/asphalt";
    object      T;
}
// * * * * * * * * * * * * * * * * * * * * * * * * * * * * * * * * * * * * * //

dimensions      [0 0 0 1 0 0 0];


internalField   nonuniform List<scalar> 
1980
(
320.507
320.858
321.177
321.392
321.509
321.56
321.596
321.656
321.746
321.858
321.974
322.084
322.184
322.274
322.356
322.431
322.501
322.564
322.623
322.676
322.725
322.771
322.813
322.853
322.892
322.93
322.967
323.004
323.042
323.081
323.118
323.152
323.172
323.2
323.228
323.255
323.281
323.306
323.333
323.359
323.385
323.41
323.436
323.46
323.487
323.512
323.536
323.559
323.579
323.597
323.612
323.625
323.637
323.649
323.659
323.668
323.677
323.688
323.711
323.72
323.724
323.726
323.726
323.726
323.724
323.721
323.72
323.718
323.717
323.715
323.713
323.711
323.708
323.705
323.701
323.696
323.691
323.686
323.687
323.702
323.743
323.823
323.949
324.116
324.302
324.478
324.615
324.708
324.793
324.999
320.645
321.003
321.332
321.56
321.694
321.772
321.842
321.933
322.048
322.173
322.296
322.41
322.512
322.604
322.688
322.765
322.836
322.901
322.961
323.016
323.067
323.114
323.158
323.2
323.241
323.281
323.32
323.36
323.399
323.439
323.477
323.513
323.545
323.575
323.604
323.633
323.661
323.689
323.716
323.743
323.77
323.796
323.822
323.847
323.872
323.897
323.921
323.944
323.966
323.985
324.002
324.016
324.029
324.041
324.051
324.06
324.068
324.076
324.083
324.088
324.091
324.092
324.093
324.093
324.091
324.089
324.086
324.085
324.083
324.082
324.081
324.079
324.076
324.074
324.07
324.065
324.06
324.055
324.052
324.058
324.084
324.143
324.242
324.381
324.544
324.703
324.829
324.913
324.993
325.201
320.789
321.155
321.492
321.732
321.889
322.001
322.109
322.233
322.371
322.508
322.637
322.752
322.856
322.95
323.036
323.115
323.188
323.255
323.317
323.374
323.426
323.475
323.521
323.566
323.609
323.651
323.692
323.733
323.774
323.814
323.852
323.888
323.921
323.953
323.983
324.012
324.042
324.072
324.1
324.128
324.155
324.182
324.209
324.235
324.26
324.285
324.309
324.332
324.354
324.374
324.392
324.408
324.422
324.435
324.445
324.454
324.462
324.468
324.473
324.477
324.479
324.48
324.481
324.48
324.478
324.476
324.474
324.472
324.471
324.469
324.468
324.467
324.465
324.462
324.459
324.455
324.451
324.445
324.44
324.44
324.453
324.489
324.558
324.665
324.799
324.938
325.052
325.129
325.206
325.416
320.934
321.305
321.65
321.905
322.089
322.239
322.387
322.542
322.697
322.842
322.974
323.091
323.197
323.293
323.381
323.462
323.537
323.606
323.67
323.728
323.783
323.834
323.882
323.929
323.974
324.018
324.061
324.103
324.145
324.185
324.224
324.259
324.293
324.325
324.356
324.387
324.418
324.449
324.478
324.507
324.535
324.563
324.59
324.617
324.642
324.667
324.692
324.715
324.738
324.759
324.778
324.795
324.81
324.823
324.834
324.843
324.851
324.857
324.861
324.864
324.866
324.866
324.867
324.866
324.864
324.862
324.86
324.858
324.856
324.855
324.854
324.852
324.85
324.848
324.846
324.842
324.838
324.834
324.828
324.824
324.826
324.843
324.883
324.955
325.056
325.171
325.271
325.342
325.417
325.63
321.071
321.447
321.799
322.071
322.286
322.474
322.656
322.833
322.999
323.148
323.281
323.4
323.508
323.606
323.697
323.78
323.857
323.928
323.993
324.054
324.11
324.163
324.214
324.263
324.31
324.355
324.4
324.443
324.485
324.526
324.564
324.6
324.634
324.668
324.7
324.732
324.764
324.795
324.826
324.855
324.885
324.913
324.941
324.969
324.995
325.02
325.045
325.069
325.092
325.114
325.133
325.152
325.167
325.181
325.193
325.202
325.21
325.216
325.221
325.223
325.225
325.225
325.225
325.224
325.222
325.22
325.218
325.216
325.214
325.213
325.211
325.21
325.208
325.206
325.204
325.201
325.198
325.194
325.189
325.184
325.18
325.182
325.199
325.239
325.306
325.392
325.474
325.539
325.612
325.829
321.189
321.57
321.931
322.222
322.467
322.688
322.893
323.082
323.252
323.402
323.536
323.657
323.767
323.867
323.96
324.045
324.124
324.196
324.263
324.326
324.384
324.44
324.492
324.543
324.592
324.639
324.684
324.729
324.771
324.812
324.851
324.887
324.922
324.957
324.99
325.024
325.057
325.089
325.12
325.151
325.181
325.211
325.24
325.268
325.295
325.321
325.347
325.371
325.394
325.416
325.437
325.456
325.473
325.488
325.5
325.511
325.519
325.526
325.53
325.533
325.535
325.535
325.535
325.533
325.532
325.53
325.528
325.526
325.524
325.522
325.52
325.519
325.517
325.515
325.513
325.51
325.507
325.504
325.5
325.495
325.49
325.485
325.487
325.502
325.538
325.594
325.656
325.711
325.782
326.004
321.282
321.669
322.041
322.351
322.62
322.86
323.076
323.269
323.439
323.591
323.726
323.849
323.961
324.064
324.158
324.245
324.325
324.399
324.468
324.532
324.593
324.65
324.704
324.756
324.807
324.855
324.901
324.946
324.99
325.031
325.07
325.107
325.144
325.179
325.214
325.249
325.283
325.316
325.348
325.38
325.411
325.442
325.472
325.502
325.53
325.557
325.583
325.608
325.632
325.655
325.677
325.697
325.715
325.731
325.745
325.757
325.766
325.774
325.779
325.782
325.784
325.785
325.785
325.784
325.782
325.78
325.778
325.776
325.774
325.772
325.771
325.769
325.767
325.765
325.763
325.76
325.757
325.754
325.751
325.747
325.743
325.737
325.732
325.734
325.748
325.777
325.815
325.856
325.925
326.151
321.347
321.74
322.123
322.448
322.731
322.98
323.199
323.392
323.564
323.716
323.854
323.979
324.092
324.197
324.292
324.381
324.462
324.538
324.608
324.674
324.736
324.795
324.851
324.904
324.955
325.005
325.052
325.098
325.141
325.183
325.223
325.261
325.299
325.336
325.372
325.408
325.442
325.477
325.51
325.543
325.576
325.608
325.64
325.67
325.7
325.728
325.755
325.781
325.806
325.83
325.853
325.874
325.894
325.911
325.927
325.941
325.952
325.962
325.969
325.974
325.978
325.98
325.98
325.98
325.979
325.978
325.976
325.975
325.973
325.971
325.969
325.967
325.966
325.964
325.961
325.959
325.956
325.953
325.95
325.947
325.944
325.939
325.934
325.931
325.933
325.944
325.962
325.989
326.054
326.286
321.386
321.785
322.177
322.51
322.799
323.051
323.271
323.466
323.638
323.793
323.932
324.058
324.173
324.279
324.376
324.465
324.548
324.625
324.697
324.764
324.827
324.887
324.945
324.999
325.051
325.101
325.149
325.195
325.239
325.282
325.323
325.362
325.401
325.439
325.476
325.513
325.548
325.584
325.618
325.652
325.686
325.72
325.752
325.784
325.815
325.844
325.873
325.9
325.927
325.952
325.976
325.999
326.02
326.039
326.057
326.072
326.085
326.097
326.106
326.114
326.12
326.124
326.128
326.13
326.131
326.131
326.131
326.131
326.13
326.13
326.129
326.128
326.127
326.126
326.124
326.122
326.121
326.119
326.117
326.115
326.113
326.11
326.107
326.105
326.103
326.106
326.113
326.129
326.189
326.428
321.408
321.812
322.209
322.548
322.84
323.094
323.317
323.513
323.688
323.845
323.986
324.114
324.231
324.338
324.437
324.528
324.613
324.691
324.765
324.834
324.899
324.961
325.019
325.075
325.129
325.18
325.229
325.276
325.321
325.365
325.407
325.448
325.489
325.528
325.567
325.604
325.641
325.678
325.714
325.749
325.785
325.819
325.854
325.887
325.919
325.95
325.98
326.009
326.037
326.064
326.09
326.115
326.138
326.159
326.179
326.196
326.211
326.225
326.237
326.246
326.255
326.262
326.267
326.271
326.275
326.277
326.279
326.281
326.283
326.284
326.285
326.286
326.286
326.287
326.287
326.287
326.287
326.287
326.287
326.286
326.286
326.285
326.285
326.284
326.284
326.285
326.288
326.301
326.36
326.603
321.428
321.84
322.246
322.593
322.893
323.154
323.383
323.586
323.767
323.929
324.076
324.21
324.332
324.444
324.548
324.644
324.733
324.816
324.894
324.968
325.037
325.103
325.166
325.225
325.283
325.337
325.39
325.44
325.489
325.537
325.583
325.627
325.671
325.714
325.756
325.797
325.838
325.878
325.917
325.956
325.994
326.032
326.07
326.106
326.142
326.176
326.209
326.24
326.271
326.301
326.329
326.357
326.383
326.407
326.429
326.449
326.466
326.482
326.496
326.507
326.518
326.526
326.533
326.539
326.544
326.548
326.552
326.555
326.558
326.56
326.562
326.564
326.566
326.567
326.569
326.57
326.571
326.572
326.573
326.574
326.574
326.574
326.574
326.574
326.574
326.575
326.578
326.588
326.64
326.854
321.848
322.26
322.637
322.911
323.077
323.16
323.213
323.281
323.381
323.504
323.633
323.755
323.867
323.968
324.059
324.143
324.22
324.291
324.356
324.416
324.471
324.522
324.569
324.614
324.658
324.7
324.742
324.783
324.825
324.868
324.91
324.948
324.977
325.009
325.041
325.071
325.1
325.129
325.159
325.189
325.219
325.248
325.277
325.306
325.337
325.368
325.396
325.423
325.449
325.472
325.492
325.511
325.529
325.546
325.562
325.576
325.589
325.603
325.623
325.634
325.64
325.644
325.646
325.647
325.645
325.643
325.641
325.639
325.636
325.633
325.631
325.627
325.624
325.62
325.616
325.61
325.604
325.599
325.599
325.616
325.664
325.754
325.891
326.062
326.241
326.395
326.502
326.568
326.638
326.866
321.988
322.406
322.792
323.076
323.258
323.369
323.457
323.561
323.687
323.826
323.963
324.089
324.202
324.305
324.398
324.483
324.562
324.635
324.702
324.764
324.82
324.873
324.922
324.969
325.015
325.059
325.103
325.146
325.19
325.234
325.277
325.316
325.352
325.386
325.419
325.451
325.482
325.513
325.544
325.575
325.605
325.636
325.666
325.695
325.725
325.755
325.783
325.811
325.838
325.863
325.885
325.906
325.925
325.943
325.958
325.972
325.984
325.995
326.004
326.011
326.016
326.02
326.023
326.023
326.022
326.02
326.017
326.015
326.013
326.01
326.008
326.005
326.001
325.998
325.994
325.989
325.983
325.977
325.973
325.98
326.01
326.075
326.182
326.323
326.478
326.616
326.714
326.773
326.84
327.071
322.132
322.556
322.948
323.242
323.445
323.589
323.718
323.858
324.01
324.162
324.304
324.432
324.547
324.651
324.746
324.833
324.914
324.989
325.058
325.121
325.179
325.234
325.285
325.335
325.383
325.429
325.475
325.52
325.565
325.609
325.652
325.692
325.728
325.763
325.797
325.829
325.863
325.896
325.928
325.959
325.991
326.022
326.053
326.083
326.113
326.142
326.171
326.199
326.227
326.253
326.277
326.299
326.32
326.338
326.354
326.368
326.379
326.389
326.396
326.402
326.406
326.409
326.412
326.412
326.411
326.409
326.407
326.404
326.402
326.4
326.397
326.394
326.391
326.388
326.385
326.381
326.376
326.369
326.364
326.363
326.377
326.417
326.49
326.596
326.722
326.842
326.931
326.986
327.05
327.286
322.272
322.702
323.099
323.403
323.63
323.812
323.982
324.154
324.325
324.486
324.63
324.76
324.876
324.982
325.079
325.169
325.252
325.328
325.399
325.464
325.524
325.581
325.635
325.686
325.736
325.785
325.832
325.879
325.925
325.969
326.011
326.051
326.088
326.123
326.158
326.192
326.227
326.261
326.294
326.326
326.359
326.391
326.422
326.454
326.483
326.513
326.542
326.571
326.599
326.626
326.652
326.676
326.697
326.716
326.732
326.746
326.758
326.768
326.775
326.78
326.784
326.786
326.788
326.788
326.787
326.785
326.782
326.78
326.777
326.775
326.773
326.77
326.767
326.764
326.761
326.758
326.753
326.748
326.742
326.737
326.739
326.756
326.797
326.867
326.96
327.058
327.136
327.189
327.253
327.493
322.398
322.832
323.233
323.551
323.805
324.024
324.228
324.423
324.604
324.768
324.913
325.044
325.162
325.27
325.369
325.461
325.545
325.623
325.695
325.762
325.825
325.883
325.94
325.993
326.045
326.095
326.144
326.192
326.238
326.283
326.325
326.364
326.402
326.439
326.474
326.51
326.546
326.58
326.615
326.648
326.681
326.714
326.747
326.779
326.809
326.839
326.869
326.898
326.927
326.955
326.982
327.006
327.029
327.048
327.066
327.08
327.092
327.102
327.109
327.114
327.118
327.119
327.121
327.121
327.119
327.117
327.115
327.113
327.11
327.108
327.105
327.103
327.1
327.097
327.094
327.091
327.087
327.083
327.078
327.071
327.067
327.069
327.084
327.12
327.18
327.252
327.318
327.367
327.432
327.677
322.501
322.939
323.345
323.677
323.957
324.204
324.43
324.636
324.821
324.984
325.13
325.262
325.382
325.492
325.593
325.686
325.773
325.852
325.926
325.994
326.059
326.12
326.178
326.233
326.287
326.338
326.388
326.437
326.483
326.528
326.57
326.61
326.649
326.687
326.724
326.76
326.797
326.833
326.868
326.902
326.936
326.97
327.004
327.037
327.068
327.099
327.13
327.16
327.189
327.218
327.245
327.271
327.294
327.315
327.333
327.349
327.362
327.372
327.38
327.385
327.388
327.39
327.391
327.391
327.39
327.388
327.386
327.383
327.38
327.378
327.375
327.373
327.37
327.367
327.364
327.361
327.358
327.354
327.35
327.345
327.338
327.333
327.333
327.345
327.375
327.421
327.469
327.513
327.579
327.829
322.576
323.017
323.431
323.776
324.074
324.338
324.573
324.781
324.966
325.13
325.277
325.41
325.532
325.644
325.746
325.841
325.928
326.009
326.084
326.154
326.221
326.283
326.343
326.4
326.454
326.507
326.558
326.607
326.654
326.699
326.741
326.782
326.822
326.861
326.899
326.937
326.974
327.011
327.047
327.083
327.118
327.153
327.188
327.222
327.255
327.287
327.318
327.349
327.38
327.409
327.437
327.464
327.488
327.511
327.53
327.548
327.562
327.574
327.583
327.589
327.593
327.595
327.597
327.596
327.595
327.594
327.591
327.589
327.586
327.584
327.581
327.578
327.575
327.572
327.569
327.566
327.563
327.559
327.556
327.552
327.547
327.54
327.534
327.533
327.543
327.566
327.595
327.629
327.694
327.951
322.622
323.068
323.49
323.845
324.152
324.422
324.658
324.866
325.051
325.216
325.365
325.5
325.623
325.736
325.84
325.935
326.024
326.106
326.182
326.254
326.322
326.386
326.446
326.504
326.56
326.613
326.665
326.714
326.761
326.807
326.85
326.892
326.933
326.973
327.012
327.051
327.089
327.127
327.164
327.201
327.238
327.274
327.31
327.345
327.379
327.413
327.446
327.478
327.509
327.54
327.569
327.597
327.622
327.646
327.668
327.687
327.704
327.718
327.73
327.739
327.745
327.749
327.752
327.753
327.752
327.751
327.75
327.748
327.745
327.743
327.74
327.738
327.735
327.732
327.729
327.726
327.722
327.719
327.716
327.713
327.709
327.704
327.698
327.694
327.694
327.701
327.714
327.736
327.798
328.063
322.647
323.097
323.525
323.885
324.196
324.466
324.703
324.912
325.097
325.264
325.414
325.55
325.675
325.788
325.893
325.99
326.079
326.162
326.24
326.313
326.382
326.447
326.509
326.568
326.624
326.678
326.73
326.779
326.827
326.873
326.917
326.96
327.002
327.043
327.083
327.123
327.162
327.2
327.239
327.276
327.314
327.351
327.388
327.425
327.46
327.495
327.53
327.563
327.596
327.628
327.659
327.688
327.715
327.74
327.764
327.784
327.803
327.819
327.833
327.845
327.854
327.862
327.867
327.871
327.874
327.875
327.876
327.876
327.875
327.874
327.873
327.871
327.87
327.868
327.866
327.864
327.861
327.859
327.857
327.855
327.853
327.85
327.847
327.844
327.842
327.843
327.847
327.861
327.921
328.195
322.66
323.113
323.545
323.909
324.222
324.494
324.732
324.943
325.131
325.299
325.451
325.589
325.715
325.83
325.937
326.035
326.126
326.211
326.29
326.365
326.435
326.502
326.565
326.625
326.683
326.738
326.79
326.841
326.89
326.937
326.982
327.026
327.07
327.112
327.154
327.195
327.235
327.275
327.314
327.353
327.392
327.431
327.47
327.507
327.545
327.581
327.617
327.652
327.686
327.72
327.752
327.784
327.813
327.84
327.866
327.889
327.91
327.928
327.945
327.959
327.971
327.981
327.989
327.996
328.001
328.005
328.008
328.011
328.013
328.014
328.016
328.016
328.017
328.017
328.017
328.017
328.017
328.017
328.017
328.017
328.017
328.017
328.016
328.016
328.016
328.017
328.02
328.032
328.093
328.373
322.675
323.138
323.578
323.951
324.272
324.552
324.798
325.015
325.21
325.385
325.543
325.687
325.818
325.94
326.051
326.155
326.251
326.341
326.426
326.505
326.581
326.652
326.72
326.784
326.846
326.905
326.962
327.016
327.069
327.12
327.17
327.218
327.266
327.312
327.358
327.402
327.446
327.49
327.533
327.576
327.619
327.662
327.704
327.745
327.786
327.826
327.865
327.904
327.941
327.978
328.013
328.048
328.08
328.111
328.14
328.166
328.189
328.211
328.23
328.246
328.261
328.273
328.283
328.292
328.299
328.305
328.31
328.314
328.318
328.321
328.323
328.326
328.328
328.329
328.331
328.333
328.334
328.335
328.337
328.338
328.339
328.34
328.34
328.341
328.341
328.343
328.346
328.357
328.411
328.654
)
;

boundaryField
{
    inlet
    {
        type            zeroGradient;
    }
    outlet
    {
        type            zeroGradient;
    }
    side
    {
        type            zeroGradient;
    }
    asphalt_to_soil1
    {
        type            compressible::turbulentTemperatureRadCoupledMixed;
        refValue        nonuniform List<scalar> 
990
(
319.197
319.495
319.762
319.93
320.008
320.036
320.06
320.112
320.194
320.295
320.399
320.498
320.588
320.669
320.742
320.809
320.871
320.928
320.98
321.028
321.072
321.112
321.15
321.186
321.22
321.254
321.288
321.321
321.355
321.39
321.424
321.452
321.465
321.489
321.514
321.538
321.561
321.584
321.607
321.63
321.652
321.674
321.696
321.717
321.739
321.761
321.78
321.798
321.814
321.827
321.838
321.847
321.854
321.861
321.867
321.872
321.878
321.888
321.911
321.919
321.923
321.923
321.922
321.921
321.918
321.916
321.915
321.914
321.913
321.913
321.912
321.911
321.909
321.906
321.902
321.897
321.893
321.889
321.89
321.903
321.938
322.009
322.126
322.287
322.477
322.667
322.826
322.938
323.035
323.224
319.331
319.636
319.914
320.095
320.193
320.247
320.302
320.382
320.486
320.599
320.71
320.812
320.904
320.986
321.062
321.131
321.194
321.253
321.307
321.356
321.401
321.443
321.483
321.52
321.557
321.593
321.628
321.664
321.699
321.735
321.769
321.801
321.829
321.856
321.883
321.908
321.933
321.958
321.982
322.005
322.028
322.051
322.073
322.094
322.116
322.137
322.157
322.175
322.192
322.206
322.218
322.227
322.236
322.242
322.249
322.254
322.259
322.264
322.27
322.273
322.275
322.275
322.275
322.273
322.271
322.269
322.267
322.266
322.266
322.265
322.265
322.264
322.262
322.26
322.256
322.252
322.248
322.243
322.241
322.246
322.269
322.321
322.414
322.549
322.717
322.891
323.036
323.14
323.231
323.42
319.473
319.786
320.074
320.27
320.391
320.477
320.569
320.679
320.803
320.927
321.043
321.147
321.241
321.326
321.403
321.475
321.54
321.601
321.656
321.707
321.754
321.798
321.839
321.879
321.918
321.956
321.993
322.03
322.067
322.103
322.138
322.17
322.2
322.228
322.255
322.282
322.308
322.334
322.359
322.384
322.407
322.431
322.453
322.476
322.497
322.517
322.537
322.556
322.573
322.588
322.601
322.612
322.621
322.628
322.635
322.64
322.644
322.648
322.651
322.653
322.654
322.654
322.654
322.652
322.65
322.648
322.646
322.645
322.644
322.644
322.644
322.643
322.642
322.64
322.637
322.634
322.629
322.624
322.62
322.62
322.631
322.664
322.73
322.836
322.976
323.129
323.261
323.355
323.441
323.631
319.62
319.939
320.237
320.45
320.599
320.723
320.852
320.991
321.131
321.263
321.382
321.489
321.585
321.672
321.752
321.825
321.893
321.955
322.012
322.065
322.114
322.16
322.203
322.245
322.286
322.326
322.365
322.403
322.441
322.477
322.512
322.544
322.575
322.604
322.632
322.66
322.688
322.715
322.741
322.766
322.79
322.814
322.838
322.86
322.882
322.903
322.923
322.942
322.959
322.975
322.988
323
323.01
323.018
323.025
323.03
323.035
323.038
323.041
323.042
323.043
323.042
323.041
323.04
323.038
323.036
323.034
323.032
323.031
323.031
323.031
323.03
323.029
323.028
323.025
323.022
323.019
323.014
323.01
323.006
323.008
323.024
323.063
323.137
323.244
323.371
323.487
323.573
323.655
323.846
319.762
320.088
320.396
320.629
320.811
320.974
321.136
321.297
321.448
321.584
321.705
321.813
321.911
322.001
322.083
322.159
322.228
322.293
322.352
322.406
322.457
322.505
322.551
322.595
322.638
322.679
322.72
322.759
322.797
322.834
322.869
322.902
322.933
322.963
322.992
323.021
323.05
323.078
323.105
323.131
323.156
323.181
323.205
323.229
323.251
323.272
323.292
323.311
323.329
323.345
323.359
323.372
323.382
323.391
323.399
323.404
323.409
323.413
323.415
323.416
323.416
323.415
323.415
323.413
323.411
323.409
323.407
323.405
323.404
323.404
323.403
323.403
323.402
323.401
323.399
323.396
323.393
323.389
323.385
323.38
323.377
323.38
323.398
323.44
323.513
323.609
323.704
323.781
323.86
324.054
319.892
320.223
320.543
320.799
321.014
321.211
321.397
321.569
321.725
321.863
321.986
322.096
322.197
322.289
322.373
322.451
322.523
322.589
322.65
322.706
322.759
322.81
322.858
322.903
322.948
322.991
323.032
323.073
323.112
323.149
323.184
323.217
323.249
323.28
323.311
323.341
323.371
323.4
323.427
323.455
323.481
323.507
323.532
323.556
323.579
323.601
323.622
323.641
323.659
323.675
323.69
323.704
323.715
323.725
323.733
323.74
323.745
323.748
323.751
323.752
323.752
323.751
323.75
323.749
323.747
323.745
323.743
323.741
323.74
323.739
323.738
323.738
323.737
323.736
323.734
323.731
323.729
323.726
323.722
323.718
323.713
323.71
323.713
323.73
323.771
323.835
323.905
323.969
324.045
324.242
319.999
320.338
320.671
320.949
321.192
321.41
321.609
321.786
321.944
322.083
322.208
322.321
322.423
322.517
322.604
322.683
322.757
322.825
322.887
322.946
323.001
323.053
323.103
323.151
323.196
323.241
323.283
323.325
323.364
323.402
323.438
323.472
323.505
323.538
323.57
323.601
323.631
323.661
323.69
323.718
323.746
323.773
323.799
323.824
323.848
323.871
323.892
323.912
323.93
323.947
323.963
323.978
323.991
324.002
324.011
324.018
324.024
324.028
324.031
324.033
324.033
324.033
324.032
324.03
324.029
324.027
324.025
324.023
324.022
324.021
324.02
324.019
324.018
324.017
324.015
324.013
324.01
324.008
324.005
324.001
323.997
323.993
323.989
323.992
324.009
324.043
324.088
324.136
324.207
324.407
320.078
320.424
320.771
321.068
321.327
321.556
321.759
321.938
322.097
322.238
322.365
322.48
322.584
322.68
322.768
322.85
322.925
322.994
323.058
323.119
323.176
323.23
323.281
323.33
323.377
323.422
323.466
323.508
323.548
323.586
323.623
323.659
323.693
323.727
323.76
323.792
323.824
323.855
323.885
323.914
323.943
323.971
323.999
324.025
324.05
324.074
324.096
324.117
324.136
324.154
324.171
324.187
324.202
324.214
324.225
324.234
324.242
324.247
324.252
324.255
324.256
324.256
324.256
324.255
324.254
324.252
324.251
324.25
324.248
324.247
324.246
324.245
324.244
324.243
324.241
324.239
324.237
324.234
324.232
324.229
324.226
324.222
324.218
324.216
324.219
324.233
324.255
324.287
324.352
324.556
320.129
320.481
320.839
321.147
321.415
321.648
321.853
322.033
322.193
322.336
322.465
322.582
322.688
322.785
322.875
322.957
323.034
323.105
323.171
323.233
323.291
323.346
323.399
323.449
323.497
323.543
323.588
323.63
323.671
323.71
323.748
323.785
323.82
323.855
323.889
323.923
323.955
323.987
324.018
324.049
324.079
324.109
324.138
324.165
324.192
324.216
324.239
324.261
324.282
324.302
324.32
324.338
324.354
324.368
324.38
324.391
324.4
324.408
324.414
324.419
324.422
324.425
324.426
324.427
324.427
324.427
324.427
324.426
324.426
324.426
324.425
324.425
324.424
324.423
324.422
324.421
324.42
324.418
324.416
324.415
324.413
324.41
324.408
324.405
324.405
324.408
324.418
324.437
324.496
324.705
320.159
320.517
320.882
321.197
321.468
321.705
321.911
322.094
322.256
322.402
322.533
322.651
322.76
322.859
322.95
323.035
323.113
323.186
323.254
323.317
323.378
323.434
323.489
323.54
323.59
323.637
323.683
323.726
323.768
323.809
323.848
323.886
323.923
323.96
323.995
324.03
324.064
324.097
324.13
324.162
324.193
324.224
324.255
324.284
324.311
324.337
324.362
324.385
324.408
324.429
324.45
324.469
324.487
324.503
324.517
324.53
324.541
324.55
324.558
324.565
324.57
324.575
324.578
324.581
324.583
324.585
324.586
324.587
324.588
324.589
324.59
324.591
324.592
324.593
324.593
324.593
324.593
324.593
324.593
324.592
324.592
324.591
324.59
324.589
324.589
324.59
324.594
324.608
324.665
324.876
320.183
320.548
320.922
321.245
321.523
321.766
321.979
322.167
322.335
322.486
322.622
322.745
322.858
322.962
323.058
323.147
323.229
323.306
323.378
323.446
323.51
323.57
323.628
323.683
323.736
323.786
323.835
323.882
323.927
323.97
324.013
324.054
324.095
324.134
324.173
324.21
324.247
324.283
324.319
324.354
324.389
324.422
324.455
324.487
324.518
324.546
324.573
324.599
324.624
324.647
324.67
324.692
324.712
324.731
324.747
324.762
324.775
324.786
324.796
324.804
324.811
324.817
324.821
324.825
324.829
324.831
324.834
324.836
324.838
324.84
324.842
324.844
324.846
324.847
324.848
324.849
324.85
324.851
324.851
324.851
324.852
324.851
324.851
324.85
324.85
324.85
324.853
324.864
324.914
325.102
)
;
        refGradient     uniform 0;
        valueFraction   nonuniform List<scalar> 
990
(
0.495766
0.495766
0.495766
0.495766
0.495766
0.495766
0.495766
0.495766
0.495766
0.495766
0.495766
0.495766
0.495766
0.495766
0.495766
0.495766
0.495766
0.495766
0.495766
0.495766
0.495766
0.495766
0.495766
0.495766
0.495766
0.495766
0.495766
0.495766
0.495766
0.495766
0.495766
0.495766
0.495766
0.495766
0.495766
0.495766
0.495766
0.495766
0.495766
0.495766
0.495766
0.495766
0.495766
0.495766
0.495766
0.495766
0.495766
0.495766
0.495766
0.495766
0.495766
0.495766
0.495766
0.495766
0.495766
0.495766
0.495766
0.495766
0.495766
0.495766
0.495766
0.495766
0.495766
0.495766
0.495766
0.495766
0.495766
0.495766
0.495766
0.495766
0.495766
0.495766
0.495766
0.495766
0.495766
0.495766
0.495766
0.495766
0.495766
0.495766
0.495766
0.495766
0.495766
0.495766
0.495766
0.495766
0.495766
0.495766
0.495766
0.495766
0.495766
0.495766
0.495766
0.495766
0.495766
0.495766
0.495766
0.495766
0.495766
0.495766
0.495766
0.495766
0.495766
0.495766
0.495766
0.495766
0.495766
0.495766
0.495766
0.495766
0.495766
0.495766
0.495766
0.495766
0.495766
0.495766
0.495766
0.495766
0.495766
0.495766
0.495766
0.495766
0.495766
0.495766
0.495766
0.495766
0.495766
0.495766
0.495766
0.495766
0.495766
0.495766
0.495766
0.495766
0.495766
0.495766
0.495766
0.495766
0.495766
0.495766
0.495766
0.495766
0.495766
0.495766
0.495766
0.495766
0.495766
0.495766
0.495766
0.495766
0.495766
0.495766
0.495766
0.495766
0.495766
0.495766
0.495766
0.495766
0.495766
0.495766
0.495766
0.495766
0.495766
0.495766
0.495766
0.495766
0.495766
0.495766
0.495766
0.495766
0.495766
0.495766
0.495766
0.495766
0.495766
0.495766
0.495766
0.495766
0.495766
0.495766
0.495766
0.495766
0.495766
0.495766
0.495766
0.495766
0.495766
0.495766
0.495766
0.495766
0.495766
0.495766
0.495766
0.495766
0.495766
0.495766
0.495766
0.495766
0.495766
0.495766
0.495766
0.495766
0.495766
0.495766
0.495766
0.495766
0.495766
0.495766
0.495766
0.495766
0.495766
0.495766
0.495766
0.495766
0.495766
0.495766
0.495766
0.495766
0.495766
0.495766
0.495766
0.495766
0.495766
0.495766
0.495766
0.495766
0.495766
0.495766
0.495766
0.495766
0.495766
0.495766
0.495766
0.495766
0.495766
0.495766
0.495766
0.495766
0.495766
0.495766
0.495766
0.495766
0.495766
0.495766
0.495766
0.495766
0.495766
0.495766
0.495766
0.495766
0.495766
0.495766
0.495766
0.495766
0.495766
0.495766
0.495766
0.495766
0.495766
0.495766
0.495766
0.495766
0.495766
0.495766
0.495766
0.495766
0.495766
0.495766
0.495766
0.495766
0.495766
0.495766
0.495766
0.495766
0.495766
0.495766
0.495766
0.495766
0.495766
0.495766
0.495766
0.495766
0.495766
0.495766
0.495766
0.495766
0.495766
0.495766
0.495766
0.495766
0.495766
0.495766
0.495766
0.495766
0.495766
0.495766
0.495766
0.495766
0.495766
0.495766
0.495766
0.495766
0.495766
0.495766
0.495766
0.495766
0.495766
0.495766
0.495766
0.495766
0.495766
0.495766
0.495766
0.495766
0.495766
0.495766
0.495766
0.495766
0.495766
0.495766
0.495766
0.495766
0.495766
0.495766
0.495766
0.495766
0.495766
0.495766
0.495766
0.495766
0.495766
0.495766
0.495766
0.495766
0.495766
0.495766
0.495766
0.495766
0.495766
0.495766
0.495766
0.495766
0.495766
0.495766
0.495766
0.495766
0.495766
0.495766
0.495766
0.495766
0.495766
0.495766
0.495766
0.495766
0.495766
0.495766
0.495766
0.495766
0.495766
0.495766
0.495766
0.495766
0.495766
0.495766
0.495766
0.495766
0.495766
0.495766
0.495766
0.495766
0.495766
0.495766
0.495766
0.495766
0.495766
0.495766
0.495766
0.495766
0.495766
0.495766
0.495766
0.495766
0.495766
0.495766
0.495766
0.495766
0.495766
0.495766
0.495766
0.495766
0.495766
0.495766
0.495766
0.495766
0.495766
0.495766
0.495766
0.495766
0.495766
0.495766
0.495766
0.495766
0.495766
0.495766
0.495766
0.495766
0.495766
0.495766
0.495766
0.495766
0.495766
0.495766
0.495766
0.495766
0.495766
0.495766
0.495766
0.495766
0.495766
0.495766
0.495766
0.495766
0.495766
0.495766
0.495766
0.495766
0.495766
0.495766
0.495766
0.495766
0.495766
0.495766
0.495766
0.495766
0.495766
0.495766
0.495766
0.495766
0.495766
0.495766
0.495766
0.495766
0.495766
0.495766
0.495766
0.495766
0.495766
0.495766
0.495766
0.495766
0.495766
0.495766
0.495766
0.495766
0.495766
0.495766
0.495766
0.495766
0.495766
0.495766
0.495766
0.495766
0.495766
0.495766
0.495766
0.495766
0.495766
0.495766
0.495766
0.495766
0.495766
0.495766
0.495766
0.495766
0.495766
0.495766
0.495766
0.495766
0.495766
0.495766
0.495766
0.495766
0.495766
0.495766
0.495766
0.495766
0.495766
0.495766
0.495766
0.495766
0.495766
0.495766
0.495766
0.495766
0.495766
0.495766
0.495766
0.495766
0.495766
0.495766
0.495766
0.495766
0.495766
0.495766
0.495766
0.495766
0.495766
0.495766
0.495766
0.495766
0.495766
0.495766
0.495766
0.495766
0.495766
0.495766
0.495766
0.495766
0.495766
0.495766
0.495766
0.495766
0.495766
0.495766
0.495766
0.495766
0.495766
0.495766
0.495766
0.495766
0.495766
0.495766
0.495766
0.495766
0.495766
0.495766
0.495766
0.495766
0.495766
0.495766
0.495766
0.495766
0.495766
0.495766
0.495766
0.495766
0.495766
0.495766
0.495766
0.495766
0.495766
0.495766
0.495766
0.495766
0.495766
0.495766
0.495766
0.495766
0.495766
0.495766
0.495766
0.495766
0.495766
0.495766
0.495766
0.495766
0.495766
0.495766
0.495766
0.495766
0.495766
0.495766
0.495766
0.495766
0.495766
0.495766
0.495766
0.495766
0.495766
0.495766
0.495766
0.495766
0.495766
0.495766
0.495766
0.495766
0.495766
0.495766
0.495766
0.495766
0.495766
0.495766
0.495766
0.495766
0.495766
0.495766
0.495766
0.495766
0.495766
0.495766
0.495766
0.495766
0.495766
0.495766
0.495766
0.495766
0.495766
0.495766
0.495766
0.495766
0.495766
0.495766
0.495766
0.495766
0.495766
0.495766
0.495766
0.495766
0.495766
0.495766
0.495766
0.495766
0.495766
0.495766
0.495766
0.495766
0.495766
0.495766
0.495766
0.495766
0.495766
0.495766
0.495766
0.495766
0.495766
0.495766
0.495766
0.495766
0.495766
0.495766
0.495766
0.495766
0.495766
0.495766
0.495766
0.495766
0.495766
0.495766
0.495766
0.495766
0.495766
0.495766
0.495766
0.495766
0.495766
0.495766
0.495766
0.495766
0.495766
0.495766
0.495766
0.495766
0.495766
0.495766
0.495766
0.495766
0.495766
0.495766
0.495766
0.495766
0.495766
0.495766
0.495766
0.495766
0.495766
0.495766
0.495766
0.495766
0.495766
0.495766
0.495766
0.495766
0.495766
0.495766
0.495766
0.495766
0.495766
0.495766
0.495766
0.495766
0.495766
0.495766
0.495766
0.495766
0.495766
0.495766
0.495766
0.495766
0.495766
0.495766
0.495766
0.495766
0.495766
0.495766
0.495766
0.495766
0.495766
0.495766
0.495766
0.495766
0.495766
0.495766
0.495766
0.495766
0.495766
0.495766
0.495766
0.495766
0.495766
0.495766
0.495766
0.495766
0.495766
0.495766
0.495766
0.495766
0.495766
0.495766
0.495766
0.495766
0.495766
0.495766
0.495766
0.495766
0.495766
0.495766
0.495766
0.495766
0.495766
0.495766
0.495766
0.495766
0.495766
0.495766
0.495766
0.495766
0.495766
0.495766
0.495766
0.495766
0.495766
0.495766
0.495766
0.495766
0.495766
0.495766
0.495766
0.495766
0.495766
0.495766
0.495766
0.495766
0.495766
0.495766
0.495766
0.495766
0.495766
0.495766
0.495766
0.495766
0.495766
0.495766
0.495766
0.495766
0.495766
0.495766
0.495766
0.495766
0.495766
0.495766
0.495766
0.495766
0.495766
0.495766
0.495766
0.495766
0.495766
0.495766
0.495766
0.495766
0.495766
0.495766
0.495766
0.495766
0.495766
0.495766
0.495766
0.495766
0.495766
0.495766
0.495766
0.495766
0.495766
0.495766
0.495766
0.495766
0.495766
0.495766
0.495766
0.495766
0.495766
0.495766
0.495766
0.495766
0.495766
0.495766
0.495766
0.495766
0.495766
0.495766
0.495766
0.495766
0.495766
0.495766
0.495766
0.495766
0.495766
0.495766
0.495766
0.495766
0.495766
0.495766
0.495766
0.495766
0.495766
0.495766
0.495766
0.495766
0.495766
0.495766
0.495766
0.495766
0.495766
0.495766
0.495766
0.495766
0.495766
0.495766
0.495766
0.495766
0.495766
0.495766
0.495766
0.495766
0.495766
0.495766
0.495766
0.495766
0.495766
0.495766
0.495766
0.495766
0.495766
0.495766
0.495766
0.495766
0.495766
0.495766
0.495766
0.495766
0.495766
0.495766
0.495766
0.495766
0.495766
0.495766
0.495766
0.495766
0.495766
0.495766
0.495766
0.495766
0.495766
0.495766
0.495766
0.495766
0.495766
0.495766
0.495766
0.495766
0.495766
0.495766
0.495766
0.495766
0.495766
0.495766
0.495766
0.495766
0.495766
0.495766
0.495766
0.495766
0.495766
0.495766
0.495766
0.495766
0.495766
0.495766
0.495766
0.495766
0.495766
0.495766
0.495766
0.495766
0.495766
0.495766
0.495766
0.495766
0.495766
0.495766
0.495766
0.495766
0.495766
0.495766
0.495766
0.495766
0.495766
0.495766
0.495766
0.495766
0.495766
0.495766
0.495766
0.495766
0.495766
0.495766
0.495766
0.495766
0.495766
0.495766
0.495766
0.495766
0.495766
0.495766
0.495766
0.495766
0.495766
0.495766
0.495766
0.495766
0.495766
0.495766
0.495766
0.495766
0.495766
0.495766
0.495766
0.495766
0.495766
0.495766
0.495766
0.495766
0.495766
0.495766
0.495766
0.495766
0.495766
0.495766
0.495766
0.495766
0.495766
0.495766
0.495766
0.495766
0.495766
0.495766
0.495766
0.495766
0.495766
0.495766
0.495766
0.495766
0.495766
0.495766
0.495766
0.495766
0.495766
0.495766
0.495766
0.495766
)
;
        value           nonuniform List<scalar> 
990
(
319.846
320.17
320.461
320.65
320.745
320.782
320.812
320.867
320.953
321.059
321.169
321.273
321.368
321.453
321.531
321.602
321.667
321.727
321.782
321.833
321.879
321.922
321.962
322
322.036
322.072
322.107
322.143
322.179
322.215
322.25
322.281
322.298
322.324
322.35
322.376
322.4
322.424
322.449
322.474
322.498
322.521
322.544
322.567
322.591
322.615
322.637
322.657
322.675
322.69
322.703
322.713
322.723
322.732
322.74
322.747
322.754
322.764
322.787
322.795
322.799
322.8
322.799
322.798
322.796
322.794
322.792
322.791
322.79
322.789
322.788
322.786
322.784
322.78
322.776
322.772
322.767
322.763
322.764
322.777
322.815
322.891
323.012
323.176
323.365
323.55
323.7
323.804
323.896
324.093
319.982
320.314
320.616
320.818
320.931
320.995
321.057
321.142
321.251
321.37
321.487
321.594
321.691
321.778
321.857
321.93
321.998
322.059
322.116
322.168
322.216
322.26
322.302
322.342
322.38
322.418
322.455
322.493
322.53
322.568
322.604
322.638
322.668
322.696
322.724
322.751
322.777
322.804
322.829
322.855
322.879
322.904
322.927
322.951
322.974
322.997
323.019
323.039
323.058
323.075
323.089
323.101
323.111
323.12
323.128
323.135
323.141
323.147
323.153
323.157
323.16
323.16
323.161
323.159
323.157
323.155
323.153
323.152
323.151
323.15
323.149
323.148
323.146
323.143
323.139
323.135
323.13
323.125
323.123
323.129
323.153
323.208
323.304
323.441
323.608
323.776
323.913
324.008
324.095
324.292
320.127
320.465
320.777
320.993
321.129
321.226
321.325
321.442
321.572
321.703
321.825
321.935
322.033
322.123
322.204
322.279
322.348
322.412
322.47
322.524
322.574
322.62
322.664
322.706
322.746
322.786
322.825
322.864
322.903
322.941
322.978
323.012
323.043
323.073
323.101
323.129
323.158
323.185
323.212
323.238
323.263
323.288
323.313
323.337
323.36
323.383
323.405
323.425
323.445
323.462
323.477
323.491
323.502
323.511
323.52
323.526
323.532
323.537
323.541
323.543
323.545
323.545
323.545
323.544
323.542
323.54
323.538
323.536
323.535
323.535
323.534
323.533
323.531
323.529
323.526
323.522
323.518
323.513
323.508
323.508
323.52
323.555
323.622
323.728
323.867
324.014
324.138
324.226
324.307
324.507
320.273
320.618
320.938
321.17
321.334
321.47
321.608
321.754
321.902
322.04
322.165
322.277
322.377
322.469
322.553
322.63
322.701
322.767
322.827
322.882
322.934
322.982
323.028
323.073
323.115
323.157
323.198
323.238
323.278
323.316
323.353
323.387
323.419
323.449
323.479
323.508
323.537
323.566
323.594
323.621
323.647
323.673
323.698
323.723
323.746
323.769
323.791
323.812
323.832
323.85
323.866
323.88
323.892
323.903
323.911
323.918
323.924
323.929
323.932
323.934
323.935
323.935
323.934
323.933
323.931
323.929
323.927
323.925
323.924
323.923
323.922
323.921
323.92
323.918
323.916
323.913
323.909
323.904
323.899
323.895
323.898
323.914
323.954
324.026
324.132
324.253
324.362
324.442
324.521
324.723
320.413
320.764
321.093
321.343
321.54
321.716
321.887
322.055
322.213
322.356
322.483
322.596
322.699
322.793
322.879
322.958
323.031
323.099
323.161
323.218
323.272
323.323
323.371
323.417
323.462
323.505
323.547
323.589
323.629
323.668
323.704
323.738
323.771
323.802
323.833
323.864
323.894
323.924
323.952
323.98
324.007
324.034
324.06
324.085
324.109
324.133
324.155
324.176
324.196
324.215
324.232
324.247
324.26
324.271
324.28
324.288
324.294
324.298
324.301
324.303
324.304
324.303
324.303
324.301
324.299
324.297
324.295
324.293
324.292
324.291
324.29
324.289
324.288
324.286
324.284
324.281
324.278
324.274
324.27
324.265
324.262
324.264
324.281
324.322
324.393
324.485
324.575
324.647
324.723
324.928
320.539
320.894
321.234
321.506
321.735
321.943
322.138
322.319
322.481
322.625
322.754
322.869
322.974
323.07
323.159
323.24
323.315
323.384
323.448
323.507
323.563
323.616
323.666
323.714
323.761
323.806
323.849
323.891
323.932
323.971
324.008
324.043
324.076
324.109
324.141
324.173
324.204
324.235
324.264
324.293
324.321
324.349
324.376
324.402
324.427
324.451
324.474
324.495
324.516
324.535
324.552
324.568
324.582
324.594
324.604
324.613
324.619
324.624
324.627
324.629
324.63
324.629
324.628
324.627
324.625
324.623
324.621
324.619
324.618
324.616
324.615
324.614
324.613
324.611
324.609
324.607
324.604
324.601
324.597
324.593
324.588
324.584
324.586
324.602
324.641
324.702
324.769
324.829
324.902
325.111
320.64
321.002
321.354
321.647
321.902
322.131
322.339
322.524
322.687
322.832
322.963
323.08
323.187
323.286
323.376
323.459
323.536
323.607
323.672
323.734
323.791
323.846
323.898
323.948
323.996
324.042
324.087
324.13
324.171
324.21
324.248
324.284
324.318
324.352
324.386
324.418
324.451
324.482
324.513
324.543
324.572
324.601
324.629
324.656
324.682
324.707
324.73
324.753
324.774
324.793
324.812
324.829
324.844
324.858
324.869
324.878
324.886
324.891
324.895
324.897
324.898
324.898
324.898
324.896
324.895
324.893
324.891
324.889
324.887
324.886
324.884
324.883
324.882
324.88
324.878
324.876
324.873
324.87
324.867
324.864
324.859
324.854
324.85
324.852
324.868
324.9
324.942
324.987
325.057
325.27
320.713
321.082
321.446
321.757
322.027
322.267
322.478
322.664
322.828
322.975
323.107
323.227
323.336
323.436
323.528
323.613
323.691
323.763
323.831
323.894
323.953
324.009
324.063
324.114
324.163
324.21
324.256
324.3
324.341
324.381
324.42
324.457
324.493
324.528
324.563
324.597
324.63
324.662
324.694
324.725
324.756
324.786
324.815
324.844
324.871
324.897
324.921
324.944
324.966
324.987
325.007
325.025
325.042
325.057
325.07
325.081
325.09
325.098
325.103
325.107
325.109
325.11
325.11
325.11
325.109
325.107
325.105
325.104
325.102
325.101
325.099
325.098
325.097
325.095
325.093
325.091
325.088
325.086
325.083
325.08
325.077
325.073
325.068
325.065
325.068
325.08
325.101
325.131
325.195
325.413
320.758
321.134
321.508
321.829
322.107
322.35
322.562
322.749
322.915
323.064
323.198
323.319
323.43
323.531
323.625
323.71
323.79
323.864
323.933
323.997
324.058
324.116
324.17
324.223
324.273
324.321
324.367
324.411
324.454
324.494
324.534
324.572
324.609
324.646
324.681
324.716
324.75
324.784
324.817
324.849
324.881
324.912
324.943
324.973
325.001
325.028
325.054
325.078
325.102
325.124
325.145
325.165
325.183
325.2
325.215
325.227
325.238
325.248
325.255
325.261
325.266
325.269
325.271
325.272
325.273
325.273
325.273
325.272
325.272
325.271
325.271
325.27
325.269
325.268
325.267
325.266
325.264
325.262
325.26
325.258
325.256
325.254
325.251
325.249
325.248
325.251
325.259
325.277
325.336
325.56
320.785
321.165
321.547
321.873
322.155
322.4
322.614
322.804
322.972
323.123
323.259
323.383
323.495
323.599
323.694
323.781
323.862
323.938
324.009
324.075
324.138
324.197
324.253
324.307
324.359
324.408
324.455
324.5
324.544
324.586
324.627
324.666
324.705
324.743
324.78
324.816
324.852
324.886
324.921
324.955
324.988
325.021
325.053
325.084
325.114
325.142
325.169
325.195
325.22
325.245
325.268
325.289
325.31
325.328
325.345
325.36
325.372
325.384
325.393
325.401
325.408
325.413
325.417
325.421
325.423
325.425
325.427
325.428
325.43
325.431
325.432
325.433
325.433
325.434
325.434
325.434
325.434
325.434
325.434
325.433
325.433
325.432
325.431
325.43
325.43
325.431
325.435
325.448
325.506
325.733
320.807
321.195
321.585
321.92
322.209
322.461
322.682
322.877
323.051
323.208
323.349
323.478
323.595
323.703
323.803
323.895
323.981
324.061
324.136
324.207
324.273
324.336
324.396
324.454
324.509
324.561
324.612
324.661
324.707
324.753
324.797
324.84
324.882
324.923
324.964
325.003
325.042
325.08
325.117
325.154
325.191
325.227
325.262
325.296
325.328
325.36
325.389
325.418
325.446
325.472
325.498
325.522
325.545
325.566
325.585
325.602
325.617
325.63
325.641
325.651
325.659
325.666
325.672
325.677
325.681
325.684
325.687
325.69
325.692
325.694
325.696
325.698
325.7
325.701
325.702
325.704
325.704
325.705
325.706
325.706
325.707
325.707
325.706
325.706
325.706
325.706
325.709
325.719
325.77
325.971
)
;
        Tnbr            T;
        qrNbr           none;
        qr              none;
        thermalInertia  false;
        thicknessLayers List<scalar> 0();
        kappaLayers     List<scalar> 0();
        kappaMethod     solidThermo;
        kappa           none;
        alphaAni        none;
        alpha           none;
    }
    asphalt_to_air
    {
        type            compressible::turbulentTemperatureRadCoupledMixed;
        refValue        nonuniform List<scalar> 
990
(
310.198
310.382
310.547
310.696
310.832
310.956
311.069
311.173
311.271
311.363
311.45
311.534
311.613
311.689
311.763
311.833
311.901
311.967
312.03
312.092
312.151
312.209
312.265
312.32
312.373
312.425
312.475
312.525
312.573
312.621
312.668
312.714
312.759
312.803
312.847
312.89
312.932
312.974
313.015
313.056
313.096
313.136
313.175
313.214
313.252
313.289
313.325
313.36
313.394
313.427
313.458
313.488
313.516
313.543
313.567
313.589
313.608
313.623
313.636
313.647
313.657
313.664
313.67
313.676
313.68
313.684
313.687
313.69
313.693
313.696
313.698
313.7
313.703
313.705
313.707
313.708
313.71
313.711
313.712
313.713
313.715
313.717
313.721
313.726
313.733
313.741
313.751
313.761
313.778
313.796
310.2
310.387
310.553
310.704
310.842
310.968
311.083
311.191
311.291
311.386
311.476
311.562
311.644
311.723
311.799
311.871
311.941
312.009
312.074
312.138
312.199
312.258
312.316
312.373
312.427
312.481
312.533
312.584
312.634
312.683
312.732
312.779
312.825
312.871
312.916
312.96
313.004
313.047
313.09
313.132
313.173
313.214
313.254
313.294
313.333
313.371
313.408
313.444
313.479
313.513
313.545
313.575
313.604
313.631
313.656
313.678
313.696
313.712
313.725
313.736
313.745
313.752
313.758
313.764
313.768
313.772
313.776
313.779
313.782
313.784
313.787
313.789
313.792
313.794
313.796
313.798
313.8
313.801
313.802
313.803
313.804
313.806
313.808
313.812
313.818
313.824
313.832
313.841
313.857
313.874
310.203
310.391
310.56
310.713
310.852
310.98
311.098
311.209
311.312
311.41
311.503
311.592
311.677
311.758
311.836
311.911
311.983
312.053
312.12
312.185
312.249
312.31
312.37
312.428
312.485
312.54
312.594
312.647
312.698
312.749
312.799
312.848
312.896
312.943
312.989
313.035
313.08
313.125
313.169
313.212
313.255
313.297
313.338
313.379
313.419
313.458
313.497
313.534
313.57
313.604
313.637
313.669
313.698
313.726
313.751
313.773
313.792
313.808
313.821
313.832
313.841
313.848
313.855
313.86
313.865
313.869
313.873
313.876
313.879
313.882
313.885
313.888
313.891
313.893
313.896
313.898
313.9
313.902
313.903
313.905
313.906
313.907
313.909
313.912
313.916
313.921
313.927
313.935
313.95
313.966
310.205
310.395
310.566
310.72
310.862
310.992
311.113
311.226
311.333
311.434
311.53
311.621
311.708
311.792
311.872
311.949
312.023
312.095
312.165
312.232
312.297
312.361
312.422
312.483
312.541
312.598
312.654
312.709
312.762
312.815
312.866
312.917
312.967
313.016
313.064
313.111
313.158
313.204
313.249
313.294
313.338
313.382
313.425
313.467
313.508
313.549
313.588
313.627
313.664
313.699
313.733
313.766
313.796
313.824
313.851
313.873
313.892
313.908
313.921
313.932
313.941
313.949
313.955
313.961
313.966
313.97
313.974
313.977
313.98
313.984
313.987
313.99
313.993
313.995
313.998
314.001
314.003
314.005
314.007
314.008
314.009
314.01
314.012
314.014
314.016
314.02
314.025
314.032
314.045
314.062
310.207
310.399
310.571
310.727
310.87
311.003
311.126
311.242
311.351
311.455
311.553
311.647
311.736
311.822
311.904
311.983
312.059
312.133
312.205
312.274
312.341
312.406
312.47
312.532
312.593
312.652
312.709
312.766
312.821
312.876
312.929
312.981
313.033
313.084
313.133
313.182
313.231
313.279
313.326
313.372
313.418
313.463
313.508
313.552
313.595
313.637
313.678
313.717
313.756
313.793
313.828
313.861
313.893
313.923
313.95
313.973
313.993
314.009
314.023
314.034
314.044
314.052
314.058
314.064
314.069
314.073
314.077
314.08
314.084
314.087
314.09
314.093
314.097
314.099
314.102
314.105
314.107
314.11
314.112
314.113
314.114
314.115
314.116
314.117
314.119
314.121
314.125
314.131
314.144
314.16
310.208
310.402
310.575
310.732
310.877
311.012
311.137
311.255
311.366
311.472
311.572
311.667
311.758
311.845
311.929
312.01
312.088
312.163
312.236
312.307
312.376
312.443
312.508
312.572
312.634
312.695
312.755
312.813
312.871
312.927
312.982
313.036
313.089
313.142
313.194
313.245
313.295
313.345
313.394
313.442
313.49
313.537
313.584
313.629
313.674
313.718
313.761
313.802
313.842
313.881
313.918
313.953
313.986
314.017
314.046
314.071
314.093
314.111
314.126
314.138
314.149
314.157
314.164
314.171
314.176
314.18
314.185
314.188
314.192
314.195
314.199
314.202
314.205
314.208
314.211
314.214
314.216
314.218
314.22
314.222
314.223
314.224
314.225
314.225
314.226
314.228
314.23
314.235
314.248
314.263
310.209
310.404
310.578
310.736
310.883
311.018
311.145
311.264
311.377
311.483
311.584
311.681
311.773
311.861
311.946
312.028
312.107
312.184
312.258
312.33
312.4
312.469
312.535
312.601
312.664
312.726
312.788
312.847
312.906
312.964
313.021
313.077
313.132
313.186
313.24
313.293
313.345
313.396
313.448
313.498
313.548
313.597
313.646
313.694
313.741
313.787
313.832
313.875
313.918
313.958
313.998
314.035
314.07
314.103
314.134
314.162
314.188
314.21
314.228
314.243
314.256
314.266
314.275
314.282
314.288
314.294
314.298
314.303
314.307
314.311
314.314
314.318
314.321
314.324
314.327
314.33
314.333
314.335
314.337
314.338
314.34
314.341
314.341
314.341
314.342
314.342
314.344
314.348
314.36
314.374
310.21
310.405
310.58
310.739
310.886
311.023
311.15
311.27
311.383
311.49
311.592
311.689
311.782
311.871
311.956
312.039
312.119
312.196
312.271
312.344
312.415
312.484
312.551
312.617
312.682
312.745
312.808
312.869
312.929
312.988
313.046
313.103
313.159
313.215
313.27
313.325
313.379
313.432
313.485
313.538
313.59
313.641
313.692
313.742
313.792
313.84
313.888
313.934
313.979
314.023
314.065
314.105
314.143
314.179
314.212
314.244
314.273
314.3
314.324
314.346
314.365
314.381
314.394
314.405
314.414
314.423
314.43
314.436
314.442
314.447
314.452
314.457
314.461
314.465
314.469
314.473
314.476
314.479
314.481
314.483
314.485
314.486
314.487
314.487
314.488
314.488
314.49
314.493
314.502
314.515
310.21
310.406
310.581
310.74
310.888
311.025
311.153
311.273
311.386
311.494
311.596
311.693
311.786
311.875
311.961
312.044
312.124
312.202
312.277
312.35
312.422
312.491
312.559
312.626
312.691
312.755
312.817
312.879
312.94
312.999
313.058
313.116
313.173
313.23
313.286
313.342
313.397
313.452
313.506
313.56
313.613
313.666
313.719
313.771
313.822
313.873
313.923
313.971
314.019
314.065
314.11
314.153
314.194
314.233
314.27
314.305
314.338
314.368
314.396
314.422
314.446
314.468
314.487
314.505
314.522
314.537
314.55
314.563
314.574
314.585
314.595
314.604
314.613
314.622
314.629
314.637
314.644
314.651
314.657
314.663
314.669
314.674
314.678
314.682
314.686
314.689
314.692
314.696
314.7
314.709
310.21
310.406
310.581
310.741
310.889
311.026
311.154
311.274
311.388
311.495
311.598
311.695
311.789
311.878
311.964
312.048
312.128
312.206
312.281
312.355
312.426
312.496
312.564
312.631
312.697
312.761
312.824
312.886
312.947
313.007
313.066
313.124
313.182
313.239
313.296
313.352
313.408
313.463
313.518
313.573
313.627
313.681
313.734
313.787
313.84
313.892
313.943
313.994
314.043
314.091
314.138
314.183
314.227
314.269
314.309
314.347
314.383
314.417
314.449
314.479
314.507
314.533
314.557
314.58
314.601
314.621
314.639
314.657
314.674
314.689
314.705
314.719
314.733
314.747
314.76
314.773
314.785
314.797
314.809
314.82
314.831
314.841
314.851
314.86
314.869
314.878
314.886
314.894
314.903
314.917
310.21
310.406
310.582
310.742
310.89
311.028
311.156
311.277
311.392
311.5
311.603
311.701
311.795
311.885
311.972
312.056
312.137
312.216
312.292
312.367
312.439
312.51
312.579
312.646
312.713
312.777
312.841
312.904
312.966
313.026
313.086
313.145
313.204
313.262
313.319
313.376
313.432
313.488
313.543
313.598
313.653
313.708
313.762
313.815
313.869
313.921
313.973
314.024
314.074
314.123
314.171
314.217
314.262
314.305
314.346
314.385
314.422
314.457
314.49
314.521
314.55
314.577
314.602
314.626
314.648
314.669
314.689
314.708
314.726
314.743
314.76
314.776
314.792
314.807
314.823
314.837
314.852
314.866
314.88
314.893
314.907
314.919
314.932
314.944
314.956
314.967
314.978
314.989
315.001
315.016
)
;
        refGradient     nonuniform List<scalar> 
990
(
69.8184
67.8506
66.52
65.4089
64.2655
62.9604
61.6141
60.428
59.5079
58.8303
58.3093
57.8673
57.4629
57.0839
56.7299
56.4018
56.0974
55.813
55.5445
55.2891
55.045
54.8122
54.5913
54.3834
54.1889
54.0071
53.8382
53.6825
53.5412
53.414
53.297
53.1885
53.0964
52.9782
52.8507
52.7236
52.5908
52.4633
52.3418
52.2221
52.1032
51.9855
51.869
51.7522
51.6467
51.5406
51.4334
51.3293
51.2286
51.1314
51.0399
50.958
50.8892
50.8338
50.7901
50.7563
50.7307
50.709
50.6759
50.6678
50.6742
50.6859
50.7035
50.7206
50.7318
50.7413
50.7498
50.7568
50.762
50.7659
50.7699
50.7757
50.7843
50.7945
50.8037
50.8085
50.8083
50.8103
50.836
50.9245
51.1253
51.4722
51.9414
52.4229
52.7523
52.8174
52.6589
52.4617
52.4301
53.2324
70.388
68.3934
67.0319
65.8883
64.7409
63.4916
62.2561
61.1946
60.369
59.737
59.2212
58.7638
58.3397
57.9437
57.5765
57.2373
56.9229
56.629
56.3516
56.088
55.837
55.5987
55.3738
55.1628
54.9654
54.781
54.6094
54.4514
54.3072
54.1745
54.0481
53.9228
53.7961
53.6635
53.529
53.3967
53.2665
53.1387
53.0134
52.8897
52.7674
52.6465
52.5269
52.408
52.2915
52.1769
52.0653
51.959
51.8589
51.7652
51.6786
51.6008
51.5339
51.4783
51.4334
51.3985
51.3725
51.3545
51.338
51.3333
51.3383
51.3483
51.3697
51.386
51.3975
51.4075
51.4169
51.4252
51.4317
51.4366
51.4409
51.4463
51.4543
51.465
51.4763
51.4851
51.4885
51.4883
51.497
51.5433
51.6706
51.9179
52.2821
52.6812
52.9696
53.0325
52.8901
52.7072
52.6845
53.5173
70.9547
68.9292
67.5253
66.3408
65.1937
64.0145
62.9006
61.9605
61.2128
60.606
60.0801
59.6
59.1541
58.7414
58.3612
58.0108
57.686
57.3822
57.0956
56.824
56.5665
56.3231
56.0944
55.88
55.6793
55.4915
55.3166
55.1549
55.0056
54.8653
54.7286
54.5911
54.4515
54.3106
54.171
54.0341
53.9033
53.7733
53.6439
53.516
53.3898
53.2653
53.142
53.0199
52.8957
52.7744
52.6587
52.5496
52.4487
52.3564
52.2727
52.1979
52.1326
52.077
52.0315
51.996
51.9696
51.9514
51.9359
51.9301
51.9327
51.9406
51.9598
51.9749
51.9864
51.9967
52.0064
52.0154
52.0229
52.0286
52.033
52.0378
52.0446
52.0545
52.0667
52.0785
52.0866
52.0889
52.0896
52.1052
52.1676
52.3156
52.5637
52.8628
53.0961
53.1539
53.0356
52.8773
52.8689
53.7324
71.4771
69.4187
67.9656
66.738
65.5976
64.4929
63.4888
62.6405
61.9359
61.3284
60.7801
60.2749
59.8092
59.3817
58.9897
58.6285
58.2934
57.9798
57.6846
57.4055
57.1421
56.8942
56.6617
56.4437
56.2391
56.0472
55.868
55.7012
55.5449
55.3955
55.2483
55.1005
54.9523
54.8054
54.6614
54.5202
54.3863
54.2527
54.119
53.9869
53.8567
53.7281
53.6007
53.4748
53.3451
53.2191
53.0999
52.9882
52.8856
52.793
52.7101
52.6365
52.5719
52.5164
52.4707
52.4351
52.4086
52.3902
52.3756
52.3687
52.3693
52.3753
52.3905
52.4042
52.4156
52.4261
52.4363
52.4461
52.4546
52.4615
52.4667
52.4715
52.4774
52.4862
52.498
52.5115
52.5237
52.5313
52.5328
52.5337
52.552
52.6182
52.7562
52.9467
53.1094
53.1517
53.0583
52.9328
52.9449
53.8329
71.8886
69.7994
68.296
67.0255
65.8897
64.8418
63.9081
63.1023
62.4013
61.7731
61.1989
60.6726
60.1917
59.7526
59.3502
58.9792
58.6346
58.3123
58.0093
57.724
57.4557
57.2038
56.9676
56.7456
56.5367
56.3402
56.1559
55.9827
55.8184
55.6593
55.5022
55.3459
55.1911
55.0392
54.8912
54.7457
54.6071
54.469
54.3311
54.1948
54.0605
53.9277
53.7959
53.6657
53.5322
53.4029
53.281
53.1671
53.0624
52.9681
52.8838
52.8092
52.7439
52.6879
52.6419
52.6062
52.5797
52.5611
52.5476
52.5402
52.5393
52.5436
52.5552
52.5672
52.5782
52.5889
52.5994
52.6097
52.6192
52.6272
52.6336
52.6389
52.6446
52.6524
52.6631
52.6766
52.6913
52.7041
52.7115
52.7124
52.7125
52.7296
52.7851
52.8789
52.9662
52.9822
52.908
52.8176
52.8541
53.7623
72.1244
70.0098
68.4587
67.141
65.9918
64.9619
64.0464
63.2374
62.5148
61.8609
61.2664
60.7262
60.2351
59.7871
59.3761
58.9966
58.644
58.3144
58.0054
57.7152
57.4429
57.1876
56.9477
56.7216
56.5082
56.3068
56.1167
55.9365
55.7637
55.5954
55.4297
55.2663
55.1061
54.9499
54.7976
54.6478
54.5036
54.3605
54.2181
54.0775
53.9388
53.8014
53.6651
53.5304
53.3941
53.2623
53.1381
53.022
52.9149
52.8173
52.7291
52.6504
52.5819
52.5236
52.4759
52.4389
52.4116
52.3924
52.3791
52.3716
52.3698
52.3729
52.3817
52.3921
52.4025
52.4131
52.4238
52.4345
52.4447
52.4539
52.4617
52.4681
52.4742
52.4815
52.4912
52.5039
52.5189
52.5346
52.5483
52.5567
52.559
52.5612
52.5754
52.6067
52.6357
52.6268
52.5673
52.5084
52.5704
53.4997
72.1708
70.0362
68.4398
67.0673
65.88
64.8297
63.8958
63.0631
62.3168
61.6453
61.0397
60.4919
59.9941
59.5392
59.1214
58.7352
58.3765
58.0417
57.7283
57.4347
57.1595
56.9011
56.6578
56.4279
56.2101
56.0037
55.8078
55.6206
55.4399
55.2636
55.091
54.9221
54.7574
54.597
54.4403
54.2859
54.1358
53.9874
53.8403
53.695
53.5514
53.4091
53.2678
53.1284
52.9895
52.8554
52.7287
52.6099
52.4995
52.3974
52.3034
52.2181
52.1426
52.0785
52.0262
51.9853
51.9548
51.9333
51.9187
51.9103
51.9075
51.9092
51.9157
51.9245
51.9342
51.9445
51.9552
51.9661
51.9768
51.9869
51.9959
52.0037
52.0108
52.0184
52.0276
52.0392
52.0534
52.0697
52.0865
52.1019
52.1137
52.1218
52.1294
52.139
52.1433
52.1275
52.0863
52.0545
52.1417
53.0963
72.0924
69.9403
68.3022
66.875
65.6407
64.5572
63.599
62.748
61.9895
61.3108
60.7002
60.1478
59.6451
59.1852
58.7623
58.3716
58.0087
57.6705
57.3545
57.0588
56.7816
56.521
56.2749
56.0417
55.8202
55.6094
55.4083
55.215
55.0279
54.8457
54.6681
54.4951
54.3267
54.1626
54.0018
53.8433
53.6877
53.5341
53.3821
53.2317
53.0829
52.9351
52.7885
52.644
52.5018
52.3649
52.2351
52.1128
51.9979
51.8903
51.79
51.6975
51.6134
51.5393
51.476
51.4243
51.3843
51.3548
51.334
51.3207
51.3139
51.3122
51.315
51.3209
51.3286
51.3375
51.3472
51.3573
51.3676
51.3777
51.3871
51.3957
51.4035
51.4113
51.42
51.4306
51.4435
51.4586
51.4754
51.4931
51.5108
51.5275
51.5427
51.556
51.5642
51.5616
51.546
51.5393
51.6548
52.6443
71.9913
69.8234
68.1532
66.6878
65.4222
64.3184
63.3491
62.4926
61.7312
61.0501
60.4367
59.8811
59.375
58.9119
58.4861
58.0927
57.7279
57.3883
57.0714
56.7749
56.4969
56.2351
55.9874
55.7522
55.5284
55.3149
55.1103
54.9133
54.7225
54.5373
54.3573
54.1825
54.0123
53.8459
53.6826
53.5215
53.3626
53.2056
53.0501
52.896
52.7429
52.5909
52.44
52.2912
52.1458
52.0054
51.8714
51.7444
51.6242
51.5107
51.4041
51.305
51.2145
51.1335
51.0625
51.0017
50.9509
50.9095
50.8769
50.8522
50.8342
50.8222
50.815
50.812
50.812
50.8144
50.8184
50.8235
50.8294
50.8356
50.8417
50.8472
50.8521
50.8566
50.8614
50.8673
50.8749
50.8843
50.8954
50.9079
50.9218
50.9372
50.954
50.9719
50.9892
51.0029
51.0113
51.0277
51.172
52.2106
71.9306
69.7545
68.0698
66.5917
65.3188
64.2128
63.244
62.3888
61.6282
60.947
60.3332
59.7772
59.2709
58.8078
58.3822
57.9894
57.6255
57.2873
56.9719
56.6772
56.4006
56.1399
55.893
55.6586
55.4352
55.2219
55.0172
54.8201
54.6296
54.4452
54.2667
54.0934
53.9246
53.7594
53.5971
53.4372
53.2788
53.1222
52.9672
52.8132
52.66
52.5076
52.3563
52.2069
52.0612
51.9199
51.7838
51.6536
51.5294
51.4113
51.2996
51.1954
51.0996
51.0129
50.9357
50.868
50.8098
50.7608
50.7205
50.688
50.6623
50.6425
50.6272
50.6162
50.6084
50.6032
50.5997
50.5974
50.596
50.5951
50.5943
50.5933
50.5918
50.5898
50.5878
50.5864
50.5861
50.5872
50.5898
50.5936
50.5985
50.605
50.6135
50.6248
50.639
50.6544
50.669
50.6898
50.8319
51.8796
71.947
69.8155
68.1667
66.7225
65.4822
64.4064
63.465
62.6347
61.8971
61.2375
60.6444
60.1081
59.6207
59.1759
58.768
58.3926
58.0457
57.7242
57.4252
57.1461
56.8845
56.638
56.405
56.184
55.9736
55.7729
55.5807
55.3962
55.2188
55.048
54.8831
54.7232
54.5676
54.4155
54.2663
54.1196
53.9745
53.8313
53.6895
53.5486
53.4086
53.2695
53.1318
52.9963
52.8642
52.7357
52.6111
52.4908
52.3753
52.2653
52.1617
52.0657
51.978
51.8991
51.8291
51.7682
51.7161
51.6728
51.638
51.6109
51.5908
51.5767
51.5674
51.5623
51.5605
51.5613
51.5637
51.5672
51.5714
51.576
51.5807
51.5852
51.5893
51.5929
51.5961
51.5993
51.603
51.6074
51.6127
51.6189
51.6258
51.6335
51.6426
51.6537
51.6674
51.6834
51.7005
51.7232
51.8342
52.6902
)
;
        valueFraction   nonuniform List<scalar> 
990
(
0.185725
0.175622
0.167612
0.161096
0.155701
0.151169
0.147303
0.143956
0.141028
0.138446
0.136158
0.134123
0.132303
0.13067
0.129196
0.12786
0.126644
0.125534
0.124518
0.123583
0.122721
0.121924
0.121185
0.120497
0.119854
0.119252
0.118687
0.118153
0.117647
0.117166
0.116706
0.116265
0.115841
0.115428
0.115025
0.114628
0.114235
0.113843
0.11345
0.113055
0.112657
0.112255
0.11185
0.111442
0.111032
0.110623
0.110217
0.109818
0.109429
0.109054
0.108697
0.108361
0.108051
0.107771
0.107523
0.107311
0.107136
0.106997
0.106893
0.106825
0.106787
0.106778
0.106792
0.106826
0.106876
0.10694
0.107013
0.107093
0.107179
0.107267
0.107358
0.107449
0.107541
0.107632
0.107723
0.107815
0.107907
0.107999
0.108091
0.108181
0.108264
0.108339
0.108406
0.108469
0.108535
0.108613
0.108705
0.108805
0.108887
0.108846
0.185666
0.175562
0.167553
0.161036
0.155638
0.151098
0.147221
0.143865
0.14093
0.138345
0.136058
0.134024
0.132206
0.130574
0.129101
0.127766
0.126552
0.125443
0.124427
0.123493
0.122631
0.121834
0.121095
0.120406
0.119762
0.119159
0.118591
0.118056
0.117548
0.117064
0.116602
0.116158
0.115731
0.115315
0.114909
0.114508
0.114112
0.113717
0.113321
0.112924
0.112523
0.11212
0.111713
0.111305
0.110895
0.110486
0.110081
0.109683
0.109296
0.108922
0.108567
0.108235
0.107928
0.107651
0.107407
0.1072
0.107029
0.106895
0.106796
0.10673
0.106695
0.106687
0.106701
0.106736
0.106786
0.10685
0.106923
0.107003
0.107089
0.107178
0.107268
0.10736
0.107452
0.107544
0.107636
0.107728
0.10782
0.107913
0.108007
0.1081
0.108188
0.10827
0.108344
0.108415
0.108487
0.108567
0.10866
0.108758
0.108839
0.10879
0.185605
0.175503
0.167494
0.160977
0.155574
0.151024
0.147135
0.143769
0.140828
0.138242
0.135955
0.133923
0.132108
0.130477
0.129005
0.127672
0.126458
0.12535
0.124334
0.123401
0.122539
0.121742
0.121002
0.120312
0.119668
0.119063
0.118495
0.117957
0.117448
0.116962
0.116498
0.116053
0.115623
0.115205
0.114796
0.114393
0.113994
0.113596
0.113198
0.112799
0.112396
0.111992
0.111584
0.111174
0.110765
0.110356
0.109952
0.109555
0.109169
0.108797
0.108444
0.108113
0.107809
0.107535
0.107295
0.107091
0.106924
0.106793
0.106697
0.106634
0.1066
0.106593
0.106608
0.106643
0.106694
0.106757
0.10683
0.10691
0.106995
0.107083
0.107173
0.107264
0.107355
0.107447
0.107538
0.107629
0.107721
0.107814
0.107908
0.108002
0.108094
0.108182
0.108265
0.108344
0.108422
0.108506
0.108598
0.108694
0.108772
0.108716
0.185547
0.175446
0.167439
0.160921
0.155512
0.150951
0.14705
0.143675
0.14073
0.138144
0.135859
0.133829
0.132015
0.130386
0.128916
0.127583
0.12637
0.125263
0.124248
0.123314
0.122453
0.121655
0.120914
0.120224
0.119579
0.118973
0.118403
0.117864
0.117353
0.116866
0.116401
0.115954
0.115522
0.115101
0.11469
0.114285
0.113883
0.113483
0.113083
0.112682
0.112278
0.111872
0.111463
0.111053
0.110643
0.110235
0.109831
0.109435
0.109049
0.108679
0.108327
0.107998
0.107696
0.107425
0.107188
0.106987
0.106822
0.106694
0.1066
0.106539
0.106507
0.106501
0.106518
0.106553
0.106604
0.106667
0.10674
0.10682
0.106905
0.106993
0.107083
0.107173
0.107264
0.107355
0.107446
0.107537
0.107628
0.10772
0.107813
0.107907
0.108001
0.108094
0.108185
0.108272
0.108357
0.108443
0.108535
0.108629
0.108702
0.108636
0.185497
0.175398
0.167393
0.160872
0.155455
0.150883
0.146973
0.143592
0.140647
0.138062
0.13578
0.133752
0.131939
0.130311
0.128841
0.127509
0.126297
0.125191
0.124176
0.123242
0.122381
0.121583
0.120842
0.120151
0.119504
0.118898
0.118326
0.117786
0.117274
0.116786
0.116319
0.11587
0.115436
0.115013
0.114599
0.114192
0.113788
0.113386
0.112984
0.11258
0.112175
0.111767
0.111357
0.110946
0.110535
0.110126
0.109722
0.109326
0.108941
0.108571
0.10822
0.107892
0.107591
0.107321
0.107086
0.106886
0.106723
0.106596
0.106504
0.106444
0.106413
0.106408
0.106425
0.106461
0.106512
0.106576
0.106649
0.106729
0.106814
0.106902
0.106992
0.107083
0.107175
0.107266
0.107356
0.107447
0.107537
0.107629
0.107721
0.107815
0.107911
0.108007
0.108103
0.108197
0.108289
0.108379
0.10847
0.108561
0.10863
0.108552
0.185458
0.17536
0.167355
0.160832
0.155408
0.150827
0.146911
0.14353
0.140585
0.138003
0.135722
0.133695
0.131883
0.130256
0.128787
0.127456
0.126244
0.125137
0.124123
0.123189
0.122328
0.121529
0.120787
0.120095
0.119448
0.11884
0.118267
0.117726
0.117212
0.116722
0.116253
0.115802
0.115366
0.114941
0.114525
0.114114
0.113708
0.113303
0.112899
0.112493
0.112086
0.111676
0.111264
0.11085
0.110438
0.110028
0.109622
0.109224
0.108838
0.108466
0.108114
0.107785
0.107483
0.107212
0.106974
0.106773
0.106609
0.106481
0.106388
0.106328
0.106297
0.106293
0.10631
0.106347
0.106399
0.106464
0.106538
0.106619
0.106705
0.106795
0.106886
0.106978
0.10707
0.107162
0.107254
0.107345
0.107437
0.107528
0.107621
0.107715
0.107811
0.10791
0.108009
0.108109
0.108206
0.108301
0.108394
0.108481
0.108545
0.108456
0.185431
0.175333
0.167327
0.160801
0.155372
0.150787
0.14687
0.143489
0.140547
0.137966
0.135686
0.13366
0.131849
0.130222
0.128754
0.127423
0.126212
0.125106
0.124091
0.123158
0.122296
0.121497
0.120754
0.120062
0.119413
0.118804
0.11823
0.117688
0.117172
0.116681
0.11621
0.115756
0.115317
0.114889
0.11447
0.114057
0.113648
0.11324
0.112832
0.112423
0.112012
0.111599
0.111184
0.110767
0.110351
0.109938
0.109529
0.109127
0.108737
0.108362
0.108005
0.107672
0.107365
0.107088
0.106844
0.106636
0.106464
0.106331
0.106233
0.10617
0.106137
0.106132
0.10615
0.106187
0.106241
0.106308
0.106385
0.106469
0.106557
0.10665
0.106744
0.106839
0.106934
0.107028
0.107122
0.107216
0.107309
0.107403
0.107497
0.107593
0.10769
0.10779
0.107892
0.107995
0.108097
0.108196
0.108292
0.108379
0.108439
0.108337
0.185414
0.175315
0.167308
0.160779
0.155348
0.150763
0.146847
0.143467
0.140525
0.137945
0.135665
0.133639
0.131829
0.130202
0.128735
0.127404
0.126194
0.125087
0.124073
0.123139
0.122277
0.121478
0.120735
0.120042
0.119393
0.118783
0.118208
0.117664
0.117147
0.116654
0.116181
0.115726
0.115284
0.114853
0.114431
0.114015
0.113603
0.113192
0.11278
0.112368
0.111953
0.111536
0.111116
0.110695
0.110274
0.109854
0.10944
0.109032
0.108635
0.108252
0.107888
0.107546
0.107229
0.106941
0.106685
0.106463
0.106277
0.106127
0.106013
0.105935
0.105891
0.105877
0.10589
0.105926
0.10598
0.106048
0.106128
0.106217
0.10631
0.106408
0.106507
0.106608
0.106708
0.106808
0.106907
0.107005
0.107103
0.107201
0.107299
0.107398
0.107498
0.1076
0.107705
0.107811
0.107917
0.108022
0.108122
0.10821
0.108269
0.108153
0.185406
0.175307
0.167298
0.160768
0.155337
0.150753
0.146837
0.143458
0.140517
0.137936
0.135657
0.133632
0.131822
0.130196
0.128728
0.127399
0.126188
0.125083
0.124068
0.123135
0.122273
0.121474
0.120731
0.120038
0.119389
0.118779
0.118204
0.117659
0.117142
0.116648
0.116174
0.115717
0.115274
0.114842
0.114418
0.114
0.113585
0.113172
0.112758
0.112342
0.111924
0.111503
0.11108
0.110654
0.110228
0.109803
0.109381
0.108966
0.108561
0.10817
0.107795
0.107441
0.107112
0.10681
0.106539
0.106301
0.106097
0.105928
0.105794
0.105695
0.105628
0.105592
0.105584
0.1056
0.105638
0.105694
0.105764
0.105845
0.105934
0.106029
0.106127
0.106228
0.106329
0.10643
0.106531
0.10663
0.10673
0.106828
0.106927
0.107026
0.107127
0.107229
0.107334
0.10744
0.107549
0.107656
0.107761
0.107854
0.107918
0.107789
0.185403
0.175303
0.167293
0.160763
0.155331
0.150747
0.146831
0.143452
0.14051
0.137929
0.13565
0.133624
0.131814
0.130188
0.128721
0.127391
0.126181
0.125075
0.124061
0.123128
0.122266
0.121467
0.120724
0.120031
0.119382
0.118773
0.118198
0.117654
0.117136
0.116643
0.116169
0.115712
0.115269
0.114837
0.114413
0.113995
0.11358
0.113167
0.112753
0.112337
0.111918
0.111495
0.111069
0.110641
0.110211
0.109781
0.109355
0.108933
0.10852
0.108119
0.107734
0.107368
0.107025
0.106709
0.106421
0.106164
0.105941
0.105751
0.105596
0.105474
0.105384
0.105324
0.105292
0.105285
0.1053
0.105333
0.105381
0.105442
0.105512
0.105588
0.105669
0.105752
0.105837
0.105922
0.106006
0.10609
0.106173
0.106255
0.106337
0.106419
0.106502
0.106587
0.106673
0.106761
0.10685
0.106939
0.107025
0.107098
0.107141
0.106974
0.1854
0.175298
0.167286
0.160754
0.155321
0.150734
0.146817
0.143436
0.140492
0.13791
0.135629
0.133602
0.131791
0.130164
0.128695
0.127364
0.126153
0.125046
0.124031
0.123097
0.122234
0.121434
0.12069
0.119996
0.119347
0.118737
0.118161
0.117617
0.117099
0.116605
0.116132
0.115675
0.115233
0.114802
0.11438
0.113963
0.11355
0.113139
0.112727
0.112313
0.111897
0.111476
0.111052
0.110625
0.110196
0.109767
0.109339
0.108916
0.108501
0.108096
0.107707
0.107335
0.106986
0.106662
0.106366
0.106102
0.10587
0.105672
0.105508
0.105379
0.105282
0.105216
0.105179
0.105168
0.10518
0.105212
0.10526
0.10532
0.105391
0.105469
0.105552
0.105638
0.105726
0.105813
0.1059
0.105986
0.106071
0.106154
0.106237
0.10632
0.106403
0.106486
0.106571
0.106658
0.106745
0.106832
0.106915
0.106984
0.107025
0.10686
)
;
        value           nonuniform List<scalar> 
990
(
322.515
322.959
323.365
323.667
323.856
323.953
324.012
324.085
324.189
324.317
324.453
324.581
324.699
324.804
324.9
324.988
325.069
325.144
325.213
325.276
325.334
325.387
325.437
325.484
325.53
325.574
325.618
325.661
325.706
325.75
325.795
325.836
325.868
325.903
325.936
325.968
325.998
326.029
326.06
326.092
326.124
326.155
326.187
326.218
326.251
326.284
326.315
326.344
326.372
326.398
326.422
326.444
326.465
326.485
326.503
326.52
326.535
326.549
326.569
326.58
326.587
326.592
326.595
326.596
326.595
326.593
326.59
326.588
326.585
326.581
326.578
326.574
326.571
326.567
326.562
326.556
326.55
326.544
326.545
326.563
326.613
326.709
326.851
327.025
327.2
327.345
327.439
327.492
327.554
327.794
322.656
323.106
323.52
323.832
324.036
324.161
324.257
324.366
324.499
324.645
324.788
324.92
325.039
325.146
325.244
325.334
325.417
325.493
325.564
325.628
325.688
325.743
325.795
325.844
325.892
325.939
325.985
326.03
326.076
326.122
326.167
326.209
326.247
326.282
326.316
326.35
326.383
326.416
326.448
326.481
326.513
326.546
326.578
326.61
326.642
326.674
326.705
326.735
326.765
326.792
326.818
326.842
326.864
326.885
326.903
326.919
326.933
326.946
326.956
326.964
326.97
326.974
326.978
326.979
326.978
326.976
326.974
326.971
326.968
326.965
326.962
326.958
326.955
326.951
326.947
326.942
326.936
326.929
326.925
326.932
326.964
327.033
327.143
327.285
327.436
327.565
327.651
327.699
327.758
328.001
322.8
323.256
323.676
323.995
324.219
324.377
324.516
324.664
324.823
324.982
325.131
325.265
325.385
325.494
325.594
325.686
325.77
325.849
325.921
325.987
326.048
326.106
326.16
326.212
326.262
326.311
326.358
326.406
326.453
326.5
326.544
326.586
326.624
326.66
326.696
326.73
326.765
326.8
326.833
326.867
326.9
326.934
326.967
326.999
327.031
327.063
327.094
327.125
327.155
327.185
327.213
327.238
327.262
327.283
327.302
327.318
327.331
327.343
327.351
327.358
327.364
327.367
327.371
327.372
327.371
327.368
327.366
327.363
327.361
327.358
327.355
327.351
327.348
327.344
327.341
327.337
327.331
327.325
327.318
327.318
327.333
327.374
327.449
327.555
327.677
327.788
327.866
327.91
327.968
328.217
322.938
323.399
323.822
324.151
324.398
324.594
324.775
324.956
325.135
325.302
325.453
325.589
325.71
325.821
325.923
326.017
326.104
326.184
326.257
326.325
326.389
326.448
326.505
326.559
326.611
326.662
326.712
326.76
326.808
326.855
326.899
326.941
326.979
327.016
327.053
327.088
327.125
327.161
327.195
327.23
327.264
327.298
327.332
327.366
327.398
327.429
327.461
327.493
327.524
327.555
327.584
327.611
327.635
327.657
327.677
327.693
327.707
327.718
327.727
327.733
327.737
327.74
327.743
327.744
327.743
327.741
327.738
327.736
327.733
327.73
327.727
327.723
327.72
327.717
327.714
327.71
327.706
327.7
327.693
327.688
327.69
327.708
327.75
327.818
327.906
327.996
328.066
328.109
328.168
328.422
323.06
323.524
323.95
324.289
324.562
324.795
325.01
325.214
325.403
325.574
325.725
325.861
325.984
326.097
326.201
326.297
326.385
326.467
326.542
326.612
326.677
326.739
326.798
326.854
326.908
326.961
327.012
327.062
327.11
327.157
327.2
327.242
327.281
327.319
327.357
327.394
327.431
327.468
327.504
327.539
327.575
327.61
327.644
327.679
327.711
327.744
327.776
327.809
327.841
327.872
327.902
327.93
327.956
327.979
327.999
328.016
328.03
328.041
328.05
328.056
328.06
328.063
328.065
328.065
328.064
328.062
328.06
328.057
328.054
328.051
328.048
328.045
328.042
328.038
328.035
328.032
328.028
328.024
328.018
328.012
328.007
328.008
328.023
328.057
328.113
328.179
328.238
328.28
328.34
328.601
323.155
323.622
324.052
324.403
324.699
324.96
325.196
325.411
325.603
325.773
325.925
326.062
326.187
326.301
326.407
326.504
326.594
326.677
326.754
326.826
326.893
326.957
327.017
327.075
327.131
327.185
327.237
327.287
327.336
327.383
327.427
327.468
327.509
327.548
327.587
327.625
327.663
327.701
327.738
327.774
327.811
327.847
327.882
327.918
327.951
327.985
328.018
328.051
328.084
328.116
328.147
328.176
328.203
328.227
328.248
328.266
328.281
328.294
328.303
328.309
328.314
328.316
328.318
328.318
328.317
328.315
328.312
328.31
328.307
328.304
328.301
328.297
328.294
328.291
328.287
328.284
328.281
328.277
328.273
328.267
328.261
328.255
328.253
328.264
328.291
328.332
328.376
328.414
328.477
328.743
323.22
323.691
324.126
324.488
324.801
325.076
325.32
325.537
325.728
325.898
326.051
326.19
326.316
326.432
326.539
326.638
326.729
326.813
326.891
326.964
327.033
327.099
327.161
327.22
327.277
327.332
327.385
327.436
327.485
327.531
327.576
327.619
327.66
327.701
327.741
327.78
327.819
327.858
327.896
327.933
327.971
328.008
328.045
328.081
328.116
328.151
328.185
328.219
328.253
328.286
328.318
328.348
328.376
328.401
328.424
328.444
328.461
328.475
328.485
328.493
328.498
328.501
328.503
328.503
328.502
328.5
328.498
328.495
328.492
328.489
328.486
328.483
328.48
328.476
328.472
328.469
328.466
328.462
328.459
328.454
328.449
328.442
328.435
328.433
328.441
328.461
328.487
328.517
328.58
328.854
323.258
323.733
324.174
324.544
324.863
325.143
325.388
325.604
325.795
325.966
326.121
326.261
326.389
326.506
326.614
326.713
326.805
326.891
326.97
327.045
327.115
327.182
327.245
327.306
327.363
327.419
327.472
327.523
327.573
327.619
327.664
327.708
327.751
327.792
327.833
327.874
327.914
327.953
327.992
328.031
328.07
328.108
328.146
328.184
328.221
328.257
328.293
328.328
328.363
328.397
328.43
328.461
328.49
328.517
328.541
328.564
328.583
328.6
328.613
328.624
328.632
328.637
328.64
328.642
328.642
328.641
328.639
328.637
328.634
328.632
328.629
328.625
328.622
328.619
328.615
328.611
328.608
328.605
328.601
328.598
328.594
328.589
328.583
328.577
328.576
328.582
328.593
328.612
328.673
328.956
323.275
323.754
324.2
324.573
324.895
325.175
325.42
325.636
325.828
326.001
326.157
326.298
326.427
326.545
326.654
326.754
326.847
326.933
327.014
327.09
327.161
327.229
327.293
327.354
327.412
327.468
327.522
327.574
327.623
327.67
327.716
327.761
327.804
327.847
327.889
327.93
327.971
328.011
328.051
328.091
328.13
328.17
328.209
328.248
328.286
328.324
328.361
328.398
328.434
328.469
328.503
328.536
328.566
328.595
328.621
328.645
328.666
328.685
328.701
328.715
328.726
328.735
328.741
328.746
328.749
328.751
328.752
328.752
328.751
328.75
328.749
328.747
328.745
328.743
328.74
328.738
328.735
328.733
328.731
328.729
328.726
328.724
328.721
328.718
328.715
328.715
328.718
328.73
328.79
329.083
323.284
323.765
324.214
324.59
324.914
325.195
325.441
325.659
325.854
326.028
326.185
326.328
326.458
326.578
326.688
326.79
326.884
326.972
327.054
327.132
327.205
327.274
327.339
327.402
327.461
327.518
327.573
327.625
327.675
327.724
327.771
327.817
327.862
327.906
327.949
327.992
328.033
328.075
328.116
328.157
328.198
328.239
328.279
328.319
328.359
328.398
328.437
328.476
328.514
328.551
328.586
328.621
328.654
328.684
328.713
328.739
328.763
328.784
328.803
328.819
328.833
328.844
328.854
328.862
328.868
328.873
328.876
328.879
328.881
328.883
328.884
328.885
328.885
328.886
328.886
328.886
328.886
328.886
328.886
328.886
328.886
328.885
328.885
328.885
328.885
328.886
328.889
328.901
328.961
329.262
323.297
323.787
324.245
324.63
324.962
325.252
325.506
325.732
325.933
326.114
326.278
326.427
326.564
326.689
326.805
326.913
327.013
327.106
327.194
327.277
327.355
327.429
327.499
327.566
327.63
327.691
327.75
327.807
327.862
327.915
327.966
328.016
328.066
328.114
328.161
328.208
328.254
328.299
328.345
328.39
328.435
328.479
328.524
328.568
328.612
328.655
328.698
328.739
328.781
328.821
328.86
328.898
328.934
328.968
329
329.03
329.056
329.08
329.102
329.121
329.137
329.151
329.163
329.173
329.182
329.188
329.194
329.199
329.203
329.206
329.209
329.211
329.213
329.215
329.217
329.218
329.22
329.221
329.223
329.224
329.226
329.227
329.228
329.228
329.23
329.231
329.235
329.246
329.299
329.56
)
;
        Tnbr            T;
        qrNbr           qr;
        qr              none;
        thermalInertia  false;
        thicknessLayers List<scalar> 0();
        kappaLayers     List<scalar> 0();
        kappaMethod     solidThermo;
        kappa           none;
        alphaAni        none;
        alpha           none;
    }
    asphalt_to_concrete
    {
        type            compressible::turbulentTemperatureRadCoupledMixed;
        refValue        nonuniform List<scalar> 
52
(
322.627
322.643
322.669
322.696
322.718
322.741
322.766
322.792
322.817
322.841
322.865
322.889
322.918
322.944
322.968
322.989
323.008
323.023
323.037
323.049
323.06
323.071
323.082
323.091
323.103
323.127
324.58
324.606
324.636
324.667
324.692
324.718
324.748
324.777
324.806
324.835
324.864
324.893
324.927
324.959
324.989
325.016
325.04
325.062
325.082
325.101
325.12
325.138
325.156
325.172
325.187
325.211
)
;
        refGradient     uniform 0;
        valueFraction   nonuniform List<scalar> 
52
(
0.470588
0.470588
0.470588
0.470588
0.470588
0.470588
0.470588
0.470588
0.470588
0.470588
0.470588
0.470588
0.470588
0.470588
0.470588
0.470588
0.470588
0.470588
0.470588
0.470588
0.470588
0.470588
0.470588
0.470588
0.470588
0.470588
0.470588
0.470588
0.470588
0.470588
0.470588
0.470588
0.470588
0.470588
0.470588
0.470588
0.470588
0.470588
0.470588
0.470588
0.470588
0.470588
0.470588
0.470588
0.470588
0.470588
0.470588
0.470588
0.470588
0.470588
0.470588
0.470588
)
;
        value           nonuniform List<scalar> 
52
(
322.886
322.908
322.936
322.963
322.986
323.011
323.037
323.062
323.088
323.113
323.137
323.161
323.189
323.215
323.238
323.26
323.279
323.296
323.31
323.322
323.334
323.345
323.355
323.364
323.374
323.391
324.766
324.795
324.826
324.857
324.883
324.911
324.941
324.971
325
325.03
325.059
325.088
325.12
325.152
325.181
325.208
325.234
325.257
325.277
325.297
325.315
325.333
325.35
325.365
325.379
325.397
)
;
        Tnbr            T;
        qrNbr           none;
        qr              none;
        thermalInertia  false;
        thicknessLayers List<scalar> 0();
        kappaLayers     List<scalar> 0();
        kappaMethod     solidThermo;
        kappa           none;
        alphaAni        none;
        alpha           none;
    }
    asphalt_to_soil2
    {
        type            compressible::turbulentTemperatureRadCoupledMixed;
        refValue        nonuniform List<scalar> 
128
(
320.379
320.722
321.03
321.233
321.334
321.363
321.372
321.403
321.472
321.569
321.677
321.783
321.881
321.97
322.05
322.123
322.191
322.253
322.31
322.362
322.41
322.454
322.494
322.533
322.57
322.606
322.641
322.676
322.712
322.749
322.784
322.805
323.36
323.383
323.39
323.392
323.391
323.391
323.389
323.387
323.385
323.383
323.382
323.38
323.378
323.375
323.372
323.369
323.364
323.359
323.354
323.352
323.357
323.381
323.436
323.536
323.685
323.874
324.079
324.27
324.418
324.519
324.609
324.817
321.717
322.121
322.488
322.752
322.903
322.964
322.987
323.025
323.099
323.205
323.325
323.444
323.553
323.652
323.741
323.823
323.899
323.969
324.033
324.091
324.145
324.194
324.24
324.283
324.324
324.365
324.404
324.444
324.484
324.524
324.565
324.595
325.265
325.285
325.293
325.298
325.298
325.299
325.298
325.296
325.293
325.291
325.288
325.286
325.282
325.279
325.275
325.271
325.267
325.261
325.255
325.252
325.258
325.286
325.35
325.463
325.626
325.822
326.02
326.187
326.304
326.377
326.451
326.679
)
;
        refGradient     uniform 0;
        valueFraction   nonuniform List<scalar> 
128
(
0.5
0.5
0.5
0.5
0.5
0.5
0.5
0.5
0.5
0.5
0.5
0.5
0.5
0.5
0.5
0.5
0.5
0.5
0.5
0.5
0.5
0.5
0.5
0.5
0.5
0.5
0.5
0.5
0.5
0.5
0.5
0.5
0.5
0.5
0.5
0.5
0.5
0.5
0.5
0.5
0.5
0.5
0.5
0.5
0.5
0.5
0.5
0.5
0.5
0.5
0.5
0.5
0.5
0.5
0.5
0.5
0.5
0.5
0.5
0.5
0.5
0.5
0.5
0.5
0.5
0.5
0.5
0.5
0.5
0.5
0.5
0.5
0.5
0.5
0.5
0.5
0.5
0.5
0.5
0.5
0.5
0.5
0.5
0.5
0.5
0.5
0.5
0.5
0.5
0.5
0.5
0.5
0.5
0.5
0.5
0.5
0.5
0.5
0.5
0.5
0.5
0.5
0.5
0.5
0.5
0.5
0.5
0.5
0.5
0.5
0.5
0.5
0.5
0.5
0.5
0.5
0.5
0.5
0.5
0.5
0.5
0.5
0.5
0.5
0.5
0.5
0.5
0.5
)
;
        value           nonuniform List<scalar> 
128
(
320.432
320.778
321.089
321.296
321.402
321.44
321.461
321.506
321.586
321.689
321.801
321.909
322.008
322.097
322.178
322.252
322.32
322.383
322.44
322.493
322.541
322.586
322.627
322.666
322.704
322.741
322.777
322.813
322.85
322.888
322.924
322.951
323.504
323.519
323.525
323.527
323.527
323.526
323.524
323.522
323.52
323.518
323.517
323.515
323.513
323.511
323.508
323.504
323.5
323.495
323.49
323.487
323.49
323.509
323.557
323.647
323.784
323.962
324.159
324.344
324.489
324.587
324.675
324.882
321.775
322.183
322.554
322.82
322.974
323.042
323.077
323.13
323.217
323.332
323.456
323.576
323.687
323.787
323.877
323.96
324.036
324.107
324.171
324.231
324.285
324.335
324.382
324.426
324.468
324.509
324.55
324.59
324.631
324.673
324.714
324.749
325.424
325.439
325.446
325.45
325.452
325.452
325.451
325.449
325.446
325.444
325.441
325.439
325.435
325.432
325.429
325.425
325.42
325.415
325.409
325.405
325.408
325.431
325.487
325.589
325.738
325.922
326.111
326.274
326.39
326.461
326.534
326.76
)
;
        Tnbr            T;
        qrNbr           none;
        qr              none;
        thermalInertia  false;
        thicknessLayers List<scalar> 0();
        kappaLayers     List<scalar> 0();
        kappaMethod     solidThermo;
        kappa           none;
        alphaAni        none;
        alpha           none;
    }
}


// ************************************************************************* //
